Elt 1
 0.0000000000e+00 0.0000000000e+00 0.0000000000e+00 
 0.0000000000e+00 0.0000000000e+00 0.0000000000e+00 
 0.0000000000e+00 0.0000000000e+00 0.0000000000e+00
 
Elt 2
 0.0000000000e+00 0.0000000000e+00 0.0000000000e+00 
 0.0000000000e+00 0.0000000000e+00 0.0000000000e+00 
 0.0000000000e+00 0.0000000000e+00 0.0000000000e+00
 
Elt 3
 0.0000000000e+00 0.0000000000e+00 0.0000000000e+00 
 0.0000000000e+00 0.0000000000e+00 0.0000000000e+00 
 0.0000000000e+00 0.0000000000e+00 -1.1102230246e-16
 
Elt 4
 -5.3810474506e-17 9.5663065789e-18 5.4654198266e-17 
 9.5663065789e-18 -1.7006767251e-18 -9.7163019140e-18 
 5.4654198266e-17 -9.7163019140e-18 -5.5511151231e-17
 
Elt 1
 0.0000000000e+00 0.0000000000e+00 0.0000000000e+00 
 0.0000000000e+00 0.0000000000e+00 0.0000000000e+00 
 0.0000000000e+00 0.0000000000e+00 0.0000000000e+00
 
Elt 2
 0.0000000000e+00 0.0000000000e+00 0.0000000000e+00 
 0.0000000000e+00 0.0000000000e+00 0.0000000000e+00 
 0.0000000000e+00 0.0000000000e+00 0.0000000000e+00
 
Elt 3
 -8.7616681017e-19 -1.0259159865e-17 1.1477220317e-17 
 -1.0259159865e-17 -5.4780475174e-16 -4.8409263945e-17 
 1.1477220317e-17 -4.8409263945e-17 -2.2847519869e-16
 
Elt 4
 -2.1145310101e-16 6.9130412169e-17 1.4469486030e-16 
 6.9130412169e-17 -2.2600821950e-17 -4.7305124795e-17 
 1.4469486030e-16 -4.7305124795e-17 -9.9012984430e-17
 
Elt 1
 0.0000000000e+00 0.0000000000e+00 0.0000000000e+00 
 0.0000000000e+00 2.1784127768e-04 0.0000000000e+00 
 0.0000000000e+00 0.0000000000e+00 0.0000000000e+00
 
Elt 2
 0.0000000000e+00 0.0000000000e+00 0.0000000000e+00 
 0.0000000000e+00 0.0000000000e+00 0.0000000000e+00 
 0.0000000000e+00 0.0000000000e+00 0.0000000000e+00
 
Elt 3
 -1.1179615753e-16 -6.8968999345e-17 9.2366833544e-18 
 -6.8968999345e-17 1.0892657069e-04 -1.3941177175e-16 
 9.2366833544e-18 -1.3941177175e-16 -2.2127074986e-16
 
Elt 4
 -1.5175351753e-16 -4.1141670054e-17 1.0328078119e-16 
 -4.1141670054e-17 1.0892657069e-04 -1.2488497425e-16 
 1.0328078119e-16 -1.2488497425e-16 -7.0291087398e-17
 
Elt 1
 -4.7116588277e-06 -1.5705574195e-06 2.4660275051e-12 
 -1.5705574195e-06 4.1034011483e-04 -1.5705574194e-06 
 2.4660275055e-12 -1.5705574194e-06 -4.7116588278e-06
 
Elt 2
 -1.5705488313e-06 -1.5705525310e-06 2.4666360762e-12 
 -1.5705525310e-06 2.5305367724e-05 -1.5705525310e-06 
 2.4666360762e-12 -1.5705525310e-06 -1.5705488314e-06
 
Elt 3
 -3.1411044461e-06 -7.8527749261e-07 1.2332105873e-12 
 -7.8527749261e-07 2.1784127460e-04 -1.5705549852e-06 
 1.2332105871e-12 -1.5705549852e-06 -3.1411025964e-06
 
Elt 4
 -3.1410995139e-06 -2.3558324776e-06 3.6994539466e-12 
 -2.3558324776e-06 2.1784126967e-04 -1.5705549852e-06 
 3.6994539468e-12 -1.5705549852e-06 -3.1411025961e-06
 
Elt 1
 -1.6933839037e-05 -5.3680525409e-06 2.9330606144e-11 
 -5.3680525409e-06 5.6145826955e-04 -5.3680525410e-06 
 2.9330606144e-11 -5.3680525410e-06 -1.6933839037e-05
 
Elt 2
 -6.1518915144e-06 -5.3679968444e-06 2.9339464874e-11 
 -5.3679968444e-06 9.1974758616e-05 -5.3679968444e-06 
 2.9339464874e-11 -5.3679968444e-06 -6.1518915145e-06
 
Elt 3
 -1.1542866327e-05 -2.6954868269e-06 1.4552076205e-11 
 -2.6954868269e-06 3.2674408723e-04 -5.3909736538e-06 
 1.4552076204e-11 -5.3909736538e-06 -1.1542844552e-05
 
Elt 4
 -1.1542808216e-05 -8.0864604804e-06 4.3624319290e-11 
 -8.0864604804e-06 3.2674402911e-04 -5.3909736536e-06 
 4.3624319291e-11 -5.3909736536e-06 -1.1542844520e-05
 
Elt 1
 -3.8341380755e-05 -1.1308528489e-05 5.7589323263e-10 
 -1.1308528489e-05 6.6445659514e-04 -1.1308528489e-05 
 5.7589323263e-10 -1.1308528489e-05 -3.8341380755e-05
 
Elt 2
 -1.5479745134e-05 -1.1308292667e-05 -3.0710814402e-10 
 -1.1308292667e-05 2.0675937561e-04 -1.1308292667e-05 
 -3.0710814403e-10 -1.1308292667e-05 -1.5479745134e-05
 
Elt 3
 -2.6910558023e-05 -5.7154086909e-06 6.6048936417e-11 
 -5.7154086909e-06 4.3563426355e-04 -1.1431038142e-05 
 6.6048936415e-11 -1.1431038142e-05 -2.6910460542e-05
 
Elt 4
 -2.6910296777e-05 -1.7146226070e-05 1.9715797929e-10 
 -1.7146226070e-05 4.3563400232e-04 -1.1430596620e-05 
 1.9715797929e-10 -1.1430596620e-05 -2.6910459570e-05
 
Elt 1
 -6.9334963164e-05 -1.8542658379e-05 3.5952349213e-09 
 -1.8542658379e-05 7.2294369556e-04 -1.8542658379e-05 
 3.5952349213e-09 -1.8542658379e-05 -6.9334963164e-05
 
Elt 2
 -3.1496495199e-05 -1.8542075535e-05 -2.8391788896e-09 
 -1.8542075535e-05 3.6604534219e-04 -1.8542075535e-05 
 -2.8391788896e-09 -1.8542075535e-05 -3.1496495199e-05
 
Elt 3
 -5.0415699702e-05 -9.4596164084e-06 1.8346271790e-10 
 -9.4596164084e-06 5.4451068042e-04 -1.8920841440e-05 
 1.8346271790e-10 -1.8920841440e-05 -5.0415434328e-05
 
Elt 4
 -5.0414984112e-05 -2.8378849212e-05 5.4423065072e-10 
 -2.8378849212e-05 5.4450996495e-04 -1.8917624185e-05 
 5.4423065072e-10 -1.8917624185e-05 -5.0415428384e-05
 
Elt 1
 -1.0911564063e-04 -2.5626604917e-05 1.3861857083e-08 
 -2.5626604917e-05 7.4966731084e-04 -2.5626604917e-05 
 1.3861857083e-08 -2.5626604917e-05 -1.0911564063e-04
 
Elt 2
 -5.6121613426e-05 -2.5625672745e-05 -1.2322978003e-08 
 -2.5625672745e-05 5.5706677158e-04 -2.5625672745e-05 
 -1.2322978003e-08 -2.5625672745e-05 -5.6121613426e-05
 
Elt 3
 -8.2618528954e-05 -1.3248505570e-05 3.6838333435e-10 
 -1.3248505570e-05 6.5337211027e-04 -2.6503557368e-05 
 3.6838333434e-10 -2.6503557368e-05 -8.2618013913e-05
 
Elt 4
 -8.2617125460e-05 -3.9745516674e-05 1.0813993071e-09 
 -3.9745516674e-05 6.5337070747e-04 -2.6490464888e-05 
 1.0813993071e-09 -2.6490464888e-05 -8.2617991375e-05
 
Elt 1
 -1.5595116680e-04 -3.0847397725e-05 4.0351212226e-08 
 -3.0847397725e-05 7.6339957796e-04 -3.0847397726e-05 
 4.0351212226e-08 -3.0847397726e-05 -1.5595116680e-04
 
Elt 2
 -9.0922554285e-05 -3.0847154723e-05 -3.7882777553e-08 
 -3.0847154723e-05 7.6103425720e-04 -3.0847154723e-05 
 -3.7882777553e-08 -3.0847154723e-05 -9.0922554285e-05
 
Elt 3
 -1.2343629398e-04 -1.6257150959e-05 5.9428537134e-10 
 -1.6257150959e-05 7.6221748718e-04 -3.2533860422e-05 
 5.9428537134e-10 -3.2533860422e-05 -1.2343554409e-04
 
Elt 4
 -1.2343418087e-04 -4.8771452810e-05 1.6933634348e-09 
 -4.8771452810e-05 7.6221537661e-04 -3.2494743369e-05 
 1.6933634348e-09 -3.2494743369e-05 -1.2343545904e-04
 
Elt 1
 -2.0756873918e-04 -3.2629009443e-05 9.7016590523e-08 
 -3.2629009443e-05 7.8465621914e-04 -3.2629009443e-05 
 9.7016590523e-08 -3.2629009443e-05 -2.0756873918e-04
 
Elt 2
 -1.3675637202e-04 -3.2631391593e-05 -9.3765733369e-08 
 -3.2631391593e-05 9.5742738075e-04 -3.2631391593e-05 
 -9.3765733369e-08 -3.2631391593e-05 -1.3675637202e-04
 
Elt 3
 -1.7216085527e-04 -1.7703088499e-05 8.1188714882e-10 
 -1.7703088499e-05 8.7104605905e-04 -3.5453872591e-05 
 8.1188714882e-10 -3.5453872591e-05 -1.7216003547e-04
 
Elt 4
 -1.7215834982e-04 -5.3109265417e-05 2.1843584974e-09 
 -5.3109265417e-05 8.7104356035e-04 -3.5358481352e-05 
 2.1843584974e-09 -3.5358481352e-05 -1.7215979598e-04
 
Elt 1
 -2.6158381298e-04 -2.9923457567e-05 2.0233335990e-07 
 -2.9923457567e-05 8.3122531543e-04 -2.9923457567e-05 
 2.0233335990e-07 -2.9923457567e-05 -2.6158381298e-04
 
Elt 2
 -1.9346467518e-04 -2.9929995134e-05 -1.9879862768e-07 
 -2.9929995134e-05 1.1284668507e-03 -2.9929995134e-05 
 -1.9879862768e-07 -2.9929995134e-05 -1.9346467518e-04
 
Elt 3
 -2.2752098887e-04 -1.7029780161e-05 9.6020235397e-10 
 -1.7029780161e-05 9.7985739283e-04 -3.4159843365e-05 
 9.6020235397e-10 -3.4159843365e-05 -2.2752036531e-04
 
Elt 4
 -2.2751867062e-04 -5.1089340422e-05 2.3651211305e-09 
 -5.1089340422e-05 9.7985508825e-04 -3.3959277240e-05 
 2.3651211305e-09 -3.3959277240e-05 -2.2751987372e-04
 
Elt 1
 -3.1587502044e-04 -2.2495645157e-05 3.7716939730e-07 
 -2.2495645157e-05 9.1448527185e-04 -2.2495645157e-05 
 3.7716939730e-07 -2.2495645157e-05 -3.1587502044e-04
 
Elt 2
 -2.5969830314e-04 -2.2506070662e-05 -3.7417102995e-07 
 -2.2506070662e-05 1.2627872019e-03 -2.2506070662e-05 
 -3.7417102995e-07 -2.2506070662e-05 -2.5969830314e-04
 
Elt 3
 -2.8778212174e-04 -1.4044174694e-05 9.6350630042e-10 
 -1.4044174694e-05 1.0886512920e-03 -2.8276184559e-05 
 9.6350630042e-10 -2.8276184559e-05 -2.8778189783e-04
 
Elt 4
 -2.8778054528e-04 -4.2132524059e-05 2.1190326334e-09 
 -4.2132524059e-05 1.0886497367e-03 -2.7900514204e-05 
 2.1190326334e-09 -2.7900514204e-05 -2.8778116324e-04
 
Elt 1
 -3.6883718051e-04 -1.1036747399e-05 6.4088237280e-07 
 -1.1036747399e-05 1.0372741057e-03 -1.1036747399e-05 
 6.4088237280e-07 -1.1036747399e-05 -3.6883718051e-04
 
Elt 2
 -3.3292464824e-04 -1.1048235022e-05 -6.3955834241e-07 
 -1.1048235022e-05 1.3575564261e-03 -1.1048235021e-05 
 -6.3955834241e-07 -1.1048235021e-05 -3.3292464824e-04
 
Elt 3
 -3.5087624685e-04 -8.9781293254e-06 6.9998263836e-10 
 -8.9781293254e-06 1.1974277267e-03 -1.8276368817e-05 
 6.9998263836e-10 -1.8276368817e-05 -3.5087635107e-04
 
Elt 4
 -3.5087560266e-04 -2.6934387979e-05 1.3679695867e-09 
 -2.6934387979e-05 1.1974271055e-03 -1.7636148488e-05 
 1.3679695867e-09 -1.7636148488e-05 -3.5087565928e-04
 
Elt 1
 -4.1947929280e-04 2.9204874134e-06 1.0062844433e-06 
 2.9204874134e-06 1.1937050922e-03 2.9204874134e-06 
 1.0062844433e-06 2.9204874134e-06 -4.1947929280e-04
 
Elt 2
 -4.0963555288e-04 2.9120121335e-06 -1.0079506570e-06 
 2.9120121335e-06 1.4186564547e-03 2.9120121335e-06 
 -1.0079506570e-06 2.9120121335e-06 -4.0963555288e-04
 
Elt 3
 -4.1455406898e-04 -2.4609337123e-06 1.2436460100e-11 
 -2.4609337123e-06 1.3061868346e-03 -5.4254259968e-06 
 1.2436460073e-11 -5.4254259968e-06 -4.1455404503e-04
 
Elt 4
 -4.1455402058e-04 -7.3828011365e-06 3.1082634903e-11 
 -7.3828011365e-06 1.3061867961e-03 -4.4183088523e-06 
 3.1082634876e-11 -4.4183088523e-06 -4.1455405613e-04
 
Elt 1
 -4.6736816819e-04 1.7269076135e-05 1.4736899945e-06 
 1.7269076135e-05 1.3708893376e-03 1.7269076135e-05 
 1.4736899945e-06 1.7269076135e-05 -4.6736816819e-04
 
Elt 2
 -4.8573413326e-04 1.7266554891e-05 -1.4795136839e-06 
 1.7266554891e-05 1.4589661695e-03 1.7266554891e-05 
 -1.4795136839e-06 1.7266554891e-05 -4.8573413326e-04
 
Elt 3
 -4.7654995465e-04 4.5914885308e-06 -1.1815604162e-09 
 4.5914885308e-06 1.4149289651e-03 8.4446765743e-06 
 -1.1815604163e-09 8.4446765743e-06 -4.7654909096e-04
 
Elt 4
 -4.7654978621e-04 1.3774465580e-05 -1.8973202794e-09 
 1.3774465580e-05 1.4149287696e-03 9.9212775414e-06 
 -1.8973202794e-09 9.9212775414e-06 -4.7655069092e-04
 
Elt 1
 -5.1244981933e-04 2.9721445801e-05 2.0255112081e-06 
 2.9721445801e-05 1.5521085552e-03 2.9721445801e-05 
 2.0255112081e-06 2.9721445801e-05 -5.1244981933e-04
 
Elt 2
 -5.5703706699e-04 2.9724985554e-05 -2.0361492895e-06 
 2.9724985554e-05 1.4951980527e-03 2.9724985554e-05 
 -2.0361492895e-06 2.9724985554e-05 -5.5703706699e-04
 
Elt 3
 -5.3474419394e-04 1.1146804126e-05 -2.8216078975e-09 
 1.1146804126e-05 1.5236546763e-03 2.1278193747e-05 
 -2.8216078975e-09 2.1278193747e-05 -5.3474182690e-04
 
Elt 4
 -5.3474320129e-04 3.3440412277e-05 -4.3190494349e-09 
 3.3440412277e-05 1.5236535932e-03 2.3309022688e-05 
 -4.3190494350e-09 2.3309022688e-05 -5.3474581443e-04
 
Elt 1
 -5.5481534128e-04 3.8247749618e-05 2.6227781077e-06 
 3.8247749618e-05 1.7206641430e-03 3.8247749618e-05 
 2.6227781077e-06 3.8247749618e-05 -5.5481534128e-04
 
Elt 2
 -6.1981570936e-04 3.8254771491e-05 -2.6381267279e-06 
 3.8254771491e-05 1.5440461985e-03 3.8254771491e-05 
 -2.6381267279e-06 3.8254771491e-05 -6.1981570936e-04
 
Elt 3
 -5.8731723706e-04 1.6250078925e-05 -4.6829673280e-09 
 1.6250078925e-05 1.6323606249e-03 3.1184932422e-05 
 -4.6829673281e-09 3.1184932422e-05 -5.8731307036e-04
 
Elt 4
 -5.8731512766e-04 4.8750236509e-05 -7.0022216031e-09 
 4.8750236509e-05 1.6323583448e-03 3.3815383095e-05 
 -7.0022216032e-09 3.3815383095e-05 -5.8731981826e-04
 
Elt 1
 -5.9447383543e-04 4.1464857163e-05 3.2046727522e-06 
 4.1464857163e-05 1.8635616281e-03 4.1464857163e-05 
 3.2046727522e-06 4.1464857163e-05 -5.9447383543e-04
 
Elt 2
 -6.7127127559e-04 4.1472078920e-05 -3.2239268369e-06 
 4.1472078920e-05 1.6185112782e-03 4.1472078920e-05 
 -3.2239268369e-06 4.1472078920e-05 -6.7127127559e-04
 
Elt 3
 -6.3287430586e-04 1.9199342397e-05 -6.4557850958e-09 
 1.9199342397e-05 1.7410456360e-03 3.6791535904e-05 
 -6.4557850957e-09 3.6791535904e-05 -6.3286854838e-04
 
Elt 4
 -6.3287136160e-04 5.7598026756e-05 -9.6344549679e-09 
 5.7598026756e-05 1.7410424453e-03 4.0005833385e-05 
 -9.6344549679e-09 4.0005833385e-05 -6.3287784998e-04
 
Elt 1
 -6.3119909392e-04 3.8897845354e-05 3.6918085553e-06 
 3.8897845354e-05 1.9742067663e-03 3.8897845354e-05 
 3.6918085553e-06 3.8897845354e-05 -6.3119909392e-04
 
Elt 2
 -7.0986986681e-04 3.8903259209e-05 -3.7140404454e-06 
 3.8903259209e-05 1.7251976477e-03 3.8903259209e-05 
 -3.7140404454e-06 3.8903259209e-05 -7.0986986681e-04
 
Elt 3
 -6.7053595792e-04 1.9667672843e-05 -7.9293965109e-09 
 1.9667672843e-05 1.8497111895e-03 3.7483884798e-05 
 -7.9293965109e-09 3.7483884798e-05 -6.7052916449e-04
 
Elt 4
 -6.7053286858e-04 5.9003018018e-05 -1.2016232513e-08 
 5.9003018018e-05 1.8497078093e-03 4.1186806227e-05 
 -1.2016232513e-08 4.1186806227e-05 -6.7054042751e-04
 
Elt 1
 -6.6449421704e-04 3.1064353159e-05 3.9937335788e-06 
 3.1064353159e-05 2.0535834497e-03 3.1064353159e-05 
 3.9937335788e-06 3.1064353159e-05 -6.6449421704e-04
 
Elt 2
 -7.3549162557e-04 3.1067565869e-05 -4.0182632378e-06 
 3.1067565869e-05 1.8631246568e-03 3.1067565868e-05 
 -4.0182632378e-06 3.1067565868e-05 -7.3549162557e-04
 
Elt 3
 -6.9999414681e-04 1.7749331622e-05 -9.0619499269e-09 
 1.7749331622e-05 1.9583590013e-03 3.3495665842e-05 
 -9.0619499268e-09 3.3495665842e-05 -6.9998690437e-04
 
Elt 4
 -6.9999163097e-04 5.3247994400e-05 -1.4099018281e-08 
 5.3247994400e-05 1.9583562015e-03 3.7501660336e-05 
 -1.4099018281e-08 3.7501660336e-05 -6.9999949436e-04
 
Elt 1
 -6.9368322106e-04 1.9366253709e-05 4.0196278127e-06 
 1.9366253709e-05 2.1097280003e-03 1.9366253709e-05 
 4.0196278127e-06 1.9366253709e-05 -6.9368322106e-04
 
Elt 2
 -7.4937651565e-04 1.9369129580e-05 -4.0461861883e-06 
 1.9369129580e-05 2.0242526290e-03 1.9369129580e-05 
 -4.0461861883e-06 1.9369129580e-05 -7.4937651565e-04
 
Elt 3
 -7.2153136644e-04 1.3923305911e-05 -9.8760582131e-09 
 1.3923305911e-05 2.0669908297e-03 2.5830160501e-05 
 -9.8760582132e-09 2.5830160501e-05 -7.2152407063e-04
 
Elt 4
 -7.2152981846e-04 4.1769917401e-05 -1.5813324369e-08 
 4.1769917401e-05 2.0669890576e-03 2.9863062935e-05 
 -1.5813324369e-08 2.9863062935e-05 -7.2153749315e-04
 
Elt 1
 -7.1810812246e-04 5.8141013125e-06 3.6911546705e-06 
 5.8141013125e-06 2.1556692493e-03 5.8141013124e-06 
 3.6911546705e-06 5.8141013124e-06 -7.1810812246e-04
 
Elt 2
 -7.5388381673e-04 5.8195122434e-06 -3.7200003520e-06 
 5.8195122434e-06 2.1955488060e-03 5.8195122434e-06 
 -3.7200003520e-06 5.8195122434e-06 -7.5388381673e-04
 
Elt 3
 -7.3599840770e-04 8.9439111611e-06 -1.0550468696e-08 
 8.9439111611e-06 2.1756083747e-03 1.6035035882e-05 
 -1.0550468696e-08 1.6035035882e-05 -7.3599110185e-04
 
Elt 4
 -7.3599776900e-04 2.6831733307e-05 -1.7294029519e-08 
 2.6831733307e-05 2.1756076037e-03 1.9740608666e-05 
 -1.7294029519e-08 1.9740608666e-05 -7.3600522768e-04
 
Elt 1
 -7.3738301749e-04 -7.3586319512e-06 2.9562167934e-06 
 -7.3586319512e-06 2.2063421414e-03 -7.3586319513e-06 
 2.9562167934e-06 -7.3586319513e-06 -7.3738301749e-04
 
Elt 2
 -7.5211661279e-04 -7.3489292948e-06 -2.9877991497e-06 
 -7.3489292948e-06 2.3620798208e-03 -7.3489292948e-06 
 -2.9877991497e-06 -7.3489292948e-06 -7.5211661279e-04
 
Elt 3
 -7.4475345265e-04 3.6833933373e-06 -1.1262468567e-08 
 3.6833933373e-06 2.2842132060e-03 5.8807847901e-06 
 -1.1262468567e-08 5.8807847901e-06 -7.4474590895e-04
 
Elt 4
 -7.4475334433e-04 1.1050179978e-05 -1.8709182508e-08 
 1.1050179978e-05 2.2842130540e-03 8.8527885646e-06 
 -1.8709182508e-08 8.8527885646e-06 -7.4476091070e-04
 
Elt 1
 -7.5163953399e-04 -1.8111483470e-05 1.8011585854e-06 
 -1.8111483470e-05 2.2751895661e-03 -1.8111483470e-05 
 1.8011585854e-06 -1.8111483470e-05 -7.5163953399e-04
 
Elt 2
 -7.4748271231e-04 -1.8098092033e-05 -1.8353892146e-06 
 -1.8098092033e-05 2.5104106805e-03 -1.8098092033e-05 
 -1.8353892146e-06 -1.8098092033e-05 -7.4748271231e-04
 
Elt 3
 -7.4956560652e-04 -1.0392036766e-06 -1.1985744809e-08 
 -1.0392036766e-06 2.3928066563e-03 -2.9875428344e-06 
 -1.1985744809e-08 -2.9875428344e-06 -7.4955760612e-04
 
Elt 4
 -7.4956559789e-04 -3.1176109454e-06 -1.9977767320e-08 
 -3.1176109454e-06 2.3928066552e-03 -1.1692717889e-06 
 -1.9977767320e-08 -1.1692717889e-06 -7.4957359879e-04
 
Elt 1
 -7.6169784120e-04 -2.4958837569e-05 2.5905994656e-07 
 -2.4958837569e-05 2.3712105460e-03 -2.4958837569e-05 
 2.5905994656e-07 -2.4958837569e-05 -7.6169784120e-04
 
Elt 2
 -7.4326888372e-04 -2.4944358455e-05 -2.9471601887e-07 
 -2.4944358455e-05 2.6315515672e-03 -2.4944358455e-05 
 -2.9471601887e-07 -2.4944358455e-05 -7.4326888372e-04
 
Elt 3
 -7.5248795009e-04 -4.6072313238e-06 -1.2452051190e-08 
 -4.6072313238e-06 2.5013896721e-03 -9.3529062818e-06 
 -1.2452051190e-08 -9.3529062818e-06 -7.5247955395e-04
 
Elt 4
 -7.5248778064e-04 -1.3821693808e-05 -2.0699907188e-08 
 -1.3821693808e-05 2.5013895078e-03 -9.0760188882e-06 
 -2.0699907188e-08 -9.0760188882e-06 -7.5249621910e-04
 
Elt 1
 -7.6911388868e-04 -2.7208256109e-05 -1.5875750050e-06 
 -2.7208256109e-05 2.4970822623e-03 -2.7208256110e-05 
 -1.5875750050e-06 -2.7208256110e-05 -7.6911388868e-04
 
Elt 2
 -7.4229576208e-04 -2.7195795289e-05 1.5527285989e-06 
 -2.7195795289e-05 2.7228275376e-03 -2.7195795289e-05 
 1.5527285989e-06 -2.7195795289e-05 -7.4229576208e-04
 
Elt 3
 -7.5570877712e-04 -6.7045191437e-06 -1.2325469422e-08 
 -6.7045191437e-06 2.6099617818e-03 -1.2623963666e-05 
 -1.2325469422e-08 -1.2623963666e-05 -7.5570038968e-04
 
Elt 4
 -7.5570841832e-04 -2.0113557249e-05 -2.0398341203e-08 
 -2.0113557249e-05 2.6099613810e-03 -1.4194112791e-05 
 -2.0398341203e-08 -1.4194112791e-05 -7.5571689422e-04
 
Elt 1
 -7.7607976065e-04 -2.5033703462e-05 -3.6103651661e-06 
 -2.5033703462e-05 2.6487334847e-03 -2.5033703463e-05 
 -3.6103651661e-06 -2.5033703463e-05 -7.7607976065e-04
 
Elt 2
 -7.4669908882e-04 -2.5025455436e-05 3.5788085654e-06 
 -2.5025455436e-05 2.7883017452e-03 -2.5025455436e-05 
 3.5788085654e-06 -2.5025455436e-05 -7.4669908882e-04
 
Elt 3
 -7.6139219262e-04 -7.3451532814e-06 -1.1437230766e-08 
 -7.3451532814e-06 2.7185206526e-03 -1.2893016548e-05 
 -1.1437230766e-08 -1.2893016548e-05 -7.6138439279e-04
 
Elt 4
 -7.6139176201e-04 -2.2035459707e-05 -1.8857050539e-08 
 -2.2035459707e-05 2.7185201167e-03 -1.6487596513e-05 
 -1.8857050539e-08 -1.6487596513e-05 -7.6139966304e-04
 
Elt 1
 -7.8518443448e-04 -1.9377667054e-05 -5.6442875465e-06 
 -1.9377667054e-05 2.8164332272e-03 -1.9377667054e-05 
 -5.6442875465e-06 -1.9377667054e-05 -7.8518443448e-04
 
Elt 2
 -7.5785364923e-04 -1.9374222790e-05 5.6180365757e-06 
 -1.9374222790e-05 2.8376982838e-03 -1.9374222790e-05 
 5.6180365757e-06 -1.9374222790e-05 -7.5785364923e-04
 
Elt 3
 -7.7152028114e-04 -6.8326816535e-06 -9.8613063017e-09 
 -6.8326816535e-06 2.8270662666e-03 -1.0849788209e-05 
 -9.8613063018e-09 -1.0849788209e-05 -7.7151358677e-04
 
Elt 4
 -7.7151990855e-04 -2.0498044903e-05 -1.6221751749e-08 
 -2.0498044903e-05 2.8270657405e-03 -1.6480938413e-05 
 -1.6221751749e-08 -1.6480938413e-05 -7.7152668025e-04
 
Elt 1
 -7.9907230628e-04 -1.1711904429e-05 -7.5019091147e-06 
 -1.1711904429e-05 2.9870766484e-03 -1.1711904429e-05 
 -7.5019091147e-06 -1.1711904429e-05 -7.9907230628e-04
 
Elt 2
 -7.7642433167e-04 -1.1712434688e-05 7.4824010004e-06 
 -1.1712434688e-05 2.8841179031e-03 -1.1712434688e-05 
 7.4824010004e-06 -1.1712434688e-05 -7.7642433167e-04
 
Elt 3
 -7.8774785656e-04 -5.6619805832e-06 -7.7216906271e-09 
 -5.6619805832e-06 2.9355987846e-03 -7.5778922439e-06 
 -7.7216906271e-09 -7.5778922439e-06 -7.8774265493e-04
 
Elt 4
 -7.8774760073e-04 -1.6985941763e-05 -1.2685472481e-08 
 -1.6985941763e-05 2.9355983595e-03 -1.5070030152e-05 
 -1.2685472481e-08 -1.5070030152e-05 -7.8775283832e-04
 
Elt 1
 -8.2005736818e-04 -3.7118474538e-06 -8.9918478819e-06 
 -3.7118474538e-06 3.1471481647e-03 -3.7118474540e-06 
 -8.9918478819e-06 -3.7118474540e-06 -8.2005736818e-04
 
Elt 2
 -8.0250562432e-04 -3.7149686612e-06 8.9799659464e-06 
 -3.7149686612e-06 2.9410778106e-03 -3.7149686612e-06 
 8.9799659464e-06 -3.7149686612e-06 -8.0250562432e-04
 
Elt 3
 -8.1127930085e-04 -4.3879250477e-06 -5.1596152439e-09 
 -4.3879250477e-06 3.0441181833e-03 -4.2829078007e-06 
 -5.1596152439e-09 -4.2829078007e-06 -8.1127584952e-04
 
Elt 4
 -8.1127914722e-04 -1.3163775188e-05 -8.4563805242e-09 
 -1.3163775188e-05 3.0441178723e-03 -1.3268792466e-05 
 -8.4563805242e-09 -1.3268792466e-05 -8.1128259669e-04
 
Elt 1
 -8.4976338778e-04 3.0843669938e-06 -9.9390737352e-06 
 3.0843669938e-06 3.2856879326e-03 3.0843669935e-06 
 -9.9390737352e-06 3.0843669935e-06 -8.4976338778e-04
 
Elt 2
 -8.3579855334e-04 3.0795461842e-06 9.9352063488e-06 
 3.0795461842e-06 3.0195434043e-03 3.0795461841e-06 
 9.9352063488e-06 3.0795461841e-06 -8.3579855334e-04
 
Elt 3
 -8.4277710418e-04 -3.4911992428e-06 -2.3623068579e-09 
 -3.4911992428e-06 3.1526241202e-03 -2.0138417660e-06 
 -2.3623068578e-09 -2.0138417660e-06 -8.4277553274e-04
 
Elt 4
 -8.4277700693e-04 -1.0473597760e-05 -3.8240277518e-09 
 -1.0473597760e-05 3.1526238845e-03 -1.1950955250e-05 
 -3.8240277518e-09 -1.1950955250e-05 -8.4277855344e-04
 
Elt 1
 -8.8885664624e-04 7.5625055881e-06 -1.0204603606e-05 
 7.5625055881e-06 3.3966145328e-03 7.5625055881e-06 
 -1.0204603606e-05 7.5625055881e-06 -8.8885664624e-04
 
Elt 2
 -8.7577442227e-04 7.5558832422e-06 1.0208827997e-05 
 7.5558832422e-06 3.1256003797e-03 7.5558832421e-06 
 1.0208827997e-05 7.5558832421e-06 -8.7577442227e-04
 
Elt 3
 -8.8231014536e-04 -3.2705465323e-06 4.9498700359e-10 
 -3.2705465323e-06 3.2611159433e-03 -1.4377498831e-06 
 4.9498700359e-10 -1.4377498831e-06 -8.8231048083e-04
 
Elt 4
 -8.8231006003e-04 -9.8116395879e-06 9.3109913152e-10 
 -9.8116395879e-06 3.2611157248e-03 -1.1644436234e-05 
 9.3109913152e-10 -1.1644436234e-05 -8.8230969395e-04
 
Elt 1
 -9.3692013586e-04 9.2098946040e-06 -9.7022921860e-06 
 9.2098946040e-06 3.4799177032e-03 9.2098946042e-06 
 -9.7022921860e-06 9.2098946042e-06 -9.3692013586e-04
 
Elt 2
 -9.2178545499e-04 9.2007605136e-06 9.7144681304e-06 
 9.2007605136e-06 3.2592575827e-03 9.2007605136e-06 
 9.7144681304e-06 9.2007605136e-06 -9.2178545499e-04
 
Elt 3
 -9.2934618493e-04 -3.7836584141e-06 3.2701119153e-09 
 -3.7836584141e-06 3.3695927514e-03 -2.7131418639e-06 
 3.2701119154e-09 -2.7131418639e-06 -9.2934836512e-04
 
Elt 4
 -9.2934607073e-04 -1.1350975199e-05 5.5737190200e-09 
 -1.1350975199e-05 3.3695924907e-03 -1.2421491731e-05 
 5.5737190201e-09 -1.2421491731e-05 -9.2934387211e-04
 
Elt 1
 -9.9249155879e-04 8.1559150333e-06 -8.4106200017e-06 
 8.1559150333e-06 3.5414982334e-03 8.1559150334e-06 
 -8.4106200017e-06 8.1559150334e-06 -9.9249155879e-04
 
Elt 2
 -9.7310286297e-04 8.1438301355e-06 8.4303273944e-06 
 8.1438301355e-06 3.4146071718e-03 8.1438301355e-06 
 8.4303273944e-06 8.1438301355e-06 -9.7310286297e-04
 
Elt 3
 -9.8278987515e-04 -4.8471576626e-06 5.8445248613e-09 
 -4.8471576626e-06 3.4780535206e-03 -5.4840926705e-06 
 5.8445248613e-09 -5.4840926705e-06 -9.8279374727e-04
 
Elt 4
 -9.8278968775e-04 -1.4541472945e-05 9.8982950451e-09 
 -1.4541472945e-05 3.4780531705e-03 -1.3904537902e-05 
 9.8982950451e-09 -1.3904537902e-05 -9.8278582713e-04
 
Elt 1
 -1.0532567287e-03 5.0774541529e-06 -6.3780488924e-06 
 5.0774541529e-06 3.5917330473e-03 5.0774541530e-06 
 -6.3780488924e-06 5.0774541530e-06 -1.0532567287e-03
 
Elt 2
 -1.0288859664e-03 5.0630286448e-06 6.4044864443e-06 
 5.0630286448e-06 3.5812640007e-03 5.0630286450e-06 
 6.4044864443e-06 5.0630286450e-06 -1.0288859664e-03
 
Elt 3
 -1.0410639574e-03 -6.0926685380e-06 8.1272984388e-09 
 -6.0926685380e-06 3.5864972803e-03 -8.9897149517e-06 
 8.1272984388e-09 -8.9897149517e-06 -1.0410692956e-03
 
Elt 4
 -1.0410636614e-03 -1.8278005619e-05 1.3734760852e-08 
 -1.8278005619e-05 3.5864968290e-03 -1.5380959157e-05 
 1.3734760852e-08 -1.5380959157e-05 -1.0410583768e-03
 
Elt 1
 -1.1163623301e-03 9.9953652433e-07 -3.7215412824e-06 
 9.9953652433e-07 3.6431162948e-03 9.9953652446e-07 
 -3.7215412824e-06 9.9953652446e-07 -1.1163623301e-03
 
Elt 2
 -1.0881068157e-03 9.8471164411e-07 3.7533374598e-06 
 9.8471164411e-07 3.7467298199e-03 9.8471164421e-07 
 3.7533374598e-06 9.8471164421e-07 -1.0881068157e-03
 
Elt 3
 -1.1022279331e-03 -7.0638511666e-06 9.9800502333e-09 
 -7.0638511666e-06 3.6949232873e-03 -1.2258990166e-05 
 9.9800502333e-09 -1.2258990166e-05 -1.1022344288e-03
 
Elt 4
 -1.1022275352e-03 -2.1191553592e-05 1.6827458829e-08 
 -2.1191553592e-05 3.6949227841e-03 -1.5996414535e-05 
 1.6827458829e-08 -1.5996414535e-05 -1.1022211319e-03
 
Elt 1
 -1.1787915038e-03 -2.9585049999e-06 -6.1825062964e-07 
 -2.9585049999e-06 3.7075171099e-03 -2.9585049997e-06 
 -6.1825062964e-07 -2.9585049997e-06 -1.1787915038e-03
 
Elt 2
 -1.1494680859e-03 -2.9709035648e-06 6.5335523279e-07 
 -2.9709035648e-06 3.8991375776e-03 -2.9709035646e-06 
 6.5335523279e-07 -2.9709035646e-06 -1.1494680859e-03
 
Elt 3
 -1.1641247514e-03 -7.3308240116e-06 1.1204038620e-08 
 -7.3308240116e-06 3.8033311452e-03 -1.4343748214e-05 
 1.1204038620e-08 -1.4343748214e-05 -1.1641319994e-03
 
Elt 4
 -1.1641243229e-03 -2.1992472228e-05 1.8827073192e-08 
 -2.1992472228e-05 3.8033306981e-03 -1.4979547971e-05 
 1.8827073192e-08 -1.4979547971e-05 -1.1641171818e-03
 
Elt 1
 -1.2377381652e-03 -5.8331727215e-06 2.7087686091e-06 
 -5.8331727215e-06 3.7936591371e-03 -5.8331727213e-06 
 2.7087686091e-06 -5.8331727213e-06 -1.2377381652e-03
 
Elt 2
 -1.2113553507e-03 -5.8403651914e-06 -2.6728805921e-06 
 -5.8403651914e-06 4.0297694124e-03 -5.8403651913e-06 
 -2.6728805921e-06 -5.8403651913e-06 -1.2113553507e-03
 
Elt 3
 -1.2245440702e-03 -6.5956743734e-06 1.1624669295e-08 
 -6.5956743734e-06 3.9117208409e-03 -1.4536755431e-05 
 1.1624669295e-08 -1.4536755431e-05 -1.2245515891e-03
 
Elt 4
 -1.2245437234e-03 -1.9787023391e-05 1.9448790480e-08 
 -1.9787023391e-05 3.9117205648e-03 -1.1845942295e-05 
 1.9448790480e-08 -1.1845942295e-05 -1.2245362877e-03
 
Elt 1
 -1.2909207504e-03 -7.0100176736e-06 6.0091700664e-06 
 -7.0100176736e-06 3.9053582694e-03 -7.0100176732e-06 
 6.0091700664e-06 -7.0100176732e-06 -1.2909207504e-03
 
Elt 2
 -1.2718569324e-03 -7.0101898018e-06 -5.9749962250e-06 
 -7.0101898018e-06 4.1348141986e-03 -7.0101898017e-06 
 -5.9749962250e-06 -7.0101898017e-06 -1.2718569324e-03
 
Elt 3
 -1.2813890559e-03 -4.7659319952e-06 1.1208804745e-08 
 -4.7659319952e-06 4.0200927087e-03 -1.2527891761e-05 
 1.1208804745e-08 -1.2527891761e-05 -1.2813963550e-03
 
Elt 4
 -1.2813888748e-03 -1.4297796282e-05 1.8675299096e-08 
 -1.4297796282e-05 4.0200926415e-03 -6.5358365037e-06 
 1.8675299096e-08 -6.5358365037e-06 -1.2813816031e-03
 
Elt 1
 -1.3367950378e-03 -6.3228169764e-06 9.0263273690e-06 
 -6.3228169764e-06 4.0408648596e-03 -6.3228169761e-06 
 9.0263273690e-06 -6.3228169761e-06 -1.3367950378e-03
 
Elt 2
 -1.3288716518e-03 -6.3156730346e-06 -8.9958531471e-06 
 -6.3156730346e-06 4.2160198781e-03 -6.3156730346e-06 
 -8.9958531471e-06 -6.3156730346e-06 -1.3288716518e-03
 
Elt 3
 -1.3328366682e-03 -1.9808365036e-06 1.0083878701e-08 
 -1.9808365036e-06 4.1284461858e-03 -8.4671959259e-06 
 1.0083878701e-08 -8.4671959259e-06 -1.3328433122e-03
 
Elt 4
 -1.3328366370e-03 -5.9425097751e-06 1.6775392448e-08 
 -5.9425097751e-06 4.1284462256e-03 5.4384963039e-07 
 1.6775392448e-08 5.4384963039e-07 -1.3328299604e-03
 
Elt 1
 -1.3746415315e-03 -4.0444100030e-06 1.1518648655e-05 
 -4.0444100030e-06 4.1934301205e-03 -4.0444100028e-06 
 1.1518648655e-05 -4.0444100028e-06 -1.3746415315e-03
 
Elt 2
 -1.3802969578e-03 -4.0312180477e-06 -1.1492971538e-05 
 -4.0312180477e-06 4.2801319418e-03 -4.0312180477e-06 
 -1.1492971538e-05 -4.0312180477e-06 -1.3802969578e-03
 
Elt 3
 -1.3774754295e-03 1.4138493290e-06 8.5332419757e-09 
 1.4138493290e-06 4.2367818042e-03 -2.9251763630e-06 
 8.5332419757e-09 -2.9251763630e-06 -1.3774811146e-03
 
Elt 4
 -1.3774754136e-03 4.2415477902e-06 1.4265196464e-08 
 4.2415477902e-06 4.2367817235e-03 8.5805734411e-06 
 1.4265196464e-08 8.5805734411e-06 -1.3774696666e-03
 
Elt 1
 -1.4045324943e-03 -7.8019321865e-07 1.3279497246e-05 
 -7.8019321865e-07 4.3529193190e-03 -7.8019321813e-07 
 1.3279497246e-05 -7.8019321813e-07 -1.4045324943e-03
 
Elt 2
 -1.4242745028e-03 -7.6329904201e-07 -1.3258944051e-05 
 -7.6329904201e-07 4.3372827504e-03 -7.6329904237e-07 
 -1.3258944051e-05 -7.6329904237e-07 -1.4242745028e-03
 
Elt 3
 -1.4144118337e-03 4.9354750929e-06 6.8631575683e-09 
 4.9354750929e-06 4.3451005786e-03 3.2363762878e-06 
 6.8631575683e-09 3.2363762878e-06 -1.4144164124e-03
 
Elt 4
 -1.4144116396e-03 1.4806425153e-05 1.1655528420e-08 
 1.4806425153e-05 4.3451001236e-03 1.6505523904e-05 
 1.1655528420e-08 1.6505523904e-05 -1.4144070218e-03
 
Elt 1
 -1.4272042324e-03 2.7042158197e-06 1.4154272659e-05 
 2.7042158197e-06 4.5080894160e-03 2.7042158198e-06 
 1.4154272659e-05 2.7042158198e-06 -1.4272042324e-03
 
Elt 2
 -1.4594528279e-03 2.7222681434e-06 -1.4138959761e-05 
 2.7222681434e-06 4.3987141108e-03 2.7222681432e-06 
 -1.4138959761e-05 2.7222681432e-06 -1.4594528279e-03
 
Elt 3
 -1.4433380193e-03 8.0621025368e-06 5.2184903828e-09 
 8.0621025368e-06 4.4534024077e-03 9.0509376304e-06 
 5.2184903827e-09 9.0509376304e-06 -1.4433414330e-03
 
Elt 4
 -1.4433375014e-03 2.4186307536e-05 9.1352069028e-09 
 2.4186307536e-05 4.4534014353e-03 2.3197472391e-05 
 9.1352069028e-09 2.3197472391e-05 -1.4433341175e-03
 
Elt 1
 -1.4438718405e-03 5.6770261299e-06 1.4053259233e-05 
 5.6770261299e-06 4.6490253172e-03 5.6770261298e-06 
 1.4053259233e-05 5.6770261298e-06 -1.4438718405e-03
 
Elt 2
 -1.4852163581e-03 5.6943979043e-06 -1.4043798681e-05 
 5.6943979043e-06 4.4743424414e-03 5.6943979042e-06 
 -1.4043798681e-05 5.6943979042e-06 -1.4852163581e-03
 
Elt 3
 -1.4645537793e-03 1.0336067273e-05 3.4879341508e-09 
 1.0336067273e-05 4.5616865677e-03 1.3647912201e-05 
 3.4879341508e-09 1.3647912201e-05 -1.4645559318e-03
 
Elt 4
 -1.4645529280e-03 3.1008201771e-05 6.4344300621e-09 
 3.1008201771e-05 4.5616851379e-03 2.7696356807e-05 
 6.4344300621e-09 2.7696356807e-05 -1.4645508900e-03
 
Elt 1
 -1.4560291747e-03 7.6093180878e-06 1.2959450008e-05 
 7.6093180878e-06 4.7692112563e-03 7.6093180877e-06 
 1.2959450008e-05 7.6093180877e-06 -1.4560291747e-03
 
Elt 2
 -1.5018329316e-03 7.6251442256e-06 -1.2957248544e-05 
 7.6251442256e-06 4.5706900589e-03 7.6251442253e-06 
 -1.2957248544e-05 7.6251442253e-06 -1.5018329316e-03
 
Elt 3
 -1.4789401751e-03 1.1450867511e-05 1.4047208166e-09 
 1.1450867511e-05 4.6699543658e-03 1.6422600823e-05 
 1.4047208166e-09 1.6422600823e-05 -1.4789408487e-03
 
Elt 4
 -1.4789391304e-03 3.4352602495e-05 3.0342453596e-09 
 3.4352602495e-05 4.6699527300e-03 2.9380869173e-05 
 3.0342453593e-09 2.9380869173e-05 -1.4789386344e-03
 
Elt 1
 -1.4652742795e-03 8.2812479890e-06 1.0930868730e-05 
 8.2812479890e-06 4.8667955167e-03 8.2812479888e-06 
 1.0930868730e-05 8.2812479888e-06 -1.4652742795e-03
 
Elt 2
 -1.5104899582e-03 8.2955163175e-06 -1.0937838747e-05 
 8.2955163175e-06 4.6896133806e-03 8.2955163172e-06 
 -1.0937838747e-05 8.2955163172e-06 -1.5104899582e-03
 
Elt 3
 -1.4878902730e-03 1.1303846124e-05 -1.2452505746e-09 
 1.1303846124e-05 4.7782072696e-03 1.7140550794e-05 
 -1.2452505745e-09 1.7140550794e-05 -1.4878891489e-03
 
Elt 4
 -1.4878892551e-03 3.3911538331e-05 -1.4489000739e-09 
 3.3911538331e-05 4.7782057593e-03 2.8074833682e-05 
 -1.4489000739e-09 2.8074833682e-05 -1.4878905742e-03
 
Elt 1
 -1.4731849974e-03 7.8043514545e-06 8.0971507858e-06 
 7.8043514545e-06 4.9448205645e-03 7.8043514542e-06 
 8.0971507858e-06 7.8043514542e-06 -1.4731849974e-03
 
Elt 2
 -1.5132045051e-03 7.8172462896e-06 -8.1150014991e-06 
 7.8172462896e-06 4.8280711601e-03 7.8172462893e-06 
 -8.1150014991e-06 7.8172462893e-06 -1.5132045051e-03
 
Elt 3
 -1.4932017545e-03 1.0004809400e-05 -4.4372662659e-09 
 1.0004809400e-05 4.8864467391e-03 1.5956607906e-05 
 -4.4372662659e-09 1.5956607906e-05 -1.4931985365e-03
 
Elt 4
 -1.4932009572e-03 3.0014428141e-05 -6.9412229402e-09 
 3.0014428141e-05 4.8864456187e-03 2.4062629682e-05 
 -6.9412229402e-09 2.4062629682e-05 -1.4932043418e-03
 
Elt 1
 -1.4812524497e-03 6.5594195491e-06 4.6506093290e-06 
 6.5594195491e-06 5.0104047462e-03 6.5594195486e-06 
 4.6506093290e-06 6.5594195486e-06 -1.4812524497e-03
 
Elt 2
 -1.5126160280e-03 6.5706997866e-06 -4.6801105581e-06 
 6.5706997866e-06 4.9789441266e-03 6.5706997863e-06 
 -4.6801105581e-06 6.5706997863e-06 -1.5126160280e-03
 
Elt 3
 -1.4969399569e-03 7.8408397530e-06 -7.9120707243e-09 
 7.8408397530e-06 4.9946740748e-03 1.3349015658e-05 
 -7.9120707244e-09 1.3349015658e-05 -1.4969344965e-03
 
Elt 4
 -1.4969394672e-03 2.3522519169e-05 -1.2938563185e-08 
 2.3522519169e-05 4.9946734394e-03 1.8014343320e-05 
 -1.2938563185e-08 1.8014343320e-05 -1.4969450392e-03
 
Elt 1
 -1.4908632655e-03 5.0694807126e-06 8.3231101362e-07 
 5.0694807126e-06 5.0730865191e-03 5.0694807121e-06 
 8.3231101362e-07 5.0694807121e-06 -1.4908632655e-03
 
Elt 2
 -1.5116907562e-03 5.0782684582e-06 -8.7281040331e-07 
 5.0782684582e-06 5.1326935621e-03 5.0782684581e-06 
 -8.7281040331e-07 5.0782684581e-06 -1.5116907562e-03
 
Elt 3
 -1.5012812382e-03 5.2068350088e-06 -1.1244111674e-08 
 5.2068350088e-06 5.1028902956e-03 9.9873925597e-06 
 -1.1244111674e-08 9.9873925597e-06 -1.5012736353e-03
 
Elt 4
 -1.5012810223e-03 1.5620504890e-05 -1.8657894666e-08 
 1.5620504890e-05 5.1028900620e-03 1.0839947382e-05 
 -1.8657894666e-08 1.0839947382e-05 -1.5012886788e-03
 
Elt 1
 -1.5033084264e-03 3.8422912727e-06 -3.0859033552e-06 
 3.8422912727e-06 5.1427141302e-03 3.8422912724e-06 
 -3.0859033552e-06 3.8422912724e-06 -1.5033084264e-03
 
Elt 2
 -1.5133825932e-03 3.8473598392e-06 3.0364393290e-06 
 3.8473598392e-06 5.2794733409e-03 3.8473598392e-06 
 3.0364393290e-06 3.8473598392e-06 -1.5133825932e-03
 
Elt 3
 -1.5083479654e-03 2.5185229139e-06 -1.3994002231e-08 
 2.5185229139e-06 5.2110960479e-03 6.5676198229e-06 
 -1.3994002231e-08 6.5676198229e-06 -1.5083385885e-03
 
Elt 4
 -1.5083479149e-03 7.5555685483e-06 -2.3324406927e-08 
 7.5555685483e-06 5.2110960281e-03 3.5064716482e-06 
 -2.3324406927e-08 3.5064716482e-06 -1.5083572998e-03
 
Elt 1
 -1.5197912948e-03 3.2226830183e-06 -6.8220196445e-06 
 3.2226830183e-06 5.2273478264e-03 3.2226830179e-06 
 -6.8220196445e-06 3.2226830179e-06 -1.5197912948e-03
 
Elt 2
 -1.5203024025e-03 3.2231237477e-06 6.7663964240e-06 
 3.2231237477e-06 5.4112268698e-03 3.2231237477e-06 
 6.7663964240e-06 3.2231237477e-06 -1.5203024025e-03
 
Elt 3
 -1.5200473107e-03 1.2777606995e-07 -1.5902955081e-08 
 1.2777606995e-07 5.3192915467e-03 3.6526295264e-06 
 -1.5902955081e-08 3.6526295264e-06 -1.5200366952e-03
 
Elt 4
 -1.5200473106e-03 3.8332795305e-07 -2.6506898331e-08 
 3.8332795305e-07 5.3192915500e-03 -3.1415255383e-06 
 -2.6506898331e-08 -3.1415255383e-06 -1.5200579032e-03
 
Elt 1
 -1.5414122003e-03 3.2911135797e-06 -1.0105288569e-05 
 3.2911135797e-06 5.3316085456e-03 3.2911135796e-06 
 -1.0105288569e-05 3.2911135796e-06 -1.5414122003e-03
 
Elt 2
 -1.5344454189e-03 3.2870076395e-06 1.0046552368e-05 
 3.2870076395e-06 5.5233330735e-03 3.2870076394e-06 
 1.0046552368e-05 3.2870076394e-06 -1.5344454189e-03
 
Elt 3
 -1.5379273128e-03 -1.7416810821e-06 -1.6862974686e-08 
 -1.7416810821e-06 5.4274752370e-03 1.5545571587e-06 
 -1.6862974686e-08 1.5545571587e-06 -1.5379160732e-03
 
Elt 4
 -1.5379272887e-03 -5.2250435631e-06 -2.8056148204e-08 
 -5.2250435631e-06 5.4274751430e-03 -8.5212818799e-06 
 -2.8056148204e-08 -8.5212818799e-06 -1.5379384837e-03
 
Elt 1
 -1.5691131255e-03 3.8343737720e-06 -1.2696879588e-05 
 3.8343737720e-06 5.4558302691e-03 3.8343737719e-06 
 -1.2696879588e-05 3.8343737719e-06 -1.5691131255e-03
 
Elt 2
 -1.5570142159e-03 3.8268036102e-06 1.2638136243e-05 
 3.8268036102e-06 5.6154564514e-03 3.8268036104e-06 
 1.2638136243e-05 3.8268036104e-06 -1.5570142159e-03
 
Elt 3
 -1.5630605123e-03 -3.0247017598e-06 -1.6833977247e-08 
 -3.0247017598e-06 5.5356461749e-03 2.8429702082e-07 
 -1.6833977247e-08 2.8429702082e-07 -1.5630492992e-03
 
Elt 4
 -1.5630604394e-03 -9.0741056388e-06 -2.7943366774e-08 
 -9.0741056388e-06 5.5356459495e-03 -1.2383104524e-05 
 -2.7943366774e-08 -1.2383104524e-05 -1.5630715908e-03
 
Elt 1
 -1.6035816668e-03 4.3960934101e-06 -1.4408735192e-05 
 4.3960934101e-06 5.5961442019e-03 4.3960934101e-06 
 -1.4408735192e-05 4.3960934101e-06 -1.6035816668e-03
 
Elt 2
 -1.5883563693e-03 4.3867161190e-06 1.4352906768e-05 
 4.3867161190e-06 5.6914587620e-03 4.3867161194e-06 
 1.4352906768e-05 4.3867161194e-06 -1.5883563693e-03
 
Elt 3
 -1.5959646840e-03 -3.8062908459e-06 -1.5886998750e-08 
 -3.8062908459e-06 5.6438020649e-03 -4.2223427833e-07 
 -1.5886998750e-08 -4.2223427833e-07 -1.5959541058e-03
 
Elt 4
 -1.5959645687e-03 -1.1418872906e-05 -2.6312777307e-08 
 -1.1418872906e-05 5.6438017317e-03 -1.4802929589e-05 
 -2.6312777307e-08 -1.4802929589e-05 -1.5959750727e-03
 
Elt 1
 -1.6451264701e-03 4.3952888897e-06 -1.5118564400e-05 
 4.3952888897e-06 5.7454664597e-03 4.3952888899e-06 
 -1.5118564400e-05 4.3952888899e-06 -1.6451264701e-03
 
Elt 2
 -1.6280139110e-03 4.3857339739e-06 1.5067843733e-05 
 4.3857339739e-06 5.7584196532e-03 4.3857339744e-06 
 1.5067843733e-05 4.3857339744e-06 -1.6280139110e-03
 
Elt 3
 -1.6365652527e-03 -4.2781005528e-06 -1.4313303741e-08 
 -4.2781005528e-06 5.7519424261e-03 -1.0096680042e-06 
 -1.4313303741e-08 -1.0096680042e-06 -1.6365557248e-03
 
Elt 4
 -1.6365651070e-03 -1.2834301995e-05 -2.3657017159e-08 
 -1.2834301995e-05 5.7519420234e-03 -1.6102734655e-05 
 -2.3657017159e-08 -1.6102734655e-05 -1.6365745580e-03
 
Elt 1
 -1.6935518816e-03 3.2858092328e-06 -1.4779607145e-05 
 3.2858092328e-06 5.8951171612e-03 3.2858092330e-06 
 -1.4779607145e-05 3.2858092330e-06 -1.6935518816e-03
 
Elt 2
 -1.6748654858e-03 3.2772843763e-06 1.4735346057e-05 
 3.2772843763e-06 5.8250165466e-03 3.2772843767e-06 
 1.4735346057e-05 3.2772843767e-06 -1.6748654858e-03
 
Elt 3
 -1.6842037426e-03 -4.6715543627e-06 -1.2444732911e-08 
 -4.6715543627e-06 5.8600668265e-03 -1.9644406557e-06 
 -1.2444732911e-08 -1.9644406557e-06 -1.6841954579e-03
 
Elt 4
 -1.6842035689e-03 -1.4014663357e-05 -2.0523264000e-08 
 -1.4014663357e-05 5.8600663784e-03 -1.6721777163e-05 
 -2.0523264000e-08 -1.6721777163e-05 -1.6842117887e-03
 
Elt 1
 -1.7480639220e-03 7.1844575333e-07 -1.3424302888e-05 
 7.1844575333e-07 6.0367116297e-03 7.1844575354e-07 
 -1.3424302888e-05 7.1844575354e-07 -1.7480639220e-03
 
Elt 2
 -1.7273263850e-03 7.1158999739e-07 1.3387293541e-05 
 7.1158999739e-07 5.8996342980e-03 7.1158999756e-07 
 1.3387293541e-05 7.1158999756e-07 -1.7273263850e-03
 
Elt 3
 -1.7376907634e-03 -5.1843327398e-06 -1.0483278470e-08 
 -5.1843327398e-06 5.9681747821e-03 -3.6658328772e-06 
 -1.0483278471e-08 -3.6658328772e-06 -1.7376837753e-03
 
Elt 4
 -1.7376905495e-03 -1.5552998397e-05 -1.7239489400e-08 
 -1.5552998397e-05 5.9681742916e-03 -1.7071498342e-05 
 -1.7239489400e-08 -1.7071498342e-05 -1.7376975017e-03
 
Elt 1
 -1.8072387852e-03 -3.3335082770e-06 -1.1161423140e-05 
 -3.3335082770e-06 6.1639049143e-03 -3.3335082766e-06 
 -1.1161423140e-05 -3.3335082766e-06 -1.8072387852e-03
 
Elt 2
 -1.7835667229e-03 -3.3384351017e-06 1.1132299044e-05 
 -3.3384351017e-06 5.9886196580e-03 -3.3384351016e-06 
 1.1132299044e-05 -3.3384351016e-06 -1.7835667229e-03
 
Elt 3
 -1.7953993766e-03 -5.9179543507e-06 -8.4440590866e-09 
 -5.9179543507e-06 6.0762657861e-03 -6.2625357971e-06 
 -8.4440590867e-09 -6.2625357971e-06 -1.7953937185e-03
 
Elt 4
 -1.7953990979e-03 -1.7753863132e-05 -1.3827411589e-08 
 -1.7753863132e-05 6.0762652449e-03 -1.7409281750e-05 
 -1.3827411589e-08 -1.7409281750e-05 -1.7954047639e-03
 
Elt 1
 -1.8690761518e-03 -8.5166762880e-06 -8.1667951119e-06 
 -8.5166762880e-06 6.2736227931e-03 -8.5166762876e-06 
 -8.1667951119e-06 -8.5166762876e-06 -1.8690761518e-03
 
Elt 2
 -1.8417105865e-03 -8.5194530474e-06 8.1462697917e-06 
 -8.5194530474e-06 6.0950481706e-03 -8.5194530475e-06 
