Elt 1
 0.0000000000e+00 0.0000000000e+00 0.0000000000e+00 
 0.0000000000e+00 0.0000000000e+00 0.0000000000e+00 
 0.0000000000e+00 0.0000000000e+00 0.0000000000e+00
 
Elt 2
 0.0000000000e+00 0.0000000000e+00 0.0000000000e+00 
 0.0000000000e+00 0.0000000000e+00 0.0000000000e+00 
 0.0000000000e+00 0.0000000000e+00 0.0000000000e+00
 
Elt 1
 0.0000000000e+00 0.0000000000e+00 0.0000000000e+00 
 0.0000000000e+00 0.0000000000e+00 0.0000000000e+00 
 0.0000000000e+00 0.0000000000e+00 0.0000000000e+00
 
Elt 2
 -1.8242684906e-16 -8.6456848471e-17 1.1891555708e-16 
 -8.6456848471e-17 -3.9667047532e-16 1.4210737466e-16 
 1.1891555708e-16 1.4210737466e-16 -3.0908109532e-16
 
Elt 1
 -4.3368264287e-06 -8.9983252808e-18 0.0000000000e+00 
 -8.9983252808e-18 6.1619622555e-05 0.0000000000e+00 
 0.0000000000e+00 0.0000000000e+00 -4.3368264287e-06
 
Elt 2
 -4.3368264290e-06 -8.1951197227e-17 0.0000000000e+00 
 -8.1951197227e-17 6.1619622555e-05 0.0000000000e+00 
 0.0000000000e+00 0.0000000000e+00 -4.3368264288e-06
 
Elt 1
 -2.5768620250e-05 5.8122154848e-17 0.0000000000e+00 
 5.8122154848e-17 1.2323504187e-04 0.0000000000e+00 
 0.0000000000e+00 0.0000000000e+00 -2.5768620250e-05
 
Elt 2
 -2.5768620250e-05 -1.4116540293e-17 9.5536846121e-18 
 -1.4116540293e-17 1.2323504187e-04 1.5266249510e-16 
 9.5538963703e-18 1.5266249510e-16 -2.5768620250e-05
 
Elt 1
 -5.9517001851e-05 1.2458089369e-17 0.0000000000e+00 
 1.2458089369e-17 1.8484522803e-04 0.0000000000e+00 
 0.0000000000e+00 0.0000000000e+00 -5.9517001850e-05
 
Elt 2
 -5.9517001851e-05 -3.6514686553e-17 1.0415455933e-16 
 -3.6514686553e-17 1.8484522803e-04 1.0063227240e-16 
 1.0414778306e-16 1.0063227240e-16 -5.9517001851e-05
 
Elt 1
 -8.8694268773e-05 -1.1470853293e-16 0.0000000000e+00 
 -1.1470853293e-16 2.4644955976e-04 0.0000000000e+00 
 0.0000000000e+00 0.0000000000e+00 -8.8694268773e-05
 
Elt 2
 -8.8694268773e-05 -1.4126819757e-16 8.8880861221e-17 
 -1.4126819757e-16 2.4644955976e-04 -5.9021219051e-22 
 8.8880861221e-17 -5.9021219051e-22 -8.8694268774e-05
 
Elt 1
 -1.0283109690e-04 -4.6077578856e-17 0.0000000000e+00 
 -4.6077578856e-17 3.0804842149e-04 0.0000000000e+00 
 0.0000000000e+00 0.0000000000e+00 -1.0283109690e-04
 
Elt 2
 -1.0283109690e-04 -1.1751874796e-17 8.2284168628e-17 
 -1.1751874796e-17 3.0804842149e-04 1.4921099318e-16 
 8.2284168628e-17 1.4921099318e-16 -1.0283109690e-04
 
Elt 1
 -1.0792569972e-04 -1.2124415886e-16 0.0000000000e+00 
 -1.2124415886e-16 3.6964270691e-04 0.0000000000e+00 
 0.0000000000e+00 0.0000000000e+00 -1.0792569972e-04
 
Elt 2
 -1.0792569972e-04 -9.6123949505e-17 -3.0496574233e-17 
 -9.6123949505e-17 3.6964270691e-04 1.4574674913e-16 
 -3.0499962365e-17 1.4574674913e-16 -1.0792569972e-04
 
Elt 1
 -1.1860880423e-04 1.1319029180e-16 0.0000000000e+00 
 1.1319029180e-16 4.3123285285e-04 0.0000000000e+00 
 0.0000000000e+00 0.0000000000e+00 -1.1860880423e-04
 
Elt 2
 -1.1860880423e-04 -1.3871317877e-16 1.5847647630e-16 
 -1.3871317877e-16 4.3123285285e-04 3.2910915923e-21 
 1.5846292377e-16 3.2910915923e-21 -1.1860880423e-04
 
Elt 1
 -1.4228187383e-04 8.3149800865e-17 0.0000000000e+00 
 8.3149800865e-17 4.9281844030e-04 0.0000000000e+00 
 0.0000000000e+00 0.0000000000e+00 -1.4228187383e-04
 
Elt 2
 -1.4228187383e-04 -9.0892589172e-18 6.9386584567e-31 
 -9.0892589172e-18 4.9281844030e-04 -6.2325842962e-17 
 6.9386584567e-31 -6.2325842962e-17 -1.4228187383e-04
 
Elt 1
 -1.7228723381e-04 8.4882975819e-17 4.8558704800e-17 
 8.4882975819e-17 5.5439871234e-04 -1.0283047352e-20 
 4.8558704800e-17 -1.0283047352e-20 -1.7228723381e-04
 
Elt 2
 -1.7228723381e-04 -3.9621161893e-16 1.6176974040e-16 
 -3.9621161893e-16 5.5439871234e-04 2.8221060549e-21 
 1.6176974040e-16 2.8221060549e-21 -1.7228723381e-04
 
Elt 1
 -1.9617217395e-04 -1.5877631013e-16 0.0000000000e+00 
 -1.5877631013e-16 6.1597338450e-04 0.0000000000e+00 
 0.0000000000e+00 0.0000000000e+00 -1.9617217395e-04
 
Elt 2
 -1.9617217395e-04 5.2865448606e-17 9.5613079086e-17 
 5.2865448606e-17 6.1597338450e-04 1.3884421928e-16 
 9.5613079086e-17 1.3884421928e-16 -1.9617217395e-04
 
Elt 1
 -2.0903217997e-04 4.1181403969e-18 0.0000000000e+00 
 4.1181403969e-18 6.7754288779e-04 0.0000000000e+00 
 0.0000000000e+00 0.0000000000e+00 -2.0903217997e-04
 
Elt 2
 -2.0903217997e-04 -5.1712069386e-17 0.0000000000e+00 
 -5.1712069386e-17 6.7754288779e-04 0.0000000000e+00 
 0.0000000000e+00 0.0000000000e+00 -2.0903217997e-04
 
Elt 1
 -2.1775217573e-04 -1.4907392271e-18 0.0000000000e+00 
 -1.4907392271e-18 7.3910785447e-04 0.0000000000e+00 
 0.0000000000e+00 0.0000000000e+00 -2.1775217573e-04
 
Elt 2
 -2.1775217573e-04 -4.8694607240e-17 7.6393901513e-18 
 -4.8694607240e-17 7.3910785447e-04 1.4579612857e-16 
 7.6385431183e-18 1.4579612857e-16 -2.1775217573e-04
 
Elt 1
 -2.3274335939e-04 1.6163526370e-16 -4.7989498660e-17 
 1.6163526370e-16 8.0066845092e-04 9.5509021728e-21 
 -4.8003051187e-17 9.5509021728e-21 -2.3274335939e-04
 
Elt 2
 -2.3274335939e-04 -5.4988443079e-17 0.0000000000e+00 
 -5.4988443079e-17 8.0066845092e-04 0.0000000000e+00 
 0.0000000000e+00 0.0000000000e+00 -2.3274335939e-04
 
Elt 1
 -2.5692141239e-04 -1.7366148121e-17 -9.1371138086e-17 
 -1.7366148121e-17 8.6222425629e-04 9.5625344822e-21 
 -9.1357585559e-17 9.5625344822e-21 -2.5692141239e-04
 
Elt 2
 -2.5692141239e-04 4.8179639481e-17 -5.3437614576e-17 
 4.8179639481e-17 8.6222425629e-04 4.8728530893e-17 
 -5.3410509522e-17 4.8728530893e-17 -2.5692141239e-04
 
Elt 1
 -2.8349434246e-04 4.8820269152e-17 -3.1682420359e-17 
 4.8820269152e-17 9.2377475474e-04 -5.9012041119e-17 
 -3.1682420359e-17 -5.9012041119e-17 -2.8349434246e-04
 
Elt 2
 -2.8349434246e-04 1.0963057754e-16 9.4237497580e-17 
 1.0963057754e-16 9.2377475474e-04 1.0415302053e-16 
 9.4237497580e-17 1.0415302053e-16 -2.8349434246e-04
 
Elt 1
 -3.0391804987e-04 4.9675818626e-18 0.0000000000e+00 
 4.9675818626e-18 9.8531987417e-04 0.0000000000e+00 
 0.0000000000e+00 0.0000000000e+00 -3.0391804987e-04
 
Elt 2
 -3.0391804987e-04 1.0156471248e-17 1.0939599920e-16 
 1.0156471248e-17 9.8531987417e-04 -8.9723508849e-21 
 1.0939599920e-16 -8.9723508849e-21 -3.0391804987e-04
 
Elt 1
 -3.1682522610e-04 1.3353766896e-16 5.5904174519e-17 
 1.3353766896e-16 1.0468600149e-03 -3.2966708482e-17 
 5.5904174519e-17 -3.2966708482e-17 -3.1682522610e-04
 
Elt 2
 -3.1682522610e-04 1.5927837122e-17 1.6113954789e-16 
 1.5927837122e-17 1.0468600149e-03 1.5965311081e-16 
 1.6116665294e-16 1.5965311081e-16 -3.1682522610e-04
 
Elt 1
 -3.2868493231e-04 -1.0992331061e-16 1.0936889415e-16 
 -1.0992331061e-16 1.1083955919e-03 -1.7939555359e-20 
 1.0936889415e-16 -1.7939555359e-20 -3.2868493231e-04
 
Elt 2
 -3.2868493231e-04 -4.4314156046e-17 1.6615398293e-16 
 -4.4314156046e-17 1.1083955919e-03 -1.7800085095e-20 
 1.6615398293e-16 -1.7800085095e-20 -3.2868493231e-04
 
Elt 1
 -3.4636993758e-04 5.8628485155e-19 0.0000000000e+00 
 5.8628485155e-19 1.1699266090e-03 0.0000000000e+00 
 0.0000000000e+00 0.0000000000e+00 -3.4636993758e-04
 
Elt 2
 -3.4636993758e-04 -3.8837048331e-17 3.5236570606e-17 
 -3.8837048331e-17 1.1699266090e-03 1.3544766701e-16 
 3.5263675660e-17 1.3544766701e-16 -3.4636993758e-04
 
Elt 1
 -3.7007658867e-04 -2.2153159880e-16 -8.0773061850e-17 
 -2.2153159880e-16 1.2314526984e-03 -1.6220059344e-20 
 -8.0773061850e-17 -1.6220059344e-20 -3.7007658867e-04
 
Elt 2
 -3.7007658867e-04 -2.0151561538e-16 -2.5573618744e-17 
 -2.0151561538e-16 1.2314526984e-03 6.9615304904e-17 
 -2.5570230612e-17 6.9615304904e-17 -3.7007658867e-04
 
Elt 1
 -3.9381249708e-04 -2.3952184795e-16 -1.5306224170e-16 
 -2.3952184795e-16 1.2929735365e-03 3.9891425745e-17 
 -1.5303513665e-16 3.9891425745e-17 -3.9381249708e-04
 
Elt 2
 -3.9381249708e-04 -1.2002060225e-16 -1.1026336094e-16 
 -1.2002060225e-16 1.2929735365e-03 1.4587150416e-16 
 -1.1023625589e-16 1.4587150416e-16 -3.9381249708e-04
 
Elt 1
 -4.1217276419e-04 2.3714965821e-17 0.0000000000e+00 
 2.3714965821e-17 1.3544891714e-03 0.0000000000e+00 
 0.0000000000e+00 0.0000000000e+00 -4.1217276419e-04
 
Elt 2
 -4.1217276419e-04 -1.2183129747e-16 -5.5511151231e-17 
 -1.2183129747e-16 1.3544891714e-03 -2.0122801183e-21 
 -5.5484046177e-17 -2.0122801183e-21 -4.1217276419e-04
 
Elt 1
 -4.2581536081e-04 9.9035542246e-17 0.0000000000e+00 
 9.9035542246e-17 1.4159999362e-03 0.0000000000e+00 
 0.0000000000e+00 0.0000000000e+00 -4.2581536081e-04
 
Elt 2
 -4.2581536081e-04 5.0620943345e-17 -2.2117724319e-17 
 5.0620943345e-17 1.4159999362e-03 4.5412268674e-17 
 -2.2117724319e-17 4.5412268674e-17 -4.2581536081e-04
 
Elt 1
 -4.4016152250e-04 -1.5996561802e-16 8.2480680272e-17 
 -1.5996561802e-16 1.4775060790e-03 3.5282090765e-21 
 8.2487456535e-17 3.5282090765e-21 -4.4016152250e-04
 
Elt 2
 -4.4016152250e-04 -1.0497203744e-16 1.0619760279e-16 
 -1.0497203744e-16 1.4775060790e-03 2.0476994776e-16 
 1.0619760279e-16 2.0476994776e-16 -4.4016152250e-04
 
Elt 1
 -4.5935076336e-04 -1.3427393709e-16 5.2353412404e-17 
 -1.3427393709e-16 1.5390075183e-03 -1.5595670994e-17 
 5.2366964931e-17 -1.5595670994e-17 -4.5935076336e-04
 
Elt 2
 -4.5935076336e-04 -2.3082465572e-17 5.1635128465e-17 
 -2.3082465572e-17 1.5390075183e-03 2.3900747721e-20 
 5.1608023410e-17 2.3900747721e-20 -4.5935076336e-04
 
Elt 1
 -4.8213221852e-04 -3.7067321219e-17 0.0000000000e+00 
 -3.7067321219e-17 1.6005039617e-03 0.0000000000e+00 
 0.0000000000e+00 0.0000000000e+00 -4.8213221852e-04
 
Elt 2
 -4.8213221852e-04 1.6204312968e-16 1.3937418927e-16 
 1.6204312968e-16 1.6005039617e-03 4.5391991632e-17 
 1.3940129433e-16 4.5391991632e-17 -4.8213221852e-04
 
Elt 1
 -5.0370253162e-04 -4.9717127818e-17 0.0000000000e+00 
 -4.9717127818e-17 1.6619952276e-03 0.0000000000e+00 
 0.0000000000e+00 0.0000000000e+00 -5.0370253162e-04
 
Elt 2
 -5.0370253162e-04 -1.6753574418e-16 3.4890981163e-17 
 -1.6753574418e-16 1.6619952276e-03 6.2761783533e-17 
 3.4884204900e-17 6.2761783533e-17 -5.0370253162e-04
 
Elt 1
 -5.2099407573e-04 -2.1222336269e-16 -1.0939599920e-16 
 -2.1222336269e-16 1.7234814208e-03 -1.4008587976e-20 
 -1.0939599920e-16 -1.4008587976e-20 -5.2099407573e-04
 
Elt 2
 -5.2099407573e-04 -3.2826811102e-16 -2.0534789147e-16 
 -3.2826811102e-16 1.7234814208e-03 -2.5211572455e-20 
 -2.0532078641e-16 -2.5211572455e-20 -5.2099407573e-04
 
Elt 1
 -5.3563900187e-04 3.6255855140e-17 -1.0730891002e-16 
 3.6255855140e-17 1.7849627964e-03 1.0666216198e-20 
 -1.0730891002e-16 1.0666216198e-20 -5.3563900187e-04
 
Elt 2
 -5.3563900187e-04 -1.8143695443e-16 -6.5594231435e-17 
 -1.8143695443e-16 1.7849627964e-03 1.4292802712e-17 
 -6.5607783963e-17 1.4292802712e-17 -5.3563900187e-04
 
Elt 1
 -5.5181167067e-04 5.7814337948e-18 0.0000000000e+00 
 5.7814337948e-18 1.8464394835e-03 0.0000000000e+00 
 0.0000000000e+00 0.0000000000e+00 -5.5181167067e-04
 
Elt 2
 -5.5181167067e-04 -9.3334523215e-18 0.0000000000e+00 
 -9.3334523215e-18 1.8464394835e-03 0.0000000000e+00 
 0.0000000000e+00 0.0000000000e+00 -5.5181167067e-04
 
Elt 1
 -5.7168842289e-04 1.6014941503e-16 1.0077659193e-16 
 1.6014941503e-16 1.9079113667e-03 1.5521894760e-20 
 1.0077659193e-16 1.5521894760e-20 -5.7168842289e-04
 
Elt 2
 -5.7168842289e-04 -1.3852014480e-16 1.0312117913e-16 
 -1.3852014480e-16 1.9079113667e-03 4.9032943661e-17 
 1.0312117913e-16 4.9032943661e-17 -5.7168842289e-04
 
Elt 1
 -5.9342333770e-04 -1.0606675073e-16 1.0131869302e-16 
 -1.0606675073e-16 1.9693782307e-03 4.1638292262e-17 
 1.0131869302e-16 4.1638292262e-17 -5.9342333770e-04
 
Elt 2
 -5.9342333770e-04 3.6887045912e-18 9.1777713901e-17 
 3.6887045912e-18 1.9693782307e-03 2.1172817788e-16 
 9.1777713901e-17 2.1172817788e-16 -5.9342333770e-04
 
Elt 1
 -6.1345541726e-04 -1.2721073348e-16 0.0000000000e+00 
 -1.2721073348e-16 2.0308399918e-03 0.0000000000e+00 
 0.0000000000e+00 0.0000000000e+00 -6.1345541726e-04
 
Elt 2
 -6.1345541726e-04 1.0683075881e-16 0.0000000000e+00 
 1.0683075881e-16 2.0308399918e-03 0.0000000000e+00 
 0.0000000000e+00 0.0000000000e+00 -6.1345541726e-04
 
Elt 1
 -6.3033560935e-04 1.4546299652e-16 -1.4934884926e-16 
 1.4546299652e-16 2.0922967709e-03 -6.2460869184e-17 
 -1.4932174421e-16 -6.2460869184e-17 -6.3033560935e-04
 
Elt 2
 -6.3033560935e-04 -1.5696111596e-16 -4.8192786567e-17 
 -1.5696111596e-16 2.0922967709e-03 -6.8947655546e-17 
 -4.8192786567e-17 -6.8947655546e-17 -6.3033560935e-04
 
Elt 1
 -6.4599406947e-04 -6.2299946962e-17 -1.3942839938e-16 
 -6.2299946962e-17 2.1537487493e-03 -9.0276252042e-17 
 -1.3942839938e-16 -9.0276252042e-17 -6.4599406947e-04
 
Elt 2
 -6.4599406947e-04 -1.5127735842e-17 -4.8572257327e-17 
 -1.5127735842e-17 2.1537487493e-03 -9.6688247279e-17 
 -4.8572257327e-17 -9.6688247279e-17 -6.4599406947e-04
 
Elt 1
 -6.6341268466e-04 -1.9014685047e-17 -2.0172936672e-17 
 -1.9014685047e-17 2.2151959774e-03 -7.2875226944e-17 
 -2.0166160408e-17 -7.2875226944e-17 -6.6341268466e-04
 
Elt 2
 -6.6341268466e-04 5.9461820637e-17 1.1037178116e-16 
 5.9461820637e-17 2.2151959774e-03 -4.8116331289e-17 
 1.1031757105e-16 -4.8116331289e-17 -6.6341268466e-04
 
Elt 1
 -6.8345952817e-04 7.5090697917e-18 9.9638179651e-17 
 7.5090697917e-18 2.2766383373e-03 4.1655748222e-17 
 9.9638179651e-17 4.1655748222e-17 -6.8345952817e-04
 
Elt 2
 -6.8345952817e-04 -1.2874202145e-16 1.7303866673e-16 
 -1.2874202145e-16 2.2766383373e-03 1.0447192212e-16 
 1.7309287684e-16 1.0447192212e-16 -6.8345952817e-04
 
Elt 1
 -7.0421712170e-04 3.4824992939e-17 2.0046898169e-16 
 3.4824992939e-17 2.3380756819e-03 1.7356522338e-16 
 2.0041477158e-16 1.7356522338e-16 -7.0421712170e-04
 
Elt 2
 -7.0421712170e-04 2.1634874828e-17 1.3314002678e-16 
 2.1634874828e-17 2.3380756819e-03 1.9134238076e-16 
 1.3314002678e-16 1.9134238076e-16 -7.0421712170e-04
 
Elt 1
 -7.2323609376e-04 2.8058582445e-17 5.9685329595e-17 
 2.8058582445e-17 2.3995079896e-03 1.0418472270e-16 
 5.9685329595e-17 1.0418472270e-16 -7.2323609376e-04
 
Elt 2
 -7.2323609376e-04 2.4561968511e-17 1.9179536431e-16 
 2.4561968511e-17 2.3995079896e-03 2.0852649316e-16 
 1.9179536431e-16 2.0852649316e-16 -7.2323609376e-04
 
Elt 1
 -7.4010159131e-04 -1.7270421778e-16 -7.4864160010e-17 
 -1.7270421778e-16 2.4609353741e-03 -2.2597765234e-17 
 -7.4918370119e-17 -2.2597765234e-17 -7.4010159131e-04
 
Elt 2
 -7.4010159131e-04 -3.9085262475e-16 0.0000000000e+00 
 -3.9085262475e-16 2.4609353741e-03 0.0000000000e+00 
 0.0000000000e+00 0.0000000000e+00 -7.4010159131e-04
 
Elt 1
 -7.5664856127e-04 -2.8934358576e-16 -2.1656938395e-16 
 -2.8934358576e-16 2.5223579548e-03 -8.5088611115e-17 
 -2.1656938395e-16 -8.5088611115e-17 -7.5664856127e-04
 
Elt 2
 -7.5664856127e-04 -1.7417683121e-18 -1.5135462328e-16 
 -1.7417683121e-18 2.5223579548e-03 -7.2412479677e-17 
 -1.5132751822e-16 -7.2412479677e-17 -7.5664856127e-04
 
Elt 1
 -7.7484770014e-04 -1.0321520037e-16 -1.0066817172e-16 
 -1.0321520037e-16 2.5837757343e-03 -1.2851819556e-16 
 -1.0066817172e-16 -1.2851819556e-16 -7.7484770014e-04
 
Elt 2
 -7.7484770014e-04 -6.1713103713e-17 -1.3552527155e-20 
 -6.1713103713e-17 2.5837757343e-03 -1.1051778451e-16 
 1.3552527158e-20 -1.1051778451e-16 -7.7484770014e-04
 
Elt 1
 -7.9477036650e-04 7.7820980694e-18 0.0000000000e+00 
 7.7820980694e-18 2.6451886089e-03 0.0000000000e+00 
 0.0000000000e+00 0.0000000000e+00 -7.9477036650e-04
 
Elt 2
 -7.9477036650e-04 1.1102653003e-16 -2.1751806085e-18 
 1.1102653003e-16 2.6451886089e-03 1.2511976905e-16 
 -2.1751806085e-18 1.2511976905e-16 -7.9477036650e-04
 
Elt 1
 -8.1471156519e-04 3.8237361448e-16 1.7062631689e-16 
 3.8237361448e-16 2.7065964865e-03 3.8189123253e-17 
 1.7062631689e-16 3.8189123253e-17 -8.1471156519e-04
 
Elt 2
 -8.1471156519e-04 1.0572516707e-16 2.6725583552e-16 
 1.0572516707e-16 2.7065964865e-03 2.5690580069e-16 
 2.6731004563e-16 2.5690580069e-16 -8.1471156519e-04
 
Elt 1
 -8.3312222429e-04 -6.7948247701e-17 1.0787811616e-16 
 -6.7948247701e-17 2.7679993808e-03 8.3277382731e-17 
 1.0787811616e-16 8.3277382731e-17 -8.3312222429e-04
 
Elt 2
 -8.3312222429e-04 8.3435376598e-17 1.0874547790e-16 
 8.3435376598e-17 2.7679993808e-03 2.1536425392e-16 
 1.0874547790e-16 2.1536425392e-16 -8.3312222429e-04
 
Elt 1
 -8.5018203036e-04 -6.1456042293e-17 0.0000000000e+00 
 -6.1456042293e-17 2.8293973870e-03 0.0000000000e+00 
 0.0000000000e+00 0.0000000000e+00 -8.5018203036e-04
 
Elt 2
 -8.5018203037e-04 -2.6231704560e-16 1.8745855562e-16 
 -2.6231704560e-16 2.8293973870e-03 6.3037613880e-17 
 1.8745855562e-16 6.3037613880e-17 -8.5018203036e-04
 
Elt 1
 -8.6743652235e-04 -2.7599524741e-16 -1.4278942612e-16 
 -2.7599524741e-16 2.8907905766e-03 2.3439704914e-20 
 -1.4289784633e-16 2.3439704914e-20 -8.6743652235e-04
 
Elt 2
 -8.6743652235e-04 -1.7483754535e-16 -1.6105823272e-16 
 -1.7483754535e-16 2.8907905766e-03 1.7361348845e-16 
 -1.6100402261e-16 1.7361348845e-16 -8.6743652235e-04
 
Elt 1
 -8.8607047514e-04 -1.8861967191e-16 -1.9033169138e-16 
 -1.8861967191e-16 2.9521789271e-03 -5.5574168725e-17 
 -1.9038590149e-16 -5.5574168725e-17 -8.8607047514e-04
 
Elt 2
 -8.8607047514e-04 5.2797376234e-18 -1.8339279748e-16 
 5.2797376234e-18 2.9521789271e-03 1.2493242106e-16 
 -1.8344700758e-16 1.2493242106e-16 -8.8607047514e-04
 
Elt 1
 -9.0572965864e-04 -3.1083700774e-17 -9.6656623677e-17 
 -3.1083700774e-17 3.0135623560e-03 -8.4338268742e-21 
 -9.6710833786e-17 -8.4338268742e-21 -9.0572965864e-04
 
Elt 2
 -9.0572965864e-04 6.0325032560e-17 4.2039939238e-17 
 6.0325032560e-17 3.0135623560e-03 1.3900312327e-16 
 4.2039939238e-17 1.3900312327e-16 -9.0572965864e-04
 
Elt 1
 -9.2504328301e-04 -1.1998929775e-16 1.0901652844e-16 
 -1.1998929775e-16 3.0749408119e-03 7.1112655651e-17 
 1.0907073855e-16 7.1112655651e-17 -9.2504328301e-04
 
Elt 2
 -9.2504328301e-04 -1.2220741151e-16 1.6794291652e-16 
 -1.2220741151e-16 3.0749408119e-03 9.4246538243e-17 
 1.6794291652e-16 9.4246538243e-17 -9.2504328301e-04
 
Elt 1
 -9.4313555138e-04 7.8456266631e-17 1.5254724567e-16 
 7.8456266631e-17 3.1363143253e-03 5.3733215637e-17 
 1.5249303556e-16 5.3733215637e-17 -9.4313555138e-04
 
Elt 2
 -9.4313555138e-04 -2.4965226391e-17 2.2215302514e-16 
 -2.4965226391e-17 3.1363143253e-03 1.1503658405e-16 
 2.2209881503e-16 1.1503658405e-16 -9.4313555138e-04
 
Elt 1
 -9.6047318593e-04 -4.2439585808e-17 8.7495115320e-17 
 -4.2439585808e-17 3.1976829692e-03 2.1533726874e-20 
 8.7495115320e-17 2.1533726874e-20 -9.6047318593e-04
 
Elt 2
 -9.6047318593e-04 3.4403337434e-17 1.3574211200e-16 
 3.4403337434e-17 3.1976829692e-03 5.2636508951e-21 
 1.3563369178e-16 5.2636508951e-21 -9.6047318593e-04
 
Elt 1
 -9.7824776287e-04 1.4348620362e-16 -4.6105697385e-17 
 1.4348620362e-16 3.2590467810e-03 -9.7226996254e-17 
 -4.6132802439e-17 -9.7226996254e-17 -9.7824776287e-04
 
Elt 2
 -9.7824776287e-04 -6.7103570420e-17 0.0000000000e+00 
 -6.7103570420e-17 3.2590467810e-03 0.0000000000e+00 
 0.0000000000e+00 0.0000000000e+00 -9.7824776287e-04
 
Elt 1
 -9.9707795274e-04 -6.2825026795e-17 -1.9716216507e-16 
 -6.2825026795e-17 3.3204057282e-03 -1.3545712663e-16 
 -1.9710795496e-16 -1.3545712663e-16 -9.9707795274e-04
 
Elt 2
 -9.9707795274e-04 8.0556265237e-18 -2.1727411537e-16 
 8.0556265237e-18 3.3204057282e-03 -1.5889628838e-16 
 -2.1732832547e-16 -1.5889628838e-16 -9.9707795274e-04
 
Elt 1
 -1.0164337674e-03 5.3955819749e-17 -4.4398078963e-17 
 5.3955819749e-17 3.3817597500e-03 -7.1193051666e-17 
 -4.4343868855e-17 -7.1193051666e-17 -1.0164337674e-03
 
Elt 2
 -1.0164337674e-03 -1.2864674334e-16 0.0000000000e+00 
 -1.2864674334e-16 3.3817597500e-03 0.0000000000e+00 
 0.0000000000e+00 0.0000000000e+00 -1.0164337674e-03
 
Elt 1
 -1.0352992410e-03 6.9997125791e-17 6.0877951985e-17 
 6.9997125791e-17 3.4431088235e-03 2.4305265530e-17 
 6.0877951985e-17 2.4305265530e-17 -1.0352992410e-03
 
Elt 2
 -1.0352992410e-03 -1.0744820016e-16 9.9909230195e-17 
 -1.0744820016e-16 3.4431088235e-03 1.3926064621e-16 
 9.9963440303e-17 1.3926064621e-16 -1.0352992410e-03
 
Elt 1
 -1.0532654886e-03 -8.8524757914e-17 1.0942310426e-16 
 -8.8524757914e-17 3.5044529837e-03 1.2674791814e-16 
 1.0936889415e-16 1.2674791814e-16 -1.0532654886e-03
 
Elt 2
 -1.0532654886e-03 1.4215543644e-17 1.9559007192e-16 
 1.4215543644e-17 3.5044529837e-03 2.9521482526e-16 
 1.9553586181e-16 2.9521482526e-16 -1.0532654886e-03
 
Elt 1
 -1.0708876819e-03 9.1513009887e-17 1.0099343237e-16 
 9.1513009887e-17 3.5657922829e-03 1.6655786242e-16 
 1.0093922226e-16 1.6655786242e-16 -1.0708876819e-03
 
Elt 2
 -1.0708876819e-03 5.9146182087e-17 1.4804780665e-16 
 5.9146182087e-17 3.5657922829e-03 2.0214278611e-16 
 1.4804780665e-16 2.0214278611e-16 -1.0708876819e-03
 
Elt 1
 -1.0890154846e-03 1.2555467693e-16 -5.2041704279e-17 
 1.2555467693e-16 3.6271267354e-03 5.3804959488e-17 
 -5.1933284062e-17 5.3804959488e-17 -1.0890154846e-03
 
Elt 2
 -1.0890154846e-03 -8.2508200902e-17 1.4522888100e-16 
 -8.2508200902e-17 3.6271267354e-03 8.7585674637e-17 
 1.4512046079e-16 8.7585674637e-17 -1.0890154846e-03
 
Elt 1
 -1.1078903174e-03 2.6518334596e-17 -5.4426949059e-17 
 2.6518334596e-17 3.6884563081e-03 -5.3910778937e-17 
 -5.4426949059e-17 -5.3910778937e-17 -1.1078903174e-03
 
Elt 2
 -1.1078903174e-03 7.1119067853e-17 -1.4571677198e-16 
 7.1119067853e-17 3.6884563081e-03 1.1456603643e-16 
 -1.4571677198e-16 1.1456603643e-16 -1.1078903174e-03
 
Elt 1
 -1.1269603638e-03 -3.9002222434e-17 -3.9221013590e-17 
 -3.9002222434e-17 3.7497809599e-03 -1.4935878553e-16 
 -3.9193908535e-17 -1.4935878553e-16 -1.1269603638e-03
 
Elt 2
 -1.1269603638e-03 -1.0149208347e-16 1.1541332126e-16 
 -1.0149208347e-16 3.7497809599e-03 -7.5835111119e-17 
 1.1541332126e-16 -7.5835111119e-17 -1.1269603638e-03
 
Elt 1
 -1.1455291568e-03 5.6298828817e-18 -6.0444271116e-17 
 5.6298828817e-18 3.8111006854e-03 -1.6147308274e-16 
 -6.0417166062e-17 -1.6147308274e-16 -1.1455291568e-03
 
Elt 2
 -1.1455291568e-03 -1.9128085014e-16 -7.1123662515e-17 
 -1.9128085014e-16 3.8111006854e-03 2.0940026254e-17 
 -7.1177872624e-17 2.0940026254e-17 -1.1455291568e-03
 
Elt 1
 -1.1634856823e-03 1.2291971446e-16 2.5532961162e-17 
 1.2291971446e-16 3.8724155179e-03 -5.5520336033e-17 
 2.5424540945e-17 -5.5520336033e-17 -1.1634856823e-03
 
Elt 2
 -1.1634856823e-03 1.1811789828e-16 8.8958788252e-17 
 1.1811789828e-16 3.8724155179e-03 8.3582213075e-17 
 8.8904578144e-17 8.3582213075e-17 -1.1634856823e-03
 
Elt 1
 -1.1813578509e-03 2.1442753347e-17 7.5460471205e-17 
 2.1442753347e-17 3.9337254916e-03 5.9013602100e-17 
 7.5460471205e-17 5.9013602100e-17 -1.1813578509e-03
 
Elt 2
 -1.1813578509e-03 9.9177002837e-17 1.5699247458e-16 
 9.9177002837e-17 3.9337254916e-03 9.0975646260e-17 
 1.5710089479e-16 9.0975646260e-17 -1.1813578509e-03
 
Elt 1
 -1.1997043026e-03 8.4074489994e-17 1.8580514731e-17 
 8.4074489994e-17 3.9950306075e-03 1.2325973951e-16 
 1.8580514731e-17 1.2325973951e-16 -1.1997043026e-03
 
Elt 2
 -1.1997043026e-03 1.1510723154e-16 -8.4838819997e-17 
 1.1510723154e-16 3.9950306075e-03 2.6419729814e-16 
 -8.4838819997e-17 2.6419729814e-16 -1.1997043026e-03
 
Elt 1
 -1.2185374967e-03 -2.7591514988e-17 -3.0913314443e-17 
 -2.7591514988e-17 4.0563308363e-03 1.1104921074e-16 
 -3.0913314443e-17 1.1104921074e-16 -1.2185374967e-03
 
Elt 2
 -1.2185374967e-03 -1.9195603721e-16 -8.0881482067e-17 
 -1.9195603721e-16 4.0563308363e-03 9.8190992045e-17 
 -8.0881482067e-17 9.8190992045e-17 -1.2185374967e-03
 
Elt 1
 -1.2373673887e-03 -2.0031585284e-16 -7.2424705122e-17 
 -2.0031585284e-16 4.1176261527e-03 5.3703633583e-17 
 -7.2424705122e-17 5.3703633583e-17 -1.2373673887e-03
 
Elt 2
 -1.2373673887e-03 -1.8583931845e-16 3.8028391200e-17 
 -1.8583931845e-16 4.1176261527e-03 9.1060720713e-17 
 3.8014838673e-17 9.1060720713e-17 -1.2373673887e-03
 
Elt 1
 -1.2557567385e-03 -1.5781149621e-16 0.0000000000e+00 
 -1.5781149621e-16 4.1789165615e-03 0.0000000000e+00 
 0.0000000000e+00 0.0000000000e+00 -1.2557567385e-03
 
Elt 2
 -1.2557567385e-03 -1.8867585519e-16 0.0000000000e+00 
 -1.8867585519e-16 4.1789165615e-03 0.0000000000e+00 
 0.0000000000e+00 0.0000000000e+00 -1.2557567385e-03
 
Elt 1
 -1.2737647851e-03 1.0280772959e-18 -1.0842021725e-19 
 1.0280772959e-18 4.2402020906e-03 -1.0592202279e-16 
 -1.0842021725e-19 -1.0592202279e-16 -1.2737647851e-03
 
Elt 2
 -1.2737647851e-03 -8.8503190151e-17 5.0632241455e-17 
 -8.8503190151e-17 4.2402020906e-03 -7.5600330040e-17 
 5.0632241455e-17 -7.5600330040e-17 -1.2737647851e-03
 
Elt 1
 -1.2918350497e-03 9.2761798848e-17 5.1933284062e-17 
 9.2761798848e-17 4.3014827604e-03 -7.6424192305e-17 
 5.2041704279e-17 -7.6424192305e-17 -1.2918350497e-03
 
Elt 2
 -1.2918350497e-03 1.6842653931e-16 1.0581813203e-16 
 1.6842653931e-16 4.3014827604e-03 1.0423674144e-16 
 1.0581813203e-16 1.0423674144e-16 -1.2918350497e-03
 
Elt 1
 -1.3102999504e-03 2.8424226449e-17 5.7679555576e-17 
 2.8424226449e-17 4.3627585648e-03 2.0774568118e-17 
 5.7652450522e-17 2.0774568118e-17 -1.3102999504e-03
 
Elt 2
 -1.3102999504e-03 1.1921303893e-17 7.0744191755e-17 
 1.1921303893e-17 4.3627585648e-03 -3.7271074602e-20 
 7.0798401863e-17 -3.7271074602e-20 -1.3102999504e-03
 
Elt 1
 -1.3290507665e-03 1.0338669701e-16 0.0000000000e+00 
 1.0338669701e-16 4.4240294806e-03 0.0000000000e+00 
 0.0000000000e+00 0.0000000000e+00 -1.3290507665e-03
 
Elt 2
 -1.3290507665e-03 1.8134703733e-16 1.0614339269e-16 
 1.8134703733e-16 4.4240294806e-03 1.3235396996e-16 
 1.0614339269e-16 1.3235396996e-16 -1.3290507665e-03
 
Elt 1
 -1.3476949712e-03 4.0841714148e-17 -5.3993268190e-17 
 4.0841714148e-17 4.4852954943e-03 -5.2059015575e-17 
 -5.3884847973e-17 -5.2059015575e-17 -1.3476949712e-03
 
Elt 2
 -1.3476949712e-03 3.4830385541e-17 7.0072484733e-31 
 3.4830385541e-17 4.4852954943e-03 1.5271433811e-16 
 7.0072484733e-31 1.5271433811e-16 -1.3476949712e-03
 
Elt 1
 -1.3659889181e-03 -4.4648238856e-17 -5.5185890580e-17 
 -4.4648238856e-17 4.5465566154e-03 -7.2891002661e-17 
 -5.5185890580e-17 -7.2891002661e-17 -1.3659889181e-03
 
Elt 2
 -1.3659889181e-03 -1.1490468483e-16 -1.5986561033e-16 
 -1.1490468483e-16 4.5465566154e-03 1.1815607860e-16 
 -1.5981140022e-16 1.1815607860e-16 -1.3659889181e-03
 
Elt 1
 -1.3840728086e-03 -1.7607306574e-16 -2.8650042408e-17 
 -1.7607306574e-16 4.6078128652e-03 -5.2114073767e-17 
 -2.8704252517e-17 -5.2114073767e-17 -1.3840728086e-03
 
Elt 2
 -1.3840728086e-03 -2.2719393662e-16 9.9638179651e-17 
 -2.2719393662e-16 4.6078128652e-03 7.6611161942e-17 
 9.9638179651e-17 7.6611161942e-17 -1.3840728086e-03
 
Elt 1
 -1.4022869083e-03 -7.4032537322e-17 2.7023739149e-17 
 -7.4032537322e-17 4.6690642545e-03 4.8628895603e-17 
 2.7023739149e-17 4.8628895603e-17 -1.4022869083e-03
 
Elt 2
 -1.4022869083e-03 -1.3571743108e-16 1.2327378701e-16 
 -1.3571743108e-16 4.6690642545e-03 2.3281095807e-16 
 1.2327378701e-16 2.3281095807e-16 -1.4022869083e-03
 
Elt 1
 -1.4208011547e-03 -2.0505563484e-17 1.4517467090e-16 
 -2.0505563484e-17 4.7303107743e-03 1.5464653334e-16 
 1.4506625068e-16 1.5464653334e-16 -1.4208011547e-03
 
Elt 2
 -1.4208011547e-03 -4.3456610065e-17 1.6534083130e-16 
 -4.3456610065e-17 4.7303107743e-03 1.8841377814e-16 
 1.6534083130e-16 1.8841377814e-16 -1.4208011547e-03
 
Elt 1
 -1.4394581198e-03 8.1217338527e-17 1.0965112422e-30 
 8.1217338527e-17 4.7915524080e-03 1.0941826464e-16 
 1.0965112422e-30 1.0941826464e-16 -1.4394581198e-03
 
Elt 2
 -1.4394581198e-03 -3.5311733107e-17 1.9732479539e-17 
 -3.5311733107e-17 4.7915524080e-03 1.8144775402e-16 
 1.9732479539e-17 1.8144775402e-16 -1.4394581198e-03
 
Elt 1
 -1.4579686897e-03 1.5033099945e-16 0.0000000000e+00 
 1.5033099945e-16 4.8527891498e-03 0.0000000000e+00 
 0.0000000000e+00 0.0000000000e+00 -1.4579686897e-03
 
Elt 2
 -1.4579686897e-03 -3.3363633818e-18 9.8879238131e-17 
 -3.3363633818e-18 4.8527891498e-03 2.6887301891e-21 
 9.8987658348e-17 2.6887301891e-21 -1.4579686897e-03
 
Elt 1
 -1.4762228714e-03 1.0149180676e-16 -1.6176296413e-16 
 1.0149180676e-16 4.9140210106e-03 -1.4070137125e-16 
 -1.6176296413e-16 -1.4070137125e-16 -1.4762228714e-03
 
Elt 2
 -1.4762228714e-03 -7.7608653621e-17 -1.9222904518e-16 
 -7.7608653621e-17 4.9140210106e-03 -9.6462727271e-17 
 -1.9233746540e-16 -9.6462727271e-17 -1.4762228714e-03
 
Elt 1
 -1.4943843286e-03 3.2010210767e-17 -8.9229838796e-17 
 3.2010210767e-17 4.9752480057e-03 -2.1192631196e-16 
 -8.9284048904e-17 -2.1192631196e-16 -1.4943843286e-03
 
Elt 2
 -1.4943843286e-03 -3.3956008679e-17 -3.9193908535e-17 
 -3.3956008679e-17 4.9752480057e-03 -2.1435034926e-16 
 -3.9221013590e-17 -2.1435034926e-16 -1.4943843286e-03
 
Elt 1
 -1.5126938149e-03 -1.7776494113e-17 2.7918205942e-17 
 -1.7776494113e-17 5.0364701395e-03 -1.2348038783e-16 
 2.7918205942e-17 -1.2348038783e-16 -1.5126938149e-03
 
Elt 2
 -1.5126938149e-03 -1.2020342430e-16 4.7271214720e-17 
 -1.2020342430e-16 5.0364701395e-03 -9.6392598711e-17 
 4.7271214720e-17 -9.6392598711e-17 -1.5126938149e-03
 
Elt 1
 -1.5312136787e-03 2.9687180884e-17 1.3877787808e-16 
 2.9687180884e-17 5.0976874026e-03 6.3115139439e-20 
 1.3877787808e-16 6.3115139439e-20 -1.5312136787e-03
 
Elt 2
 -1.5312136787e-03 -2.3517625873e-16 1.9889688854e-16 
 -2.3517625873e-16 5.0976874026e-03 3.5789667542e-17 
 1.9884267843e-16 3.5789667542e-17 -1.5312136787e-03
 
Elt 1
 -1.5497822209e-03 9.7426248099e-17 1.2208116462e-16 
 9.7426248099e-17 5.1588997842e-03 1.4760338507e-16 
 1.2208116462e-16 1.4760338507e-16 -1.5497822209e-03
 
Elt 2
 -1.5497822209e-03 -1.5266402987e-16 2.6335270770e-16 
 -1.5266402987e-16 5.1588997842e-03 1.8848705736e-16 
 2.6324428748e-16 1.8848705736e-16 -1.5497822209e-03
 
Elt 1
 -1.5682031438e-03 -2.6917193885e-17 1.2549640147e-17 
 -2.6917193885e-17 5.2201072837e-03 1.9794077842e-16 
 1.2549640147e-17 1.9794077842e-16 -1.5682031438e-03
 
Elt 2
 -1.5682031438e-03 -4.0558556261e-17 1.4636729329e-17 
 -4.0558556261e-17 5.2201072837e-03 2.0248536608e-16 
 1.4609624274e-17 2.0248536608e-16 -1.5682031438e-03
 
Elt 1
 -1.5864509820e-03 -1.9978158174e-16 -1.3639263330e-16 
 -1.9978158174e-16 5.2813099111e-03 1.1796843679e-16 
 -1.3639263330e-16 1.1796843679e-16 -1.5864509820e-03
 
Elt 2
 -1.5864509820e-03 -6.9708079202e-17 -1.8030282128e-16 
 -6.9708079202e-17 5.2813099111e-03 2.3654646219e-16 
 -1.8019440107e-16 2.3654646219e-16 -1.5864509820e-03
 
Elt 1
 -1.6046796094e-03 -2.8767890230e-16 -1.9147010366e-16 
 -2.8767890230e-16 5.3425076766e-03 -3.2950347719e-17 
 -1.9147010366e-16 -3.2950347719e-17 -1.6046796094e-03
 
Elt 2
 -1.6046796094e-03 -6.7483674048e-17 -6.4238978720e-17 
 -6.7483674048e-17 5.3425076766e-03 -5.4308653848e-17 
 -6.4238978720e-17 -5.4308653848e-17 -1.6046796094e-03
 
Elt 1
 -1.6230454315e-03 -6.0723491510e-17 -8.9988780316e-18 
 -6.0723491510e-17 5.4037005808e-03 -1.3727445390e-16 
 -8.9988780316e-18 -1.3727445390e-16 -1.6230454315e-03
 
Elt 2
 -1.6230454315e-03 -1.0394284964e-16 -2.8460307028e-19 
 -1.0394284964e-16 5.4037005808e-03 -1.1693267645e-16 
 -2.8375603733e-19 -1.1693267645e-16 -1.6230454315e-03
 
Elt 1
 -1.6415462639e-03 1.4907715480e-16 2.3060980209e-16 
 1.4907715480e-16 5.4648886156e-03 -1.3726331462e-16 
 2.3060980209e-16 -1.3726331462e-16 -1.6415462639e-03
 
Elt 2
 -1.6415462639e-03 -1.2999130854e-16 2.3874131838e-16 
 -1.2999130854e-16 5.4648886156e-03 -3.7552684613e-20 
 2.3874131838e-16 -3.7552684613e-20 -1.6415462639e-03
 
Elt 1
 -1.6600399948e-03 2.7244933704e-16 1.8377226824e-16 
 2.7244933704e-16 5.5260717747e-03 -7.8103996636e-17 
 1.8366384802e-16 -7.8103996636e-17 -1.6600399948e-03
 
Elt 2
 -1.6600399948e-03 8.4897317253e-17 2.6562953226e-16 
 8.4897317253e-17 5.5260717747e-03 5.4775154716e-20 
 2.6573795248e-16 5.4775154716e-20 -1.6600399948e-03
 
Elt 1
 -1.6784052469e-03 3.0824236321e-16 0.0000000000e+00 
 3.0824236321e-16 5.5872500602e-03 0.0000000000e+00 
 0.0000000000e+00 0.0000000000e+00 -1.6784052469e-03
 
Elt 2
 -1.6784052469e-03 1.5416945032e-16 1.6609977282e-16 
 1.5416945032e-16 5.5872500602e-03 1.3558208007e-16 
 1.6599135261e-16 1.3558208007e-16 -1.6784052469e-03
 
Elt 1
 -1.6966640877e-03 -1.4156702693e-16 -1.5916087892e-16 
 -1.4156702693e-16 5.6484234807e-03 3.4759236978e-17 
 -1.5916087892e-16 3.4759236978e-17 -1.6966640877e-03
 
Elt 2
 -1.6966640877e-03 6.3015226524e-17 -5.3559587321e-17 
 6.3015226524e-17 5.6484234807e-03 1.4641597242e-16 
 -5.3451167104e-17 1.4641597242e-16 -1.6966640877e-03
 
Elt 1
 -1.7149444778e-03 5.2880700711e-17 -1.7135815336e-16 
 5.2880700711e-17 5.7095920424e-03 4.6763786991e-17 
 -1.7130394325e-16 4.6763786991e-17 -1.7149444778e-03
 
Elt 2
 -1.7149444778e-03 -1.3244699320e-16 -5.9278753781e-17 
 -1.3244699320e-16 5.7095920424e-03 8.1001196768e-17 
 -5.9224543672e-17 8.1001196768e-17 -1.7149444778e-03
 
Elt 1
 -1.7333376629e-03 -4.9681600026e-16 -1.3476633004e-16 
 -4.9681600026e-16 5.7707557438e-03 3.3609232196e-20 
 -1.3476633004e-16 3.3609232197e-20 -1.7333376629e-03
 
Elt 2
 -1.7333376629e-03 -3.6750404010e-16 -5.6703773621e-17 
 -3.6750404010e-16 5.7707557438e-03 1.7042670564e-16 
 -5.6703773621e-17 1.7042670564e-16 -1.7333376629e-03
 
Elt 1
 -1.7518080961e-03 -1.8966425026e-16 7.3400487077e-17 
 -1.8966425026e-16 5.8319145787e-03 7.2913526546e-17 
 7.3400487077e-17 7.2913526546e-17 -1.7518080961e-03
 
Elt 2
 -1.7518080961e-03 -3.2262594597e-16 1.0435445910e-16 
 -3.2262594597e-16 5.8319145787e-03 2.0526398015e-16 
 1.0435445910e-16 2.0526398015e-16 -1.7518080961e-03
 
Elt 1
 -1.7702431412e-03 -1.4828971091e-16 2.1185310450e-16 
 -1.4828971091e-16 5.8930685441e-03 7.1215400903e-17 
 2.1185310450e-16 7.1215400903e-17 -1.7702431412e-03
 
Elt 2
 -1.7702431412e-03 -1.2577822205e-16 2.7766417637e-16 
 -1.2577822205e-16 5.8930685441e-03 7.7694911549e-17 
 2.7755575616e-16 7.7694911549e-17 -1.7702431412e-03
 
Elt 1
 -1.7885769560e-03 -2.4250068225e-16 1.9602375279e-16 
 -2.4250068225e-16 5.9542176436e-03 7.1242546981e-17 
 1.9602375279e-16 7.1242546981e-17 -1.7885769560e-03
 
Elt 2
 -1.7885769560e-03 2.6275766219e-16 2.3982552055e-16 
 2.6275766219e-16 5.9542176436e-03 5.6949555412e-17 
 2.3982552055e-16 5.6949555412e-17 -1.7885769560e-03
 
Elt 1
 -1.8068534015e-03 2.7659099466e-16 0.0000000000e+00 
 2.7659099466e-16 6.0153618836e-03 0.0000000000e+00 
 0.0000000000e+00 0.0000000000e+00 -1.8068534015e-03
 
Elt 2
 -1.8068534015e-03 1.4105070680e-16 -9.5138740636e-17 
 1.4105070680e-16 6.0153618836e-03 1.8849003784e-17 
 -9.5138740636e-17 1.8849003784e-17 -1.8068534015e-03
 
Elt 1
 -1.8251695441e-03 2.2194698293e-16 -2.2085198254e-16 
 2.2194698293e-16 6.0765012676e-03 -1.2336951518e-16 
 -2.2074356232e-16 -1.2336951518e-16 -1.8251695441e-03
 
Elt 2
 -1.8251695441e-03 9.8211553493e-17 -1.4495783046e-16 
 9.8211553493e-17 6.0765012676e-03 4.8980539796e-17 
 -1.4495783046e-16 4.8980539796e-17 -1.8251695441e-03
 
Elt 1
 -1.8435702472e-03 6.9158000977e-17 -2.0805839690e-16 
 6.9158000977e-17 6.1376357934e-03 -2.3283350292e-16 
 -2.0805839690e-16 -2.3283350292e-16 -1.8435702472e-03
 
Elt 2
 -1.8435702472e-03 -3.0649496306e-16 -3.2526065175e-16 
 -3.0649496306e-16 6.1376357934e-03 -2.6261898198e-16 
 -3.2515223153e-16 -2.6261898198e-16 -1.8435702472e-03
 
Elt 1
 -1.8620074026e-03 9.5131660472e-18 -1.2153906354e-16 
 9.5131660472e-18 6.1987654567e-03 -1.9301131277e-16 
 -1.2153906354e-16 -1.9301131277e-16 -1.8620074026e-03
 
Elt 2
 -1.8620074026e-03 -9.3442884654e-17 6.8304736867e-17 
 -9.3442884654e-17 6.1987654567e-03 -6.2220968554e-17 
 6.8304736867e-17 -6.2220968554e-17 -1.8620074026e-03
 
Elt 1
 -1.8803990774e-03 8.1702137253e-17 1.5270987599e-16 
 8.1702137253e-17 6.2598902569e-03 -3.3076034736e-17 
 1.5270987599e-16 -3.3076034736e-17 -1.8803990774e-03
 
Elt 2
 -1.8803990774e-03 -1.9937913792e-16 2.6270218639e-16 
 -1.9937913792e-16 6.2598902569e-03 1.3219363259e-16 
 2.6281060661e-16 1.3219363259e-16 -1.8803990774e-03
 
Elt 1
 -1.8987173566e-03 -2.5831215541e-17 2.6736425573e-16 
 -2.5831215541e-17 6.3210101976e-03 1.8256215378e-16 
 2.6736425573e-16 1.8256215378e-16 -1.8987173566e-03
 
Elt 2
 -1.8987173566e-03 -2.0679828168e-16 2.2941717970e-16 
 -2.0679828168e-16 6.3210101976e-03 2.3052384279e-16 
 2.2952559992e-16 2.3052384279e-16 -1.8987173566e-03
 
Elt 1
 -1.9170114843e-03 -3.1402069654e-17 1.0657707356e-16 
 -3.1402069654e-17 6.3821252836e-03 3.0403722385e-16 
 1.0663128366e-16 3.0403722385e-16 -1.9170114843e-03
 
Elt 2
 -1.9170114843e-03 -2.0673161922e-16 2.8102520311e-16 
 -2.0673161922e-16 6.3821252836e-03 4.5876573881e-16 
 2.8102520311e-16 4.5876573881e-16 -1.9170114843e-03
 
Elt 1
 -1.9353491751e-03 -2.1142369785e-17 -1.0202342443e-16 
 -2.1142369785e-17 6.4432355165e-03 2.4148477770e-16 
 -1.0213184465e-16 2.4148477770e-16 -1.9353491751e-03
 
Elt 2
 -1.9353491751e-03 -7.6986241679e-17 -1.0842021725e-19 
 -7.6986241679e-17 6.4432355165e-03 2.4476987073e-16 
 -1.0842021725e-19 2.4476987073e-16 -1.9353491751e-03
 
Elt 1
 -1.9537449848e-03 -3.9575164079e-17 -2.1304572689e-16 
 -3.9575164079e-17 6.5043408943e-03 -1.3107427442e-19 
 -2.1293730668e-16 -1.3107427442e-19 -1.9537449848e-03
 
Elt 2
 -1.9537449848e-03 -7.1899430812e-17 -1.6609977282e-16 
 -7.1899430812e-17 6.5043408943e-03 1.9476521886e-16 
 -1.6609977282e-16 1.9476521886e-16 -1.9537449848e-03
 
Elt 1
 -1.9721508304e-03 -1.4528119140e-17 -9.5084530527e-17 
 -1.4528119140e-17 6.5654414142e-03 -1.7380376293e-16 
 -9.5084530527e-17 -1.7380376293e-16 -1.9721508304e-03
 
Elt 2
 -1.9721508304e-03 9.4806351412e-17 -3.1983964088e-17 
 9.4806351412e-17 6.5654414142e-03 -1.9649694445e-16 
 -3.1983964088e-17 -1.9649694445e-16 -1.9721508304e-03
 
Elt 1
 -1.9905119901e-03 9.5217960140e-17 3.0723579063e-17 
 9.5217960140e-17 6.6265370770e-03 -2.2096548644e-16 
 3.0737131590e-17 -2.2096548644e-16 -1.9905119901e-03
 
Elt 2
 -1.9905119901e-03 6.9035448496e-17 8.4134088585e-17 
 6.9035448496e-17 6.6265370770e-03 -1.6627962412e-16 
 8.4134088585e-17 -1.6627962412e-16 -1.9905119901e-03
 
Elt 1
 -2.0088241401e-03 8.3002180622e-17 1.9342166757e-16 
 8.3002180622e-17 6.6876278860e-03 -1.8456948411e-16 
 1.9342166757e-16 -1.8456948411e-16 -2.0088241401e-03
 
Elt 2
 -2.0088241401e-03 1.0059787423e-16 1.1622647289e-16 
 1.0059787423e-16 6.6876278860e-03 -1.5862532055e-16 
 1.1622647289e-16 -1.5862532055e-16 -2.0088241401e-03
 
Elt 1
 -2.0271325865e-03 1.1714377122e-16 1.3097162244e-16 
 1.1714377122e-16 6.7487138447e-03 -4.1763000248e-17 
 1.3097162244e-16 -4.1763000248e-17 -2.0271325865e-03
 
Elt 2
 -2.0271325865e-03 8.6804309252e-17 1.3693473438e-16 
 8.6804309252e-17 6.7487138447e-03 -6.0883833746e-17 
 1.3704315460e-16 -6.0883833746e-17 -2.0271325865e-03
 
Elt 1
 -2.0454804629e-03 -5.7906356015e-17 7.0581561429e-17 
 -5.7906356015e-17 6.8097949536e-03 8.6832890824e-17 
 7.0581561429e-17 8.6832890824e-17 -2.0454804629e-03
 
Elt 2
 -2.0454804629e-03 -9.4853031858e-17 1.5276408610e-16 
 -9.4853031858e-17 6.8097949536e-03 9.1783565758e-17 
 1.5287250632e-16 9.1783565758e-17 -2.0454804629e-03
 
Elt 1
 -2.0638645311e-03 -5.6510807759e-17 -1.9190378453e-16 
 -5.6510807759e-17 6.8708712108e-03 2.0503451944e-16 
 -1.9168694410e-16 2.0503451944e-16 -2.0638645311e-03
 
Elt 2
 -2.0638645311e-03 -1.3199765964e-16 -6.5241865729e-17 
 -1.3199765964e-16 6.8708712108e-03 2.3777005414e-16 
 -6.5214760675e-17 2.3777005414e-16 -2.0638645311e-03
 
Elt 1
 -2.0822433215e-03 -7.0856950593e-17 -2.2128566340e-16 
 -7.0856950593e-17 6.9319426153e-03 1.3553582814e-16 
 -2.2128566340e-16 1.3553582814e-16 -2.0822433215e-03
 
Elt 2
 -2.0822433215e-03 -2.9072069947e-16 -2.3538029165e-16 
 -2.9072069947e-16 6.9319426153e-03 2.3029232534e-16 
 -2.3538029165e-16 2.3029232534e-16 -2.0822433215e-03
 
Elt 1
 -2.1005838117e-03 -2.1895333905e-16 -6.5268970784e-17 
 -2.1895333905e-16 6.9930091682e-03 1.9160967543e-17 
 -6.5268970784e-17 1.9160967543e-17 -2.1005838117e-03
 
Elt 2
 -2.1005838117e-03 -1.8198363379e-16 4.1199682554e-17 
 -1.8198363379e-16 6.9930091682e-03 8.4313606102e-17 
 4.1199682554e-17 8.4313606102e-17 -2.1005838117e-03
 
Elt 1
 -2.1188945679e-03 -1.2434317617e-16 0.0000000000e+00 
 -1.2434317617e-16 7.0540708727e-03 0.0000000000e+00 
 0.0000000000e+00 0.0000000000e+00 -2.1188945679e-03
 
Elt 2
 -2.1188945679e-03 -7.1697334581e-17 1.6393136848e-16 
 -7.1697334581e-17 7.0540708727e-03 -3.5859326122e-20 
 1.6393136848e-16 -3.5859326122e-20 -2.1188945679e-03
 
Elt 1
 -2.1372126106e-03 3.0253322208e-16 1.4289784633e-16 
 3.0253322208e-16 7.1151277308e-03 -9.0323762255e-17 
