Elt 1
 0.0000000000e+00 0.0000000000e+00 0.0000000000e+00 
 0.0000000000e+00 0.0000000000e+00 0.0000000000e+00 
 0.0000000000e+00 0.0000000000e+00 0.0000000000e+00
 
Elt 2
 0.0000000000e+00 0.0000000000e+00 0.0000000000e+00 
 0.0000000000e+00 0.0000000000e+00 0.0000000000e+00 
 0.0000000000e+00 0.0000000000e+00 0.0000000000e+00
 
Elt 1
 0.0000000000e+00 0.0000000000e+00 0.0000000000e+00 
 0.0000000000e+00 0.0000000000e+00 0.0000000000e+00 
 0.0000000000e+00 0.0000000000e+00 0.0000000000e+00
 
Elt 2
 -1.8242684906e-16 -8.6456848471e-17 1.1891555708e-16 
 -8.6456848471e-17 -3.9667047532e-16 1.4210737466e-16 
 1.1891555708e-16 1.4210737466e-16 -3.0908109532e-16
 
Elt 1
 -5.6101173091e-05 -1.0857287658e-16 0.0000000000e+00 
 -1.0857287658e-16 5.4451234496e-04 0.0000000000e+00 
 0.0000000000e+00 0.0000000000e+00 -5.6101173091e-05
 
Elt 2
 -5.6101173091e-05 -2.3807416353e-17 1.2226497077e-17 
 -2.3807416353e-17 5.4451234496e-04 1.3881563079e-16 
 1.2226073561e-17 1.3881563079e-16 -5.6101173091e-05
 
Elt 1
 -2.9763433652e-04 1.0614739790e-17 0.0000000000e+00 
 1.0614739790e-17 1.0886767509e-03 0.0000000000e+00 
 0.0000000000e+00 0.0000000000e+00 -2.9763433652e-04
 
Elt 2
 -2.9763433652e-04 -1.2712889985e-16 1.1029046600e-16 
 -1.2712889985e-16 1.0886767509e-03 7.4750442590e-21 
 1.1029046600e-16 7.4750442590e-21 -2.9763433652e-04
 
Elt 1
 -5.8433643931e-04 1.2462710601e-16 0.0000000000e+00 
 1.2462710601e-16 1.6324034136e-03 0.0000000000e+00 
 0.0000000000e+00 0.0000000000e+00 -5.8433643931e-04
 
Elt 2
 -5.8433643931e-04 -6.4070269109e-17 -1.0406442180e-30 
 -6.4070269109e-17 1.6324034136e-03 4.8848385014e-17 
 -5.4210108625e-20 4.8848385014e-17 -5.8433643931e-04
 
Elt 1
 -7.2623353789e-04 2.7178963472e-16 0.0000000000e+00 
 2.7178963472e-16 2.1756931144e-03 0.0000000000e+00 
 0.0000000000e+00 0.0000000000e+00 -7.2623353789e-04
 
Elt 2
 -7.2623353789e-04 -4.1897838830e-17 0.0000000000e+00 
 -4.1897838830e-17 2.1756931144e-03 0.0000000000e+00 
 0.0000000000e+00 0.0000000000e+00 -7.2623353789e-04
 
Elt 1
 -7.7329865541e-04 -1.6955606775e-16 0.0000000000e+00 
 -1.6955606775e-16 2.7186253784e-03 0.0000000000e+00 
 0.0000000000e+00 0.0000000000e+00 -7.7329865541e-04
 
Elt 2
 -7.7329865541e-04 -1.7697121593e-16 0.0000000000e+00 
 -1.7697121593e-16 2.7186253784e-03 0.0000000000e+00 
 0.0000000000e+00 0.0000000000e+00 -7.7329865541e-04
 
Elt 1
 -9.1059039786e-04 -1.2797887057e-16 0.0000000000e+00 
 -1.2797887057e-16 3.2612306298e-03 0.0000000000e+00 
 0.0000000000e+00 0.0000000000e+00 -9.1059039786e-04
 
Elt 2
 -9.1059039786e-04 -7.6367384046e-17 2.3323899236e-17 
 -7.6367384046e-17 3.2612306298e-03 2.0130783216e-16 
 2.3310346708e-17 2.0130783216e-16 -9.1059039786e-04
 
Elt 1
 -1.1648203106e-03 7.5152128309e-17 0.0000000000e+00 
 7.5152128309e-17 3.8034518717e-03 0.0000000000e+00 
 0.0000000000e+00 0.0000000000e+00 -1.1648203106e-03
 
Elt 2
 -1.1648203106e-03 -2.3136875504e-17 2.2131276846e-17 
 -2.3136875504e-17 3.8034518717e-03 1.8749842831e-16 
 2.2131276846e-17 1.8749842831e-16 -1.1648203106e-03
 
Elt 1
 -1.3844092655e-03 -5.0245265106e-18 0.0000000000e+00 
 -5.0245265106e-18 4.3452417530e-03 0.0000000000e+00 
 0.0000000000e+00 0.0000000000e+00 -1.3844092655e-03
 
Elt 2
 -1.3844092655e-03 -1.1441891040e-17 1.0538445117e-16 
 -1.1441891040e-17 4.3452417530e-03 1.5988708239e-16 
 1.0538445117e-16 1.5988708239e-16 -1.3844092655e-03
 
Elt 1
 -1.4886686510e-03 1.5765872134e-16 0.0000000000e+00 
 1.5765872134e-16 4.8866328414e-03 0.0000000000e+00 
 0.0000000000e+00 0.0000000000e+00 -1.4886686510e-03
 
Elt 2
 -1.4886686510e-03 -5.4724743248e-17 9.4325589006e-17 
 -5.4724743248e-17 4.8866328414e-03 4.9252731536e-20 
 9.4217168789e-17 4.9252731536e-20 -1.4886686510e-03
 
Elt 1
 -1.5794932576e-03 6.4418737709e-17 3.7947076037e-17 
 6.4418737709e-17 5.4276795013e-03 3.6333352332e-17 
 3.7838655820e-17 3.6333352332e-17 -1.5794932576e-03
 
Elt 2
 -1.5794932576e-03 -3.7351889898e-18 3.2363434849e-17 
 -3.7351889898e-18 5.4276795013e-03 1.8080168061e-16 
 3.2363434849e-17 1.8080168061e-16 -1.5794932576e-03
 
Elt 1
 -1.7658165025e-03 5.5278432488e-18 0.0000000000e+00 
 5.5278432488e-18 5.9683746283e-03 0.0000000000e+00 
 0.0000000000e+00 0.0000000000e+00 -1.7658165025e-03
 
Elt 2
 -1.7658165025e-03 2.3286969294e-17 1.4018734090e-16 
 2.3286969294e-17 5.9683746283e-03 1.1160260032e-16 
 1.4029576112e-16 1.1160260032e-16 -1.7658165025e-03
 
Elt 1
 -1.9995903887e-03 -2.7014392843e-16 0.0000000000e+00 
 -2.7014392843e-16 6.5086689373e-03 0.0000000000e+00 
 0.0000000000e+00 0.0000000000e+00 -1.9995903887e-03
 
Elt 2
 -1.9995903887e-03 2.7265147135e-17 3.8272336689e-17 
 2.7265147135e-17 6.5086689373e-03 2.0832745418e-16 
 3.8272336689e-17 2.0832745418e-16 -1.9995903887e-03
 
Elt 1
 -2.1676458600e-03 -7.3603565390e-17 0.0000000000e+00 
 -7.3603565390e-17 7.0485509213e-03 0.0000000000e+00 
 0.0000000000e+00 0.0000000000e+00 -2.1676458600e-03
 
Elt 2
 -2.1676458600e-03 1.6093933186e-17 6.5865281978e-17 
 1.6093933186e-17 7.0485509213e-03 7.0743147107e-17 
 6.5811071870e-17 7.0743147107e-17 -2.1676458600e-03
 
Elt 1
 -2.2695521386e-03 2.3059632478e-17 0.0000000000e+00 
 2.3059632478e-17 7.5880600085e-03 0.0000000000e+00 
 0.0000000000e+00 0.0000000000e+00 -2.2695521386e-03
 
Elt 2
 -2.2695521386e-03 -4.8098155941e-17 2.3472977034e-17 
 -4.8098155941e-17 7.5880600085e-03 1.6703334615e-16 
 2.3364556817e-17 1.6703334615e-16 -2.2695521386e-03
 
Elt 1
 -2.4039765078e-03 -4.5386030264e-17 0.0000000000e+00 
 -4.5386030264e-17 8.1272217479e-03 0.0000000000e+00 
 0.0000000000e+00 0.0000000000e+00 -2.4039765078e-03
 
Elt 2
 -2.4039765078e-03 -2.0220078533e-16 1.1123914290e-16 
 -2.0220078533e-16 8.1272217479e-03 1.4287762474e-16 
 1.1123914290e-16 1.4287762474e-16 -2.4039765078e-03
 
Elt 1
 -2.6081069714e-03 -1.0434249571e-17 0.0000000000e+00 
 -1.0434249571e-17 8.6660120861e-03 0.0000000000e+00 
 0.0000000000e+00 0.0000000000e+00 -2.6081069714e-03
 
Elt 2
 -2.6081069714e-03 4.6926604669e-17 9.9746599869e-17 
 4.6926604669e-17 8.6660120861e-03 -3.2429287469e-17 
 1.0018028074e-16 -3.2429287469e-17 -2.6081069714e-03
 
Elt 1
 -2.8096126656e-03 -2.3150572481e-16 -5.3993268190e-17 
 -2.3150572481e-16 9.2044005889e-03 -1.8782720662e-19 
 -5.3993268190e-17 -1.8782720662e-19 -2.8096126656e-03
 
Elt 2
 -2.8096126656e-03 -3.9948040476e-17 4.0766001685e-17 
 -3.9948040476e-17 9.2044005889e-03 1.3942467784e-16 
 4.0766001685e-17 1.3942467784e-16 -2.8096126656e-03
 
Elt 1
 -2.9491738973e-03 -2.7378644139e-17 -4.1199682554e-17 
 -2.7378644139e-17 9.7423977018e-03 9.2860581716e-20 
 -4.1199682554e-17 9.2860581716e-20 -2.9491738973e-03
 
Elt 2
 -2.9491738973e-03 -2.3951152171e-18 5.4643789493e-17 
 -2.3951152171e-18 9.7423977018e-03 5.0695406955e-17 
 5.4426949059e-17 5.0695406955e-17 -2.9491738973e-03
 
Elt 1
 -3.0679502959e-03 1.7102446212e-17 0.0000000000e+00 
 1.7102446212e-17 1.0280034589e-02 0.0000000000e+00 
 0.0000000000e+00 0.0000000000e+00 -3.0679502959e-03
 
Elt 2
 -3.0679502959e-03 5.4929560499e-17 1.0907073855e-16 
 5.4929560499e-17 1.0280034589e-02 4.0835412453e-20 
 1.0907073855e-16 4.0835412453e-20 -3.0679502959e-03
 
Elt 1
 -3.2329588151e-03 1.1014782274e-16 4.9656459500e-17 
 1.1014782274e-16 1.0817314452e-02 -1.9942504391e-20 
 4.9656459500e-17 -1.9942504391e-20 -3.2329588151e-03
 
Elt 2
 -3.2329588151e-03 5.1095508791e-17 9.9746599869e-17 
 5.1095508791e-17 1.0817314452e-02 8.0252222261e-20 
 9.9746599869e-17 8.0252222261e-20 -3.2329588151e-03
 
Elt 1
 -3.4329900837e-03 2.2684108726e-17 0.0000000000e+00 
 2.2684108726e-17 1.1354212092e-02 0.0000000000e+00 
 0.0000000000e+00 0.0000000000e+00 -3.4329900837e-03
 
Elt 2
 -3.4329900837e-03 -2.5570094737e-17 -6.4510029263e-18 
 -2.5570094737e-17 1.1354212092e-02 1.2906293149e-16 
 -6.4510029263e-18 1.2906293149e-16 -3.4329900837e-03
 
Elt 1
 -3.6054154317e-03 -2.1195732484e-16 0.0000000000e+00 
 -2.1195732484e-16 1.1890716227e-02 0.0000000000e+00 
 0.0000000000e+00 0.0000000000e+00 -3.6054154317e-03
 
Elt 2
 -3.6054154317e-03 1.7099104164e-16 0.0000000000e+00 
 1.7099104164e-16 1.1890716227e-02 0.0000000000e+00 
 0.0000000000e+00 0.0000000000e+00 -3.6054154317e-03
 
Elt 1
 -3.7370139925e-03 7.1545485646e-17 0.0000000000e+00 
 7.1545485646e-17 1.2426845435e-02 0.0000000000e+00 
 0.0000000000e+00 0.0000000000e+00 -3.7370139925e-03
 
Elt 2
 -3.7370139925e-03 -9.4891741007e-17 3.3285006695e-17 
 -9.4891741007e-17 1.2426845435e-02 1.4691887402e-16 
 3.3285006695e-17 1.4691887402e-16 -3.7370139925e-03
 
Elt 1
 -3.8776007317e-03 -1.1352751211e-16 -3.5116982050e-31 
 -1.1352751211e-16 1.2962617129e-02 6.8020388821e-17 
 -3.5116982050e-31 6.8020388821e-17 -3.8776007317e-03
 
Elt 2
 -3.8776007317e-03 -1.9647010551e-17 3.6754453647e-17 
 -1.9647010551e-17 1.2962617129e-02 1.2100109153e-16 
 3.6754453647e-17 1.2100109153e-16 -3.8776007317e-03
 
Elt 1
 -4.0569399546e-03 -8.8278792913e-17 0.0000000000e+00 
 -8.8278792913e-17 1.3498022266e-02 0.0000000000e+00 
 0.0000000000e+00 0.0000000000e+00 -4.0569399546e-03
 
Elt 2
 -4.0569399546e-03 -1.4391571720e-16 -1.2874900798e-17 
 -1.4391571720e-16 1.3498022266e-02 8.8363707631e-17 
 -1.2874900798e-17 8.8363707631e-17 -4.0569399546e-03
 
Elt 1
 -4.2424149675e-03 3.7485464071e-17 0.0000000000e+00 
 3.7485464071e-17 1.4033043149e-02 0.0000000000e+00 
 0.0000000000e+00 0.0000000000e+00 -4.2424149675e-03
 
Elt 2
 -4.2424149675e-03 -6.5161181571e-17 9.0422461185e-17 
 -6.5161181571e-17 1.4033043149e-02 3.2634018059e-21 
 9.0422461185e-17 3.2634018059e-21 -4.2424149675e-03
 
Elt 1
 -4.3961767981e-03 2.7327186879e-16 0.0000000000e+00 
 2.7327186879e-16 1.4567681985e-02 0.0000000000e+00 
 0.0000000000e+00 0.0000000000e+00 -4.3961767981e-03
 
Elt 2
 -4.3961767981e-03 3.0275517502e-16 1.8930169932e-16 
 3.0275517502e-16 1.4567681985e-02 1.2046969534e-19 
 1.8930169932e-16 1.2046969534e-19 -4.3961767981e-03
 
Elt 1
 -4.5329321495e-03 9.8566514967e-17 0.0000000000e+00 
 9.8566514967e-17 1.5101955755e-02 0.0000000000e+00 
 0.0000000000e+00 0.0000000000e+00 -4.5329321495e-03
 
Elt 2
 -4.5329321495e-03 6.4475174234e-17 1.4831885720e-16 
 6.4475174234e-17 1.5101955755e-02 2.0240548990e-16 
 1.4875253807e-16 2.0240548990e-16 -4.5329321495e-03
 
Elt 1
 -4.6910407639e-03 4.1025524970e-17 -6.1799523832e-17 
 4.1025524970e-17 1.5635869460e-02 -6.6658761440e-17 
 -6.2016364266e-17 -6.6658761440e-17 -4.6910407639e-03
 
Elt 2
 -4.6910407639e-03 -7.1036286837e-17 5.0740661672e-17 
 -7.1036286837e-17 1.5635869460e-02 -5.2574477735e-17 
 5.0740661672e-17 -5.2574477735e-17 -4.6910407639e-03
 
Elt 1
 -4.8715481055e-03 -4.6500787474e-17 -1.7889335846e-17 
 -4.6500787474e-17 1.6169410889e-02 -1.0963554506e-16 
 -1.7780915629e-17 -1.0963554506e-16 -4.8715481055e-03
 
Elt 2
 -4.8715481055e-03 -3.8122669676e-17 1.3917462239e-31 
 -3.8122669676e-17 1.6169410889e-02 -1.0074837022e-16 
 1.3917462239e-31 -1.0074837022e-16 -4.8715481055e-03
 
Elt 1
 -5.0413632601e-03 -7.8139399046e-17 0.0000000000e+00 
 -7.8139399046e-17 1.6702572048e-02 0.0000000000e+00 
 0.0000000000e+00 0.0000000000e+00 -5.0413632601e-03
 
Elt 2
 -5.0413632601e-03 -7.4671257709e-17 -9.6222942808e-19 
 -7.4671257709e-17 1.6702572048e-02 -9.2530083393e-17 
 -9.6222942808e-19 -9.2530083393e-17 -5.0413632601e-03
 
Elt 1
 -5.1876568817e-03 -4.4973193041e-18 -1.9003004717e-32 
 -4.4973193041e-18 1.7235361452e-02 1.2365092171e-16 
 -1.9003004717e-32 1.2365092171e-16 -5.1876568817e-03
 
Elt 2
 -5.1876568817e-03 -4.2059306404e-17 -5.4210108625e-20 
 -4.2059306404e-17 1.7235361452e-02 2.1046968686e-16 
 5.4210108624e-20 2.1046968686e-16 -5.1876568817e-03
 
Elt 1
 -5.3346842326e-03 1.6435737319e-17 -4.3368086899e-19 
 1.6435737319e-17 1.7767789887e-02 1.5132272601e-16 
 4.3368086899e-19 1.5132272601e-16 -5.3346842326e-03
 
Elt 2
 -5.3346842326e-03 -5.7983317757e-17 1.0018028074e-16 
 -5.7983317757e-17 1.7767789887e-02 2.0456009733e-16 
 1.0018028074e-16 2.0456009733e-16 -5.3346842326e-03
 
Elt 1
 -5.5023356101e-03 -2.7969799235e-17 0.0000000000e+00 
 -2.7969799235e-17 1.8299854566e-02 0.0000000000e+00 
 0.0000000000e+00 0.0000000000e+00 -5.5023356101e-03
 
Elt 2
 -5.5023356101e-03 -1.5945305393e-16 0.0000000000e+00 
 -1.5945305393e-16 1.8299854566e-02 0.0000000000e+00 
 0.0000000000e+00 0.0000000000e+00 -5.5023356101e-03
 
Elt 1
 -5.6765695973e-03 2.3204644723e-17 -4.2500725161e-17 
 2.3204644723e-17 1.8831545866e-02 -1.4855836072e-16 
 -4.2500725161e-17 -1.4855836072e-16 -5.6765695973e-03
 
Elt 2
 -5.6765695973e-03 -4.3040600626e-17 -1.0972125986e-16 
 -4.3040600626e-17 1.8831545866e-02 -1.5647826775e-16 
 -1.1058862159e-16 -1.5647826775e-16 -5.6765695973e-03
 
Elt 1
 -5.8350260804e-03 6.4847815350e-17 -1.8214596498e-17 
 6.4847815350e-17 1.9362863537e-02 -1.5678985195e-16 
 -1.8214596498e-17 -1.5678985195e-16 -5.8350260804e-03
 
Elt 2
 -5.8350260804e-03 1.2201775398e-16 1.4224732503e-16 
 1.2201775398e-16 1.9362863537e-02 -1.0121439158e-16 
 1.4224732503e-16 -1.0121439158e-16 -5.8350260804e-03
 
Elt 1
 -5.9819862730e-03 2.4994899048e-16 0.0000000000e+00 
 2.4994899048e-16 1.9893816626e-02 0.0000000000e+00 
 0.0000000000e+00 0.0000000000e+00 -5.9819862730e-03
 
Elt 2
 -5.9819862730e-03 7.9787239232e-17 0.0000000000e+00 
 7.9787239232e-17 1.9893816626e-02 0.0000000000e+00 
 0.0000000000e+00 0.0000000000e+00 -5.9819862730e-03
 
Elt 1
 -6.1384721310e-03 2.3962298671e-17 -1.1102230246e-16 
 2.3962298671e-17 2.0424409323e-02 1.1682488991e-16 
 -1.1188966420e-16 1.1682488991e-16 -6.1384721310e-03
 
Elt 2
 -6.1384721310e-03 4.0611624314e-17 -3.5344990823e-17 
 4.0611624314e-17 2.0424409323e-02 1.6052881695e-16 
 -3.5453411040e-17 1.6052881695e-16 -6.1384721310e-03
 
Elt 1
 -6.3082051136e-03 -7.8817390696e-17 4.1416522989e-17 
 -7.8817390696e-17 2.0954635995e-02 8.7147972754e-17 
 4.1416522989e-17 8.7147972754e-17 -6.3082051136e-03
 
Elt 2
 -6.3082051136e-03 -1.6572804397e-16 1.7087026238e-16 
 -1.6572804397e-16 2.0954635995e-02 2.1132247602e-16 
 1.7087026238e-16 2.1132247602e-16 -6.3082051136e-03
 
Elt 1
 -6.4741706873e-03 -1.3682820851e-16 1.0755285551e-16 
 -1.3682820851e-16 2.1484491761e-02 -9.6231213737e-20 
 1.0711917464e-16 -9.6231213737e-20 -6.4741706873e-03
 
Elt 2
 -6.4741706873e-03 -4.1935953883e-16 1.5655879371e-16 
 -4.1935953883e-16 2.1484491761e-02 9.1546825954e-20 
 1.5699247458e-16 9.1546825954e-20 -6.4741706873e-03
 
Elt 1
 -6.6271180413e-03 -1.8068208192e-16 5.6378512969e-17 
 -1.8068208192e-16 2.2013980552e-02 1.2686499653e-19 
 5.6378512969e-17 1.2686499653e-19 -6.6271180413e-03
 
Elt 2
 -6.6271180413e-03 9.0566398707e-18 1.4268100590e-16 
 9.0566398707e-18 2.2013980552e-02 -5.7256792351e-17 
 1.4268100590e-16 -5.7256792351e-17 -6.6271180413e-03
 
Elt 1
 -6.7786231102e-03 1.4010366017e-16 -1.0711917464e-16 
 1.4010366017e-16 2.2543108756e-02 1.2250765255e-19 
 -1.0755285551e-16 1.2250765255e-19 -6.7786231102e-03
 
Elt 2
 -6.7786231102e-03 -7.6856971862e-17 -1.1015494072e-16 
 -7.6856971862e-17 2.2543108756e-02 -2.1627127777e-19 
 -1.0972125986e-16 -2.1627127777e-19 -6.7786231102e-03
 
Elt 1
 -6.9408197607e-03 2.7066446850e-16 -5.5511151231e-17 
 2.7066446850e-16 2.3071875946e-02 -2.1652952791e-19 
 -5.5944832100e-17 -2.1652952791e-19 -6.9408197607e-03
 
Elt 2
 -6.9408197607e-03 5.8156130875e-17 -5.5077470362e-17 
 5.8156130875e-17 2.3071875946e-02 -2.6229845680e-17 
 -5.5077470362e-17 -2.6229845680e-17 -6.9408197607e-03
 
Elt 1
 -7.1078707900e-03 1.8964921870e-16 2.2334564753e-17 
 1.8964921870e-16 2.3600277168e-02 -6.6376137757e-17 
 2.2334564753e-17 -6.6376137757e-17 -7.1078707900e-03
 
Elt 2
 -7.1078707900e-03 3.2934844502e-16 5.9414279052e-17 
 3.2934844502e-16 2.3600277168e-02 -1.6424811446e-17 
 5.9414279052e-17 -1.6424811446e-17 -7.1078707900e-03
 
Elt 1
 -7.2671569152e-03 -4.6030443969e-17 1.5308934675e-16 
 -4.6030443969e-17 2.4128311809e-02 -6.9601994620e-17 
 1.5352302762e-16 -6.9601994620e-17 -7.2671569152e-03
 
Elt 2
 -7.2671569152e-03 -2.7748633648e-16 1.6740081543e-16 
 -2.7748633648e-16 2.4128311809e-02 1.2519331744e-16 
 1.6783449630e-16 1.2519331744e-16 -7.2671569152e-03
 
Elt 1
 -7.4193614162e-03 -1.0831553800e-16 0.0000000000e+00 
 -1.0831553800e-16 2.4655984715e-02 0.0000000000e+00 
 0.0000000000e+00 0.0000000000e+00 -7.4193614162e-03
 
Elt 2
 -7.4193614162e-03 -1.5399140837e-16 -6.7001307398e-31 
 -1.5399140837e-16 2.4655984715e-02 1.8169152918e-16 
 -6.7001307398e-31 1.8169152918e-16 -7.4193614162e-03
 
Elt 1
 -7.5757215468e-03 -1.4349670576e-16 -5.4643789493e-17 
 -1.4349670576e-16 2.5183298853e-02 1.0305848103e-16 
 -5.5077470362e-17 1.0305848103e-16 -7.5757215468e-03
 
Elt 2
 -7.5757215468e-03 -1.7092445697e-16 1.1188966420e-16 
 -1.7092445697e-16 2.5183298853e-02 7.0108848918e-17 
 1.1102230246e-16 7.0108848918e-17 -7.5757215468e-03
 
Elt 1
 -7.7395466875e-03 -6.9618300631e-17 -1.1102230246e-16 
 -6.9618300631e-17 2.5710251787e-02 1.3113628514e-16 
 -1.1145598333e-16 1.3113628514e-16 -7.7395466875e-03
 
Elt 2
 -7.7395466875e-03 -1.5676409163e-16 -7.5243630770e-17 
 -1.5676409163e-16 2.5710251787e-02 2.8104585532e-16 
 -7.5243630770e-17 2.8104585532e-16 -7.7395466875e-03
 
Elt 1
 -7.9021906846e-03 9.4618562930e-17 -6.3751087742e-17 
 9.4618562930e-17 2.6236840835e-02 6.6569142973e-17 
 -6.3317406873e-17 6.6569142973e-17 -7.9021906846e-03
 
Elt 2
 -7.9021906846e-03 6.0512773911e-18 1.0462550964e-17 
 6.0512773911e-18 2.6236840835e-02 1.3463475509e-16 
 1.0516761073e-17 1.3463475509e-16 -7.9021906846e-03
 
Elt 1
 -8.0577791056e-03 4.1745798853e-17 8.2399365109e-17 
 4.1745798853e-17 2.6763067935e-02 -9.3074308866e-17 
 8.2399365109e-17 -9.3074308866e-17 -8.0577791056e-03
 
Elt 2
 -8.0577791056e-03 2.1635196238e-16 1.1188966420e-16 
 2.1635196238e-16 2.6763067935e-02 7.0704159457e-17 
 1.1275702594e-16 7.0704159457e-17 -8.0577791056e-03
 
Elt 1
 -8.2118189343e-03 5.5214527215e-17 1.6219664500e-16 
 5.5214527215e-17 2.7288936831e-02 -1.8922389460e-16 
 1.6132928327e-16 -1.8922389460e-16 -8.2118189343e-03
 
Elt 2
 -8.2118189343e-03 -1.7690002200e-17 2.2551405188e-16 
 -1.7690002200e-17 2.7288936831e-02 -1.4615055229e-16 
 2.2551405188e-16 -1.4615055229e-16 -8.2118189343e-03
 
Elt 1
 -8.3713252634e-03 4.8306542576e-17 -1.3963887427e-31 
 4.8306542576e-17 2.7814447867e-02 -1.3646633662e-16 
 8.6736173799e-19 -1.3646633662e-16 -8.3713252634e-03
 
Elt 2
 -8.3713252634e-03 3.5962859928e-17 -1.4853569763e-17 
 3.5962859928e-17 2.7814447867e-02 -1.1221644233e-16 
 -1.4853569763e-17 -1.1221644233e-16 -8.3713252634e-03
 
Elt 1
 -8.5339097616e-03 1.2903493610e-16 -1.0928757899e-16 
 1.2903493610e-16 2.8339598650e-02 7.6442464556e-17 
 -1.0928757899e-16 7.6442464556e-17 -8.5339097616e-03
 
Elt 2
 -8.5339097616e-03 7.3892022450e-17 -1.1362438768e-16 
 7.3892022450e-17 2.8339598650e-02 2.0865516965e-16 
 -1.1275702594e-16 2.0865516965e-16 -8.5339097616e-03
 
Elt 1
 -8.6926420770e-03 -1.3063619475e-17 -2.6454533009e-17 
 -1.3063619475e-17 2.8864388798e-02 2.1329650434e-16 
 -2.6454533009e-17 2.1329650434e-16 -8.6926420770e-03
 
Elt 2
 -8.6926420770e-03 -2.0233874498e-17 -1.8323016715e-17 
 -2.0233874498e-17 2.8864388798e-02 2.3737495180e-16 
 -1.8323016715e-17 2.3737495180e-16 -8.6926420770e-03
 
Elt 1
 -8.8472331600e-03 -1.3978061856e-16 4.9005938196e-17 
 -1.3978061856e-16 2.9388821002e-02 1.6649925901e-16 
 4.8572257327e-17 1.6649925901e-16 -8.8472331600e-03
 
Elt 2
 -8.8472331600e-03 -1.4994094516e-16 9.3675067703e-17 
 -1.4994094516e-16 2.9388821002e-02 3.5623335414e-16 
 9.4542429441e-17 3.5623335414e-16 -8.8472331600e-03
 
Elt 1
 -9.0036218197e-03 -1.0998629084e-16 1.4311468677e-16 
 -1.0998629084e-16 2.9912897249e-02 -1.7353509192e-19 
 1.4268100590e-16 -1.7353509192e-19 -9.0036218197e-03
 
Elt 2
 -9.0036218197e-03 -3.9569763221e-17 1.4311468677e-16 
 -3.9569763221e-17 2.9912897249e-02 1.4840573758e-16 
 1.4311468677e-16 1.4840573758e-16 -9.0036218197e-03
 
Elt 1
 -9.1640814293e-03 -7.2519869766e-17 -1.1102230246e-16 
 -7.2519869766e-17 3.0436616612e-02 -1.5746438647e-16 
 -1.1015494072e-16 -1.5746438647e-16 -9.1640814293e-03
 
Elt 2
 -9.1640814293e-03 -6.4162638906e-17 -1.0061396161e-16 
 -6.4162638906e-17 3.0436616612e-02 -1.3380510708e-16 
 -9.9746599869e-17 -1.3380510708e-16 -9.1640814293e-03
 
Elt 1
 -9.3242111198e-03 8.2458260377e-17 -1.6566609196e-16 
 8.2458260377e-17 3.0959977786e-02 -1.2221912139e-16 
 -1.6566609196e-16 -1.2221912139e-16 -9.3242111198e-03
 
Elt 2
 -9.3242111198e-03 1.0584119950e-16 -1.4224732503e-16 
 1.0584119950e-16 3.0959977786e-02 -1.0261595570e-16 
 -1.4137996329e-16 -1.0261595570e-16 -9.3242111198e-03
 
Elt 1
 -9.4805399201e-03 -1.2793837066e-16 -9.2374025096e-17 
 -1.2793837066e-16 3.1482981868e-02 -4.2320378280e-20 
 -9.2374025096e-17 -4.2320378280e-20 -9.4805399201e-03
 
Elt 2
 -9.4805399201e-03 1.0679693176e-16 -4.4235448637e-17 
 1.0679693176e-16 3.1482981868e-02 1.2763955354e-16 
 -4.4235448637e-17 1.2763955354e-16 -9.4805399201e-03
 
Elt 1
 -9.6357275109e-03 7.3834477688e-17 9.3675067703e-17 
 7.3834477688e-17 3.2005631098e-02 1.8538840044e-19 
 9.4542429441e-17 1.8538840044e-19 -9.6357275109e-03
 
Elt 2
 -9.6357275109e-03 6.0167892573e-17 2.5413698923e-16 
 6.0167892573e-17 3.2005631098e-02 -1.7626185343e-19 
 2.5326962749e-16 -1.7626185343e-19 -9.6357275109e-03
 
Elt 1
 -9.7936937639e-03 -2.6780767974e-16 1.0755285551e-16 
 -2.6780767974e-16 3.2527926010e-02 6.0909059193e-17 
 1.0842021725e-16 6.0909059193e-17 -9.7936937639e-03
 
Elt 2
 -9.7936937639e-03 5.6804784508e-17 2.1684043450e-16 
 5.6804784508e-17 3.2527926010e-02 -4.4876503926e-19 
 2.1684043450e-16 -4.4876503926e-19 -9.7936937639e-03
 
Elt 1
 -9.9534414659e-03 -2.1280421815e-16 1.7997756063e-17 
 -2.1280421815e-16 3.3049865567e-02 9.2238863642e-17 
 1.7997756063e-17 9.2238863642e-17 -9.9534414659e-03
 
Elt 2
 -9.9534414659e-03 -2.3309655245e-16 -3.5281589400e-31 
 -2.3309655245e-16 3.3049865567e-02 8.4764548332e-17 
 -3.5281589400e-31 8.4764548332e-17 -9.9534414659e-03
 
Elt 1
 -1.0111222660e-02 -2.3628784641e-16 -1.0668549377e-16 
 -2.3628784641e-16 3.3571449690e-02 6.3931789044e-17 
 -1.0755285551e-16 6.3931789044e-17 -1.0111222660e-02
 
Elt 2
 -1.0111222660e-02 -1.3665047932e-16 -9.8879238131e-17 
 -1.3665047932e-16 3.3571449690e-02 8.9374695457e-17 
 -9.8879238131e-17 8.9374695457e-17 -1.0111222660e-02
 
Elt 1
 -1.0266650642e-02 1.5501858184e-16 -1.6132928327e-16 
 1.5501858184e-16 3.4092679979e-02 4.4876403268e-17 
 -1.6132928327e-16 4.4876403268e-17 -1.0266650642e-02
 
Elt 2
 -1.0266650642e-02 -1.4950073024e-17 -8.6736173799e-19 
 -1.4950073024e-17 3.4092679979e-02 4.8345311160e-17 
 8.6736173799e-19 4.8345311160e-17 -1.0266650642e-02
 
Elt 1
 -1.0422859552e-02 2.7679560626e-16 0.0000000000e+00 
 2.7679560626e-16 3.4613557770e-02 0.0000000000e+00 
 0.0000000000e+00 0.0000000000e+00 -1.0422859552e-02
 
Elt 2
 -1.0422859552e-02 2.4037422487e-16 1.3357370765e-16 
 2.4037422487e-16 3.4613557770e-02 9.1361922699e-17 
 1.3444106939e-16 9.1361922699e-17 -1.0422859552e-02
 
Elt 1
 -1.0581230820e-02 1.8992368086e-16 1.5872719805e-16 
 1.8992368086e-16 3.5134082841e-02 -1.0305058391e-16 
 1.6046192153e-16 -1.0305058391e-16 -1.0581230820e-02
 
Elt 2
 -1.0581230820e-02 -1.3723291120e-17 2.8015784137e-16 
 -1.3723291120e-17 3.5134082841e-02 -5.7694911582e-17 
 2.8102520311e-16 -5.7694911582e-17 -1.0581230820e-02
 
Elt 1
 -1.0739495414e-02 -8.8615704280e-17 1.1535911115e-16 
 -8.8615704280e-17 3.5654254686e-02 -1.4721306998e-16 
 1.1622647289e-16 -1.4721306998e-16 -1.0739495414e-02
 
Elt 2
 -1.0739495414e-02 -2.7934902522e-17 1.4528309111e-16 
 -2.7934902522e-17 3.5654254686e-02 -1.3889969934e-16 
 1.4571677198e-16 -1.3889969934e-16 -1.0739495414e-02
 
Elt 1
 -1.0895698155e-02 -6.6249192063e-17 -4.3368086899e-19 
 -6.6249192063e-17 3.6174074054e-02 -6.0951057276e-17 
 6.5998253342e-32 -6.0951057276e-17 -1.0895698155e-02
 
Elt 2
 -1.0895698155e-02 -1.6458897450e-16 0.0000000000e+00 
 -1.6458897450e-16 3.6174074054e-02 0.0000000000e+00 
 0.0000000000e+00 0.0000000000e+00 -1.0895698155e-02
 
Elt 1
 -1.1051167160e-02 -5.7576794334e-17 -1.9255430583e-16 
 -5.7576794334e-17 3.6693542357e-02 1.7417474027e-16 
 -1.9255430583e-16 1.7417474027e-16 -1.1051167160e-02
 
Elt 2
 -1.1051167160e-02 -2.2921637357e-16 -1.4961989980e-16 
 -2.2921637357e-16 3.6693542357e-02 1.5035426162e-16 
 -1.4961989980e-16 1.5035426162e-16 -1.1051167160e-02
 
Elt 1
 -1.1208042861e-02 7.2723849108e-17 -6.5919492087e-17 
 7.2723849108e-17 3.7212660133e-02 2.1569950615e-16 
 -6.5485811218e-17 2.1569950615e-16 -1.1208042861e-02
 
Elt 2
 -1.1208042861e-02 1.8427240232e-17 -6.0281640790e-17 
 1.8427240232e-17 3.7212660133e-02 1.9333557800e-16 
 -6.0281640790e-17 1.9333557800e-16 -1.1208042861e-02
 
Elt 1
 -1.1365874472e-02 -5.4724596417e-17 1.7824283716e-16 
 -5.4724596417e-17 3.7731427055e-02 7.0504126583e-17 
 1.7867651803e-16 7.0504126583e-17 -1.1365874472e-02
 
Elt 2
 -1.1365874472e-02 -3.7670819134e-17 1.0321604682e-16 
 -3.7670819134e-17 3.7731427055e-02 9.4918291755e-17 
 1.0408340856e-16 9.4918291755e-17 -1.1365874472e-02
 
Elt 1
 -1.1522651128e-02 -1.2612210529e-16 2.2551405188e-16 
 -1.2612210529e-16 3.8249843268e-02 -1.2845219824e-16 
 2.2464669014e-16 -1.2845219824e-16 -1.1522651128e-02
 
Elt 2
 -1.1522651128e-02 -3.1010623282e-17 2.7408630920e-16 
 -3.1010623282e-17 3.8249843268e-02 -1.7130771045e-16 
 2.7495367094e-16 -1.7130771045e-16 -1.1522651128e-02
 
Elt 1
 -1.1678106006e-02 -2.4723137086e-17 -8.8904578144e-18 
 -2.4723137086e-17 3.8767909825e-02 -2.1146167280e-16 
 -8.9988780316e-18 -2.1146167280e-16 -1.1678106006e-02
 
Elt 2
 -1.1678106006e-02 -4.9711761042e-17 1.2630955309e-17 
 -4.9711761042e-17 3.8767909825e-02 -2.0928149228e-16 
 1.2685165418e-17 -2.0928149228e-16 -1.1678106006e-02
 
