Elt 1
 0.0000000000e+00 0.0000000000e+00 0.0000000000e+00 
 0.0000000000e+00 0.0000000000e+00 0.0000000000e+00 
 0.0000000000e+00 0.0000000000e+00 0.0000000000e+00
 
Elt 2
 0.0000000000e+00 0.0000000000e+00 0.0000000000e+00 
 0.0000000000e+00 0.0000000000e+00 0.0000000000e+00 
 0.0000000000e+00 0.0000000000e+00 0.0000000000e+00
 
Elt 1
 0.0000000000e+00 0.0000000000e+00 0.0000000000e+00 
 0.0000000000e+00 0.0000000000e+00 0.0000000000e+00 
 0.0000000000e+00 0.0000000000e+00 0.0000000000e+00
 
Elt 2
 -1.8242684906e-16 -8.6456848471e-17 1.1891555708e-16 
 -8.6456848471e-17 -3.9667047532e-16 1.4210737466e-16 
 1.1891555708e-16 1.4210737466e-16 -3.0908109532e-16
 
Elt 1
 -3.6158194240e-05 -1.0290792140e-16 0.0000000000e+00 
 -1.0290792140e-16 5.4451296586e-04 0.0000000000e+00 
 0.0000000000e+00 0.0000000000e+00 -3.6158194240e-05
 
Elt 2
 -3.6158194240e-05 2.3494889821e-16 0.0000000000e+00 
 2.3494889821e-16 5.4451296586e-04 0.0000000000e+00 
 0.0000000000e+00 0.0000000000e+00 -3.6158194240e-05
 
Elt 1
 -2.0397653822e-04 -2.1001592069e-18 0.0000000000e+00 
 -2.1001592069e-18 1.0886960985e-03 0.0000000000e+00 
 0.0000000000e+00 0.0000000000e+00 -2.0397653822e-04
 
Elt 2
 -2.0397653822e-04 7.8306338077e-17 5.2614298552e-17 
 7.8306338077e-17 1.0886960985e-03 3.8380718529e-17 
 5.2614298552e-17 3.8380718529e-17 -2.0397653822e-04
 
Elt 1
 -4.8289848474e-04 2.3101944212e-19 0.0000000000e+00 
 2.3101944212e-19 1.6324779730e-03 0.0000000000e+00 
 0.0000000000e+00 0.0000000000e+00 -4.8289848474e-04
 
Elt 2
 -4.8289848474e-04 2.1250055985e-17 3.2160146941e-17 
 2.1250055985e-17 1.6324779730e-03 1.3895016910e-16 
 3.2153370678e-17 1.3895016910e-16 -4.8289848474e-04
 
Elt 1
 -7.6547090122e-04 -1.8714479303e-17 0.0000000000e+00 
 -1.8714479303e-17 2.1758097157e-03 0.0000000000e+00 
 0.0000000000e+00 0.0000000000e+00 -7.6547090122e-04
 
Elt 2
 -7.6547090122e-04 -1.0695527506e-16 0.0000000000e+00 
 -1.0695527506e-16 2.1758097157e-03 0.0000000000e+00 
 0.0000000000e+00 0.0000000000e+00 -7.6547090122e-04
 
Elt 1
 -9.5499011466e-04 8.4121237141e-17 0.0000000000e+00 
 8.4121237141e-17 2.7187019885e-03 0.0000000000e+00 
 0.0000000000e+00 0.0000000000e+00 -9.5499011466e-04
 
Elt 2
 -9.5499011467e-04 -2.3596283079e-17 9.9712718551e-18 
 -2.3596283079e-17 2.7187019885e-03 1.3901668620e-16 
 9.9712718551e-18 1.3901668620e-16 -9.5499011466e-04
 
Elt 1
 -1.0419830513e-03 5.3939555171e-17 0.0000000000e+00 
 5.3939555171e-17 3.2612091273e-03 0.0000000000e+00 
 0.0000000000e+00 0.0000000000e+00 -1.0419830513e-03
 
Elt 2
 -1.0419830513e-03 -1.4902206489e-16 0.0000000000e+00 
 -1.4902206489e-16 3.2612091273e-03 0.0000000000e+00 
 0.0000000000e+00 0.0000000000e+00 -1.0419830513e-03
 
Elt 1
 -1.1007273193e-03 -3.3207297970e-17 0.0000000000e+00 
 -3.3207297970e-17 3.8033801982e-03 0.0000000000e+00 
 0.0000000000e+00 0.0000000000e+00 -1.1007273193e-03
 
Elt 2
 -1.1007273193e-03 -2.9792198966e-18 0.0000000000e+00 
 -2.9792198966e-18 3.8033801982e-03 0.0000000000e+00 
 0.0000000000e+00 0.0000000000e+00 -1.1007273193e-03
 
Elt 1
 -1.2187347249e-03 -2.9852058938e-17 0.0000000000e+00 
 -2.9852058938e-17 4.3452205869e-03 0.0000000000e+00 
 0.0000000000e+00 0.0000000000e+00 -1.2187347249e-03
 
Elt 2
 -1.2187347249e-03 -1.6908000003e-16 1.4994516045e-16 
 -1.6908000003e-16 4.3452205869e-03 -3.2422165720e-20 
 1.4994516045e-16 -3.2422165720e-20 -1.2187347249e-03
 
Elt 1
 -1.4244292135e-03 -3.0172401840e-17 0.0000000000e+00 
 -3.0172401840e-17 4.8866937036e-03 0.0000000000e+00 
 0.0000000000e+00 0.0000000000e+00 -1.4244292135e-03
 
Elt 2
 -1.4244292135e-03 -2.3524045956e-16 0.0000000000e+00 
 -2.3524045956e-16 4.8866937036e-03 0.0000000000e+00 
 0.0000000000e+00 0.0000000000e+00 -1.4244292135e-03
 
Elt 1
 -1.6716946694e-03 1.6756741435e-16 0.0000000000e+00 
 1.6756741435e-16 5.4277563448e-03 0.0000000000e+00 
 0.0000000000e+00 0.0000000000e+00 -1.6716946694e-03
 
Elt 2
 -1.6716946694e-03 6.7311097911e-17 1.2109157766e-30 
 6.7311097911e-17 5.4277563448e-03 1.6700356403e-16 
 1.2109157766e-30 1.6700356403e-16 -1.6716946694e-03
 
Elt 1
 -1.8866604045e-03 9.4852499761e-17 0.0000000000e+00 
 9.4852499761e-17 5.9683948545e-03 0.0000000000e+00 
 0.0000000000e+00 0.0000000000e+00 -1.8866604045e-03
 
Elt 2
 -1.8866604045e-03 1.7120141026e-17 6.1311632854e-17 
 1.7120141026e-17 5.9683948545e-03 7.0619710302e-17 
 6.1311632854e-17 7.0619710302e-17 -1.8866604045e-03
 
Elt 1
 -2.0309556029e-03 8.8519878577e-17 0.0000000000e+00 
 8.8519878577e-17 6.5086327479e-03 0.0000000000e+00 
 0.0000000000e+00 0.0000000000e+00 -2.0309556029e-03
 
Elt 2
 -2.0309556029e-03 -6.7851141570e-17 2.8080836267e-17 
 -6.7851141570e-17 6.5086327479e-03 1.7754730371e-16 
 2.8080836267e-17 1.7754730371e-16 -2.0309556029e-03
 
Elt 1
 -2.1281900240e-03 1.9602208320e-17 0.0000000000e+00 
 1.9602208320e-17 7.0485073256e-03 0.0000000000e+00 
 0.0000000000e+00 0.0000000000e+00 -2.1281900240e-03
 
Elt 2
 -2.1281900240e-03 1.6791357923e-17 -6.3967928177e-18 
 1.6791357923e-17 7.0485073256e-03 1.1852936469e-16 
 -6.3696877634e-18 1.1852936469e-16 -2.1281900240e-03
 
Elt 1
 -2.2369516162e-03 -7.6273449754e-17 0.0000000000e+00 
 -7.6273449754e-17 7.5880381712e-03 0.0000000000e+00 
 0.0000000000e+00 0.0000000000e+00 -2.2369516162e-03
 
Elt 2
 -2.2369516162e-03 -7.4286972597e-17 2.1684043450e-19 
 -7.4286972597e-17 7.5880381712e-03 1.1863393667e-16 
 -2.1684043450e-19 1.1863393667e-16 -2.2369516162e-03
 
Elt 1
 -2.3989157384e-03 -1.2039252158e-18 -5.3125906452e-17 
 -1.2039252158e-18 8.1272140257e-03 -5.7821831593e-20 
 -5.3125906452e-17 -5.7821831593e-20 -2.3989157384e-03
 
Elt 2
 -2.3989157384e-03 -2.2038520386e-16 0.0000000000e+00 
 -2.2038520386e-16 8.1272140257e-03 0.0000000000e+00 
 0.0000000000e+00 0.0000000000e+00 -2.3989157384e-03
 
Elt 1
 -2.6072272326e-03 -2.2241191242e-16 -4.9439619065e-17 
 -2.2241191242e-16 8.6660063082e-03 4.8457131234e-17 
 -4.9439619065e-17 4.8457131234e-17 -2.6072272326e-03
 
Elt 2
 -2.6072272326e-03 2.8332847660e-17 0.0000000000e+00 
 2.8332847660e-17 8.6660063082e-03 0.0000000000e+00 
 0.0000000000e+00 0.0000000000e+00 -2.6072272326e-03
 
Elt 1
 -2.8182590233e-03 1.7408893786e-17 0.0000000000e+00 
 1.7408893786e-17 9.2043949301e-03 0.0000000000e+00 
 0.0000000000e+00 0.0000000000e+00 -2.8182590233e-03
 
Elt 2
 -2.8182590233e-03 1.2345548683e-16 3.3610267347e-17 
 1.2345548683e-16 9.2043949301e-03 6.1199469286e-17 
 3.3718687564e-17 6.1199469286e-17 -2.8182590233e-03
 
Elt 1
 -2.9917055605e-03 5.3232391172e-17 0.0000000000e+00 
 5.3232391172e-17 9.7423838923e-03 0.0000000000e+00 
 0.0000000000e+00 0.0000000000e+00 -2.9917055605e-03
 
Elt 2
 -2.9917055605e-03 8.0166337080e-17 5.8221656662e-17 
 8.0166337080e-17 9.7423838923e-03 5.7660420377e-17 
 5.8113236445e-17 5.7660420377e-17 -2.9917055605e-03
 
Elt 1
 -3.1228558916e-03 -1.5213039668e-16 4.5536491244e-17 
 -1.5213039668e-16 1.0279995335e-02 -5.2027326872e-17 
 4.5319650810e-17 -5.2027326872e-17 -3.1228558916e-03
 
Elt 2
 -3.1228558916e-03 -1.2632643690e-16 1.6696713456e-16 
 -1.2632643690e-16 1.0279995335e-02 7.6968777003e-17 
 1.6718397500e-16 7.6968777003e-17 -3.1228558916e-03
 
Elt 1
 -3.2418612143e-03 -4.8979552658e-17 5.1608023410e-17 
 -4.8979552658e-17 1.0817249651e-02 -8.5357786539e-17 
 5.1391182976e-17 -8.5357786539e-17 -3.2418612143e-03
 
Elt 2
 -3.2418612143e-03 -4.0062073479e-17 6.2558465352e-17 
 -4.0062073479e-17 1.0817249651e-02 -8.4439852270e-17 
 6.2558465352e-17 -8.4439852270e-17 -3.2418612143e-03
 
Elt 1
 -3.3847885479e-03 -1.1500068255e-17 4.3368086899e-19 
 -1.1500068255e-17 1.1354149588e-02 -5.9485798878e-17 
 2.1684043450e-19 -5.9485798878e-17 -3.3847885479e-03
 
Elt 2
 -3.3847885479e-03 -5.2171605403e-17 3.2959746044e-17 
 -5.2171605403e-17 1.1354149588e-02 5.6273369689e-17 
 3.2959746044e-17 5.6273369689e-17 -3.3847885479e-03
 
Elt 1
 -3.5635462373e-03 -4.6322092667e-17 -4.9656459500e-17 
 -4.6322092667e-17 1.1890680718e-02 -5.5418114606e-17 
 -4.9656459500e-17 -5.5418114606e-17 -3.5635462373e-03
 
Elt 2
 -3.5635462373e-03 -8.5269088485e-17 -4.6620693417e-17 
 -8.5269088485e-17 1.1890680718e-02 1.2190687136e-16 
 -4.6729113634e-17 1.2190687136e-16 -3.5635462373e-03
 
Elt 1
 -3.7592895087e-03 -2.7952000552e-17 -3.2959746044e-17 
 -2.7952000552e-17 1.2426825815e-02 2.9594878501e-17 
 -3.2526065175e-17 2.9594878501e-17 -3.7592895087e-03
 
Elt 2
 -3.7592895087e-03 7.5861864126e-19 8.8687737709e-17 
 7.5861864126e-19 1.2426825815e-02 5.9553107376e-20 
 8.8687737709e-17 5.9553107376e-20 -3.7592895087e-03
 
Elt 1
 -3.9416997464e-03 4.2265372725e-17 1.3666671378e-31 
 4.2265372725e-17 1.2962579634e-02 7.1310598403e-17 
 1.3666671378e-31 7.1310598403e-17 -3.9416997464e-03
 
Elt 2
 -3.9416997464e-03 -1.0834471087e-16 -1.0711917464e-16 
 -1.0834471087e-16 1.2962579634e-02 1.4155368195e-16 
 -1.0690233421e-16 1.4155368195e-16 -3.9416997464e-03
 
Elt 1
 -4.0951389662e-03 3.2864883101e-17 2.1684043450e-19 
 3.2864883101e-17 1.3497952038e-02 6.0791048200e-17 
 8.7145233978e-32 6.0791048200e-17 -4.0951389662e-03
 
Elt 2
 -4.0951389662e-03 2.8880852929e-17 5.2150124497e-17 
 2.8880852929e-17 1.3497952038e-02 2.3017274051e-16 
 5.2150124497e-17 2.3017274051e-16 -4.0951389662e-03
 
Elt 1
 -4.2295009560e-03 1.6161391867e-16 0.0000000000e+00 
 1.6161391867e-16 1.4032958424e-02 0.0000000000e+00 
 0.0000000000e+00 0.0000000000e+00 -4.2295009560e-03
 
Elt 2
 -4.2295009560e-03 -3.2947032637e-17 2.1684043450e-19 
 -3.2947032637e-17 1.4032958424e-02 5.8639715283e-17 
 -8.1062859205e-32 5.8639715283e-17 -4.2295009560e-03
 
Elt 1
 -4.3688739988e-03 -3.1349339634e-17 7.5026790336e-17 
 -3.1349339634e-17 1.4567606886e-02 -5.7283736251e-17 
 7.5026790336e-17 -5.7283736251e-17 -4.3688739988e-03
 
Elt 2
 -4.3688739988e-03 -1.7405990255e-16 1.7108710282e-16 
 -1.7405990255e-16 1.4567606886e-02 -5.9087149904e-17 
 1.7087026238e-16 -5.9087149904e-17 -4.3688739988e-03
 
Elt 1
 -4.5300780131e-03 -7.7079262789e-17 5.3776427755e-17 
 -7.7079262789e-17 1.5101892986e-02 9.4870944724e-20 
 5.2909066017e-17 9.4870944724e-20 -4.5300780131e-03
 
Elt 2
 -4.5300780131e-03 -2.0844322117e-16 9.9312919000e-17 
 -2.0844322117e-16 1.5101892986e-02 -6.2672191115e-17 
 9.9746599869e-17 -6.2672191115e-17 -4.5300780131e-03
 
Elt 1
 -4.7098720931e-03 4.7616189050e-17 0.0000000000e+00 
 4.7616189050e-17 1.5635805416e-02 0.0000000000e+00 
 0.0000000000e+00 0.0000000000e+00 -4.7098720931e-03
 
Elt 2
 -4.7098720931e-03 -5.9485185536e-17 5.5944832100e-17 
 -5.9485185536e-17 1.5635805416e-02 9.1950078896e-17 
 5.5511151231e-17 9.1950078896e-17 -4.7098720931e-03
 
Elt 1
 -4.8901777565e-03 -1.0819334445e-17 0.0000000000e+00 
 -1.0819334445e-17 1.6169336530e-02 0.0000000000e+00 
 0.0000000000e+00 0.0000000000e+00 -4.8901777565e-03
 
Elt 2
 -4.8901777565e-03 4.5887747287e-17 -5.4210108624e-17 
 4.5887747287e-17 1.6169336530e-02 1.9484469131e-16 
 -5.4210108624e-17 1.9484469131e-16 -4.8901777565e-03
 
Elt 1
 -5.0547538675e-03 2.2224054582e-16 -1.1145598333e-16 
 2.2224054582e-16 1.6702488520e-02 5.6057590452e-17 
 -1.1145598333e-16 5.6057590452e-17 -5.0547538675e-03
 
Elt 2
 -5.0547538675e-03 1.2288816345e-16 -2.1640675363e-16 
 1.2288816345e-16 1.6702488520e-02 1.7952768443e-16 
 -2.1684043450e-16 1.7952768443e-16 -5.0547538675e-03
 
Elt 1
 -5.2022315731e-03 2.1960645196e-16 0.0000000000e+00 
 2.1960645196e-16 1.7235270755e-02 0.0000000000e+00 
 0.0000000000e+00 0.0000000000e+00 -5.2022315731e-03
 
Elt 2
 -5.2022315731e-03 1.2836109364e-16 5.4210108625e-20 
 1.2836109364e-16 1.7235270755e-02 1.5513853016e-16 
 -5.4210108624e-20 1.5513853016e-16 -5.2022315731e-03
 
Elt 1
 -5.3453200583e-03 2.8783914259e-17 3.4043948216e-17 
 2.8783914259e-17 1.7767691607e-02 -9.9694534278e-17 
 3.3610267347e-17 -9.9694534278e-17 -5.3453200583e-03
 
Elt 2
 -5.3453200583e-03 -1.5856670900e-16 1.6609977282e-16 
 -1.5856670900e-16 1.7767691607e-02 5.3061236609e-17 
 1.6609977282e-16 5.3061236609e-17 -5.3453200583e-03
 
Elt 1
 -5.4985989385e-03 -1.3643932966e-16 1.6306400674e-16 
 -1.3643932966e-16 1.8299752151e-02 -1.5709570439e-16 
 1.6306400674e-16 -1.5709570439e-16 -5.4985989385e-03
 
Elt 2
 -5.4985989385e-03 -8.3256965710e-17 2.1640675363e-16 
 -8.3256965710e-17 1.8299752151e-02 -1.1511180774e-16 
 2.1640675363e-16 -1.1511180774e-16 -5.4985989385e-03
 
Elt 1
 -5.6663429569e-03 -1.6050788886e-16 5.5511151231e-17 
 -1.6050788886e-16 1.8831446649e-02 -1.0484303565e-16 
 5.5511151231e-17 -1.0484303565e-16 -5.6663429569e-03
 
Elt 2
 -5.6663429569e-03 -2.6390107354e-16 2.2204460493e-16 
 -2.6390107354e-16 1.8831446649e-02 -5.9102822464e-19 
 2.2204460493e-16 -5.9102822464e-19 -5.6663429569e-03
 
Elt 1
 -5.8403475303e-03 1.0698785367e-16 0.0000000000e+00 
 1.0698785367e-16 1.9362768543e-02 0.0000000000e+00 
 0.0000000000e+00 0.0000000000e+00 -5.8403475303e-03
 
Elt 2
 -5.8403475303e-03 -9.9829475736e-17 1.1015494072e-16 
 -9.9829475736e-17 1.9362768543e-02 1.2653812174e-16 
 1.1058862159e-16 1.2653812174e-16 -5.8403475303e-03
 
Elt 1
 -6.0082606266e-03 3.7068473966e-17 -4.3368086899e-19 
 3.7068473966e-17 1.9893716343e-02 1.1371184685e-16 
 4.3368086899e-19 1.1371184685e-16 -6.0082606266e-03
 
Elt 2
 -6.0082606266e-03 -3.3323625144e-17 -5.7896396011e-17 
 -3.3323625144e-17 1.9893716343e-02 2.2548289354e-16 
 -5.7679555576e-17 2.2548289354e-16 -6.0082606266e-03
 
Elt 1
 -6.1642445099e-03 2.5218768995e-17 -1.3487475026e-16 
 2.5218768995e-17 2.0424294593e-02 1.8518301954e-16 
 -1.3487475026e-16 1.8518301954e-16 -6.1642445099e-03
 
Elt 2
 -6.1642445099e-03 5.9506433825e-17 -1.1102230246e-16 
 5.9506433825e-17 2.0424294593e-02 2.1358105343e-16 
 -1.1145598333e-16 2.1358105343e-16 -6.1642445100e-03
 
Elt 1
 -6.3129238622e-03 -8.9560090831e-17 -1.0711917464e-16 
 -8.9560090831e-17 2.0954509770e-02 7.6135247029e-17 
 -1.0711917464e-16 7.6135247029e-17 -6.3129238622e-03
 
Elt 2
 -6.3129238622e-03 -5.8346636426e-18 -9.4108748572e-17 
 -5.8346636426e-18 2.0954509770e-02 5.1617427986e-17 
 -9.4108748572e-17 5.1617427986e-17 -6.3129238622e-03
 
Elt 1
 -6.4642407860e-03 -3.0473602552e-17 0.0000000000e+00 
 -3.0473602552e-17 2.1484365126e-02 1.3005143846e-19 
 0.0000000000e+00 1.3005143846e-19 -6.4642407860e-03
 
Elt 2
 -6.4642407860e-03 -5.1528498112e-17 1.0581813203e-16 
 -5.1528498112e-17 2.1484365126e-02 -1.1940557873e-16 
 1.0581813203e-16 -1.1940557873e-16 -6.4642407860e-03
 
Elt 1
 -6.6246044297e-03 -9.5166364999e-17 8.0230960764e-17 
 -9.5166364999e-17 2.2013858853e-02 -1.7113132392e-16 
 8.0664641633e-17 -1.7113132392e-16 -6.6246044297e-03
 
Elt 2
 -6.6246044297e-03 2.1843145967e-16 2.1684043450e-16 
 2.1843145967e-16 2.2013858853e-02 -7.4013887749e-17 
 2.1727411537e-16 -7.4013887749e-17 -6.6246044297e-03
 
Elt 1
 -6.7920807559e-03 2.4529925449e-17 1.6566609196e-16 
 2.4529925449e-17 2.2542986634e-02 -2.0787325824e-16 
 1.6523241109e-16 -2.0787325824e-16 -6.7920807559e-03
 
Elt 2
 -6.7920807559e-03 -2.3021286615e-16 1.8561541193e-16 
 -2.3021286615e-16 2.2542986634e-02 1.3719334066e-19 
 1.8561541193e-16 1.3719334066e-19 -6.7920807559e-03
 
Elt 1
 -6.9590602983e-03 -2.4045778868e-17 1.1145598333e-16 
 -2.4045778868e-17 2.3071745924e-02 -7.1378490243e-17 
 1.1145598333e-16 -7.1378490243e-17 -6.9590602983e-03
 
Elt 2
 -6.9590602983e-03 1.0362596042e-16 1.5439038936e-16 
 1.0362596042e-16 2.3071745924e-02 2.6753298273e-19 
 1.5439038936e-16 2.6753298273e-19 -6.9590602983e-03
 
Elt 1
 -7.1192507907e-03 1.1387334419e-16 -5.0740661672e-17 
 1.1387334419e-16 2.3600138217e-02 1.0986632916e-16 
 -5.0740661672e-17 1.0986632916e-16 -7.1192507907e-03
 
Elt 2
 -7.1192507907e-03 3.3821062698e-17 -2.8514517136e-17 
 3.3821062698e-17 2.3600138217e-02 2.5955632143e-16 
 -2.8514517136e-17 2.5955632143e-16 -7.1192507907e-03
 
Elt 1
 -7.2726849504e-03 6.5824201105e-17 -1.6479873022e-16 
 6.5824201105e-17 2.4128167690e-02 1.3752166580e-16 
 -1.6523241109e-16 1.3752166580e-16 -7.2726849504e-03
 
Elt 2
 -7.2726849504e-03 -8.8670835653e-18 -4.1199682554e-17 
 -8.8670835653e-18 2.4128167690e-02 1.1704851575e-16 
 -4.1199682554e-17 1.1704851575e-16 -7.2726849504e-03
 
Elt 1
 -7.4248755547e-03 8.0900694839e-17 -1.1102230246e-16 
 8.0900694839e-17 2.4655837826e-02 1.1851681477e-16 
 -1.1058862159e-16 1.1851681477e-16 -7.4248755547e-03
 
Elt 2
 -7.4248755547e-03 2.9822036653e-17 -1.0977546996e-18 
 2.9822036653e-17 2.4655837826e-02 3.2084419435e-16 
 -1.0977546996e-18 3.2084419435e-16 -7.4248755547e-03
 
Elt 1
 -7.5815650616e-03 -7.6850252276e-17 -1.0088082454e-31 
 -7.6850252276e-17 2.5183149037e-02 5.5980563648e-17 
 -1.0088082454e-31 5.5980563648e-17 -7.5815650616e-03
 
Elt 2
 -7.5815650616e-03 -3.9224631714e-17 1.0668549377e-16 
 -3.9224631714e-17 2.5183149037e-02 2.3061393197e-16 
 1.0711917464e-16 2.3061393197e-16 -7.5815650616e-03
 
Elt 1
 -7.7439624379e-03 -2.9221812272e-16 5.5077470362e-17 
 -2.9221812272e-16 2.5710099137e-02 -1.8927993962e-19 
 5.5077470362e-17 -1.8927993962e-19 -7.7439624379e-03
 
Elt 2
 -7.7439624379e-03 -2.4861686488e-16 6.0715321659e-17 
 -2.4861686488e-16 2.5710099137e-02 -8.3806366858e-17 
 6.0715321659e-17 -8.3806366858e-17 -7.7439624379e-03
 
Elt 1
 -7.9083330927e-03 -4.4601424008e-17 1.1188966420e-16 
 -4.4601424008e-17 2.6236685882e-02 -1.4013166021e-16 
 1.1102230246e-16 -1.4013166021e-16 -7.9083330927e-03
 
Elt 2
 -7.9083330927e-03 -5.9312241533e-17 1.6826817717e-16 
 -5.9312241533e-17 2.6236685882e-02 -1.2164089614e-19 
 1.6826817717e-16 -1.2164089614e-19 -7.9083330927e-03
 
Elt 1
 -8.0697211005e-03 -1.1370851468e-16 1.4484941024e-16 
 -1.1370851468e-16 2.6762909234e-02 -1.0273962568e-16 
 1.4441572938e-16 -1.0273962568e-16 -8.0697211005e-03
 
Elt 2
 -8.0697211005e-03 -5.4882915664e-17 1.3444106939e-16 
 -5.4882915664e-17 2.6762909234e-02 -8.4194241273e-17 
 1.3444106939e-16 -8.4194241273e-17 -8.0697211005e-03
 
Elt 1
 -8.2261991126e-03 -8.9874562617e-17 0.0000000000e+00 
 -8.9874562617e-17 2.7288771502e-02 0.0000000000e+00 
 0.0000000000e+00 0.0000000000e+00 -8.2261991126e-03
 
Elt 2
 -8.2261991126e-03 1.1922450064e-16 4.7921736024e-17 
 1.1922450064e-16 2.7288771502e-02 1.7221743190e-16 
 4.8138576458e-17 1.7221743190e-16 -8.2261991126e-03
 
Elt 1
 -8.3800677288e-03 6.6495372043e-17 -4.9439619065e-17 
 6.6495372043e-17 2.7814275531e-02 7.6486410743e-17 
 -4.9873299934e-17 7.6486410743e-17 -8.3800677288e-03
 
Elt 2
 -8.3800677288e-03 8.4026167028e-17 -2.4069288229e-17 
 8.4026167028e-17 2.7814275531e-02 2.1153116139e-16 
 -2.4069288229e-17 2.1153116139e-16 -8.3800677288e-03
 
Elt 1
 -8.5354058698e-03 1.7265215414e-16 -5.3776427755e-17 
 1.7265215414e-16 2.8339422683e-02 7.6473400822e-17 
 -5.2909066017e-17 7.6473400822e-17 -8.5354058698e-03
 
Elt 2
 -8.5354058698e-03 1.4015453019e-16 -2.9490299092e-17 
 1.4015453019e-16 2.8339422683e-02 8.2517371285e-17 
 -2.9273458657e-17 8.2517371285e-17 -8.5354058698e-03
 
Elt 1
 -8.6944671842e-03 -7.9236158825e-17 -1.0928757899e-16 
 -7.9236158825e-17 2.8864212309e-02 -1.9486933859e-19 
 -1.0928757899e-16 -1.9486933859e-19 -8.6944671842e-03
 
Elt 2
 -8.6944671842e-03 -2.2276124109e-17 1.2251484549e-17 
 -2.2276124109e-17 2.8864212309e-02 1.4538331326e-16 
 1.2359904766e-17 1.4538331326e-16 -8.6944671842e-03
 
Elt 1
 -8.8560523962e-03 2.1570242187e-17 4.2500725161e-17 
 2.1570242187e-17 2.9388642946e-02 -5.3129396318e-17 
 4.2500725161e-17 -5.3129396318e-17 -8.8560523962e-03
 
Elt 2
 -8.8560523962e-03 7.4712141992e-17 9.8879238131e-17 
 7.4712141992e-17 2.9388642946e-02 6.0144266754e-19 
 9.9746599869e-17 6.0144266754e-19 -8.8560523962e-03
 
Elt 1
 -9.0169505435e-03 -1.1265898248e-16 9.5843472048e-17 
 -1.1265898248e-16 2.9912714037e-02 -6.4730843329e-17 
 9.4976110310e-17 -6.4730843329e-17 -9.0169505435e-03
 
Elt 2
 -9.0169505435e-03 -3.3444567028e-16 5.6378512969e-17 
 -3.3444567028e-16 2.9912714037e-02 -5.7518027938e-19 
 5.5511151231e-17 -5.7518027938e-19 -9.0169505435e-03
 
Elt 1
 -9.1748598346e-03 -2.3562331959e-16 1.1015494072e-16 
 -2.3562331959e-16 3.0436426669e-02 7.9336854709e-19 
 1.1102230246e-16 7.9336854709e-19 -9.1748598346e-03
 
Elt 2
 -9.1748598346e-03 -1.4972975474e-16 2.6454533009e-16 
 -1.4972975474e-16 3.0436426669e-02 6.5434826130e-17 
 2.6367796835e-16 6.5434826130e-17 -9.1748598346e-03
 
Elt 1
 -9.3301769215e-03 -3.7912739944e-17 0.0000000000e+00 
 -3.7912739944e-17 3.0959782855e-02 0.0000000000e+00 
 0.0000000000e+00 0.0000000000e+00 -9.3301769215e-03
 
Elt 2
 -9.3301769215e-03 -3.7351273482e-17 5.2909066017e-17 
 -3.7351273482e-17 3.0959782855e-02 6.3045027998e-17 
 5.2909066017e-17 6.3045027998e-17 -9.3301769215e-03
 
Elt 1
 -9.4853172401e-03 3.1731750341e-17 -1.0928757899e-16 
 3.1731750341e-17 3.1482784143e-02 1.1403730539e-16 
 -1.0842021725e-16 1.1403730539e-16 -9.4853172401e-03
 
Elt 2
 -9.4853172401e-03 -7.1850777994e-18 -7.5894152074e-17 
 -7.1850777994e-18 3.1482784143e-02 1.8653648851e-16 
 -7.5460471205e-17 1.8653648851e-16 -9.4853172401e-03
 
Elt 1
 -9.6424487905e-03 5.9234094604e-17 -1.5872719805e-16 
 5.9234094604e-17 3.2005430791e-02 1.0995859417e-16 
 -1.5785983631e-16 1.0995859417e-16 -9.6424487905e-03
 
Elt 2
 -9.6424487905e-03 1.6720565545e-16 -2.1727411537e-16 
 1.6720565545e-16 3.2005430791e-02 1.4078538693e-16 
 -2.1727411537e-16 1.4078538693e-16 -9.6424487905e-03
 
Elt 1
 -9.8017249567e-03 -5.6688465865e-17 -1.5959455979e-16 
 -5.6688465865e-17 3.2527722118e-02 6.2605209501e-17 
 -1.5872719805e-16 6.2605209501e-17 -9.8017249567e-03
 
Elt 2
 -9.8017249567e-03 -1.6316041513e-17 1.6740081543e-16 
 -1.6316041513e-17 3.2527722118e-02 8.3277544981e-17 
 1.6826817717e-16 8.3277544981e-17 -9.8017249567e-03
 
Elt 1
 -9.9614194405e-03 -3.1662510492e-19 1.0711917464e-16 
 -3.1662510492e-19 3.3049657592e-02 -9.9632343735e-17 
 1.0711917464e-16 -9.9632343735e-17 -9.9614194405e-03
 
Elt 2
 -9.9614194405e-03 -6.3061570978e-17 1.6046192153e-16 
 -6.3061570978e-17 3.3049657592e-02 -1.2381790191e-16 
 1.6046192153e-16 -1.2381790191e-16 -9.9614194405e-03
 
Elt 1
 -1.0119605449e-02 -1.4807131242e-16 2.1900883884e-16 
 -1.4807131242e-16 3.3571237644e-02 -1.8672451242e-16 
 2.1944251971e-16 -1.8672451242e-16 -1.0119605449e-02
 
Elt 2
 -1.0119605449e-02 -2.0646805673e-16 2.7842311789e-16 
 -2.0646805673e-16 3.3571237644e-02 -1.9216012317e-16 
 2.7842311789e-16 -1.9216012317e-16 -1.0119605449e-02
 
Elt 1
 -1.0275783601e-02 9.1186585625e-17 1.1188966420e-16 
 9.1186585625e-17 3.4092463578e-02 -1.3377105367e-16 
 1.1102230246e-16 -1.3377105367e-16 -1.0275783601e-02
 
Elt 2
 -1.0275783601e-02 -2.1944545324e-16 2.3592239273e-16 
 -2.1944545324e-16 3.4092463578e-02 -1.0703019380e-16 
 2.3592239273e-16 -1.0703019380e-16 -1.0275783601e-02
 
Elt 1
 -1.0431111277e-02 1.3609651590e-16 -4.5102810375e-17 
 1.3609651590e-16 3.4613336769e-02 -3.6659088682e-17 
 -4.5970172113e-17 -3.6659088682e-17 -1.0431111277e-02
 
Elt 2
 -1.0431111277e-02 -6.2476545902e-18 -1.2929110907e-17 
 -6.2476545902e-18 3.4613336769e-02 7.9863911797e-17 
 -1.2956215961e-17 7.9863911797e-17 -1.0431111277e-02
 
Elt 1
 -1.0587223525e-02 9.1464025975e-18 -1.6393136848e-16 
 9.1464025975e-18 3.5133857902e-02 9.1366962016e-17 
 -1.6393136848e-16 9.1366962016e-17 -1.0587223525e-02
 
Elt 2
 -1.0587223525e-02 1.1584711663e-16 -4.9439619065e-17 
 1.1584711663e-16 3.5133857902e-02 9.2160276031e-17 
 -4.9439619065e-17 9.2160276031e-17 -1.0587223525e-02
 
Elt 1
 -1.0744809447e-02 -1.2750149000e-16 -2.1597307276e-16 
 -1.2750149000e-16 3.5654026885e-02 1.0353113355e-16 
 -2.1597307276e-16 1.0353113355e-16 -1.0744809447e-02
 
Elt 2
 -1.0744809447e-02 4.5539383630e-17 -1.1666015376e-16 
 4.5539383630e-17 3.5654026885e-02 1.6387565660e-16 
 -1.1709383463e-16 1.6387565660e-16 -1.0744809447e-02
 
Elt 1
 -1.0903161632e-02 -1.2432036614e-17 -4.4235448637e-17 
 -1.2432036614e-17 3.6173843424e-02 7.1163702244e-17 
 -4.4235448637e-17 7.1163702244e-17 -1.0903161632e-02
 
Elt 2
 -1.0903161632e-02 -4.5884452573e-17 0.0000000000e+00 
 -4.5884452573e-17 3.6173843424e-02 0.0000000000e+00 
 0.0000000000e+00 0.0000000000e+00 -1.0903161632e-02
 
Elt 1
 -1.1060948150e-02 -2.3223486325e-16 3.8163916471e-17 
 -2.3223486325e-16 3.6693307685e-02 2.6370178049e-19 
 3.8163916471e-17 2.6370178049e-19 -1.1060948150e-02
 
Elt 2
 -1.1060948150e-02 -2.5037185501e-16 1.0321604682e-16 
 -2.5037185501e-16 3.6693307685e-02 -4.5766691533e-17 
 1.0321604682e-16 -4.5766691533e-17 -1.1060948150e-02
 
Elt 1
 -1.1217404896e-02 -2.4601489036e-16 1.3704315460e-16 
 -2.4601489036e-16 3.7212420486e-02 -5.2771766167e-17 
 1.3530843113e-16 -5.2771766167e-17 -1.1217404896e-02
 
Elt 2
 -1.1217404896e-02 -2.8155126753e-16 2.1770779624e-16 
 -2.8155126753e-16 3.7212420486e-02 -6.8016675647e-17 
 2.1770779624e-16 -6.8016675647e-17 -1.1217404896e-02
 
Elt 1
 -1.1372898987e-02 -3.2817892831e-16 1.7564075194e-16 
 -3.2817892831e-16 3.7731182918e-02 -1.9944655860e-17 
 1.7564075194e-16 -1.9944655860e-17 -1.1372898987e-02
 
Elt 2
 -1.1372898987e-02 -9.4112060805e-17 2.3158558404e-16 
 -9.4112060805e-17 3.7731182918e-02 -3.3001986729e-17 
 2.3158558404e-16 -3.3001986729e-17 -1.1372898987e-02
 
Elt 1
 -1.1528474492e-02 -6.7902573786e-17 0.0000000000e+00 
 -6.7902573786e-17 3.8249595794e-02 0.0000000000e+00 
 0.0000000000e+00 0.0000000000e+00 -1.1528474492e-02
 
Elt 2
 -1.1528474492e-02 -2.6406195197e-17 1.6740081543e-16 
 -2.6406195197e-17 3.8249595794e-02 1.5339934423e-16 
 1.6740081543e-16 1.5339934423e-16 -1.1528474492e-02
 
Elt 1
 -1.1684891940e-02 9.6630387865e-17 -1.6653345369e-16 
 9.6630387865e-17 3.8767659392e-02 -1.4708754607e-19 
 -1.6740081543e-16 -1.4708754607e-19 -1.1684891940e-02
 
Elt 2
 -1.1684891940e-02 -1.6080430214e-16 -2.1076890233e-16 
 -1.6080430214e-16 3.8767659392e-02 6.0976949633e-17 
 -2.1076890233e-16 6.0976949633e-17 -1.1684891940e-02
 
