

b:
0001 0000 0000 
0000 0001 0000 
0000 0000 0001 


F:
0001 0000 0000 
0000 0001 0000 
0000 0000 0001 



b:
0001 0000 0000 
0000 0001 0000 
0000 0000 0001 


F:
0001 0000 0000 
0000 0001 0000 
0000 0000 0001 



b:
0001 0000 0000 
0000 0001 0000 
0000 0000 0001 


F:
0001 0000 0000 
0000 0001 0000 
0000 0000 0001 



b:
1.0000e+00 8.3267e-17 3.8265e-16 
8.3267e-17 1.0000e+00 6.7728e-17 
3.8265e-16 6.7728e-17 1.0000e+00 


F:
1.0000e+00 1.1102e-16 3.2714e-16 
-2.7756e-17 1.0000e+00 6.7728e-17 
5.5511e-17 0000 1.0000e+00 



b:
0001 0000 0000 
0000 1.1025e+00 7.6500e-18 
0000 7.6500e-18 0001 


F:
0001 0000 0000 
0000 1.0500e+00 7.6500e-18 
0000 0000 0001 



b:
1.0000e+00 6.1062e-17 3.8265e-16 
6.1062e-17 1.1025e+00 2.4173e-17 
3.8265e-16 2.4173e-17 1.0000e+00 


F:
1.0000e+00 1.1102e-16 3.2714e-16 
-5.5511e-17 1.0500e+00 2.4173e-17 
5.5511e-17 0000 1.0000e+00 



b:
0001 0000 0000 
0000 0001 0000 
0000 0000 0001 


F:
0001 0000 0000 
0000 0001 0000 
0000 0000 0001 



b:
0001 0000 0000 
0000 0001 0000 
0000 0000 0001 


F:
0001 0000 0000 
0000 0001 0000 
0000 0000 0001 



b:
0001 0000 0000 
0000 0001 0000 
0000 0000 0001 


F:
0001 0000 0000 
0000 0001 0000 
0000 0000 0001 



b:
1.0000e+00 8.3267e-17 3.8265e-16 
8.3267e-17 1.0000e+00 6.7728e-17 
3.8265e-16 6.7728e-17 1.0000e+00 


F:
1.0000e+00 1.1102e-16 3.2714e-16 
-2.7756e-17 1.0000e+00 6.7728e-17 
5.5511e-17 0000 1.0000e+00 



b:
0001 0000 0000 
0000 1.1025e+00 7.6500e-18 
0000 7.6500e-18 0001 


F:
0001 0000 0000 
0000 1.0500e+00 7.6500e-18 
0000 0000 0001 



b:
1.0000e+00 6.1062e-17 3.8265e-16 
6.1062e-17 1.1025e+00 2.4173e-17 
3.8265e-16 2.4173e-17 1.0000e+00 


F:
1.0000e+00 1.1102e-16 3.2714e-16 
-5.5511e-17 1.0500e+00 2.4173e-17 
5.5511e-17 0000 1.0000e+00 



b:
0001 0000 0000 
0000 0001 0000 
0000 0000 0001 


F:
0001 0000 0000 
0000 0001 0000 
0000 0000 0001 



b:
0001 0000 0000 
0000 0001 0000 
0000 0000 0001 


F:
0001 0000 0000 
0000 0001 0000 
0000 0000 0001 



b:
0001 0000 0000 
0000 0001 0000 
0000 0000 0001 


F:
0001 0000 0000 
0000 0001 0000 
0000 0000 0001 



b:
0001 0000 0000 
0000 0001 0000 
0000 0000 0001 


F:
0001 0000 0000 
0000 0001 0000 
0000 0000 0001 



b:
1.0000e+00 8.3267e-17 3.8265e-16 
8.3267e-17 1.0000e+00 6.7728e-17 
3.8265e-16 6.7728e-17 1.0000e+00 


F:
1.0000e+00 1.1102e-16 3.2714e-16 
-2.7756e-17 1.0000e+00 6.7728e-17 
5.5511e-17 0000 1.0000e+00 



b:
0001 0000 0000 
0000 1.1025e+00 7.6500e-18 
0000 7.6500e-18 0001 


F:
0001 0000 0000 
0000 1.0500e+00 7.6500e-18 
0000 0000 0001 



b:
1.0000e+00 6.1062e-17 3.8265e-16 
6.1062e-17 1.1025e+00 2.4173e-17 
3.8265e-16 2.4173e-17 1.0000e+00 


F:
1.0000e+00 1.1102e-16 3.2714e-16 
-5.5511e-17 1.0500e+00 2.4173e-17 
5.5511e-17 0000 1.0000e+00 



b:
0001 0000 0000 
0000 0001 0000 
0000 0000 0001 


F:
0001 0000 0000 
0000 0001 0000 
0000 0000 0001 



b:
0001 0000 0000 
0000 0001 0000 
0000 0000 0001 


F:
0001 0000 0000 
0000 0001 0000 
0000 0000 0001 



b:
0001 0000 0000 
0000 0001 0000 
0000 0000 0001 


F:
0001 0000 0000 
0000 0001 0000 
0000 0000 0001 



b:
1.0000e+00 8.3267e-17 3.8265e-16 
8.3267e-17 1.0000e+00 6.7728e-17 
3.8265e-16 6.7728e-17 1.0000e+00 


F:
1.0000e+00 1.1102e-16 3.2714e-16 
-2.7756e-17 1.0000e+00 6.7728e-17 
5.5511e-17 0000 1.0000e+00 



b:
0001 0000 0000 
0000 1.1025e+00 7.6500e-18 
0000 7.6500e-18 0001 


F:
0001 0000 0000 
0000 1.0500e+00 7.6500e-18 
0000 0000 0001 



b:
0001 0000 0000 
0000 0001 0000 
0000 0000 0001 


F:
0001 0000 0000 
0000 0001 0000 
0000 0000 0001 



b:
0001 0000 0000 
0000 0001 0000 
0000 0000 0001 


F:
0001 0000 0000 
0000 0001 0000 
0000 0000 0001 



b:
0001 0000 0000 
0000 0001 0000 
0000 0000 0001 


F:
0001 0000 0000 
0000 0001 0000 
0000 0000 0001 



b:
1.0000e+00 8.3267e-17 3.8265e-16 
8.3267e-17 1.0000e+00 6.7728e-17 
3.8265e-16 6.7728e-17 1.0000e+00 


F:
1.0000e+00 1.1102e-16 3.2714e-16 
-2.7756e-17 1.0000e+00 6.7728e-17 
5.5511e-17 0000 1.0000e+00 



b:
0001 0000 0000 
0000 1.1025e+00 7.6500e-18 
0000 7.6500e-18 0001 


F:
0001 0000 0000 
0000 1.0500e+00 7.6500e-18 
0000 0000 0001 



b:
1.0000e+00 6.1062e-17 3.8265e-16 
6.1062e-17 1.1025e+00 2.4173e-17 
3.8265e-16 2.4173e-17 1.0000e+00 


F:
1.0000e+00 1.1102e-16 3.2714e-16 
-5.5511e-17 1.0500e+00 2.4173e-17 
5.5511e-17 0000 1.0000e+00 



b:
0001 0000 0000 
0000 0001 0000 
0000 0000 0001 


F:
0001 0000 0000 
0000 0001 0000 
0000 0000 0001 



b:
0001 0000 0000 
0000 0001 0000 
0000 0000 0001 


F:
0001 0000 0000 
0000 0001 0000 
0000 0000 0001 



b:
0001 0000 0000 
0000 0001 0000 
0000 0000 0001 


F:
0001 0000 0000 
0000 0001 0000 
0000 0000 0001 



b:
1.0000e+00 8.3267e-17 3.8265e-16 
8.3267e-17 1.0000e+00 6.7728e-17 
3.8265e-16 6.7728e-17 1.0000e+00 


F:
1.0000e+00 1.1102e-16 3.2714e-16 
-2.7756e-17 1.0000e+00 6.7728e-17 
5.5511e-17 0000 1.0000e+00 



b:
0001 0000 0000 
0000 1.1025e+00 7.6500e-18 
0000 7.6500e-18 0001 


F:
0001 0000 0000 
0000 1.0500e+00 7.6500e-18 
0000 0000 0001 



b:
1.0000e+00 6.1062e-17 3.8265e-16 
6.1062e-17 1.1025e+00 2.4173e-17 
3.8265e-16 2.4173e-17 1.0000e+00 


F:
1.0000e+00 1.1102e-16 3.2714e-16 
-5.5511e-17 1.0500e+00 2.4173e-17 
5.5511e-17 0000 1.0000e+00 



b:
0001 0000 0000 
0000 0001 0000 
0000 0000 0001 


F:
0001 0000 0000 
0000 0001 0000 
0000 0000 0001 



b:
0001 0000 0000 
0000 0001 0000 
0000 0000 0001 


F:
0001 0000 0000 
0000 0001 0000 
0000 0000 0001 



b:
0001 0000 0000 
0000 0001 0000 
0000 0000 0001 


F:
0001 0000 0000 
0000 0001 0000 
0000 0000 0001 



b:
0001 0000 0000 
0000 0001 0000 
0000 0000 0001 


F:
0001 0000 0000 
0000 0001 0000 
0000 0000 0001 



b:
1.0000e+00 8.3267e-17 3.8265e-16 
8.3267e-17 1.0000e+00 6.7728e-17 
3.8265e-16 6.7728e-17 1.0000e+00 


F:
1.0000e+00 1.1102e-16 3.2714e-16 
-2.7756e-17 1.0000e+00 6.7728e-17 
5.5511e-17 0000 1.0000e+00 



b:
0001 0000 0000 
0000 1.1025e+00 7.6500e-18 
0000 7.6500e-18 0001 


F:
0001 0000 0000 
0000 1.0500e+00 7.6500e-18 
0000 0000 0001 



b:
1.0000e+00 6.1062e-17 3.8265e-16 
6.1062e-17 1.1025e+00 2.4173e-17 
3.8265e-16 2.4173e-17 1.0000e+00 


F:
1.0000e+00 1.1102e-16 3.2714e-16 
-5.5511e-17 1.0500e+00 2.4173e-17 
5.5511e-17 0000 1.0000e+00 



b:
0001 0000 0000 
0000 0001 0000 
0000 0000 0001 


F:
0001 0000 0000 
0000 0001 0000 
0000 0000 0001 



b:
0001 0000 0000 
0000 0001 0000 
0000 0000 0001 


F:
0001 0000 0000 
0000 0001 0000 
0000 0000 0001 



b:
0001 0000 0000 
0000 0001 0000 
0000 0000 0001 


F:
0001 0000 0000 
0000 0001 0000 
0000 0000 0001 



b:
1.0000e+00 8.3267e-17 3.8265e-16 
8.3267e-17 1.0000e+00 6.7728e-17 
3.8265e-16 6.7728e-17 1.0000e+00 


F:
1.0000e+00 1.1102e-16 3.2714e-16 
-2.7756e-17 1.0000e+00 6.7728e-17 
5.5511e-17 0000 1.0000e+00 



b:
0001 0000 0000 
0000 1.1025e+00 7.6500e-18 
0000 7.6500e-18 0001 


F:
0001 0000 0000 
0000 1.0500e+00 7.6500e-18 
0000 0000 0001 



b:
1.0000e+00 6.1062e-17 3.8265e-16 
6.1062e-17 1.1025e+00 2.4173e-17 
3.8265e-16 2.4173e-17 1.0000e+00 


F:
1.0000e+00 1.1102e-16 3.2714e-16 
-5.5511e-17 1.0500e+00 2.4173e-17 
5.5511e-17 0000 1.0000e+00 



b:
0001 0000 0000 
0000 0001 0000 
0000 0000 0001 


F:
0001 0000 0000 
0000 0001 0000 
0000 0000 0001 



b:
0001 0000 0000 
0000 0001 0000 
0000 0000 0001 


F:
0001 0000 0000 
0000 0001 0000 
0000 0000 0001 



b:
0001 0000 0000 
0000 0001 0000 
0000 0000 0001 


F:
0001 0000 0000 
0000 0001 0000 
0000 0000 0001 



b:
1.0000e+00 8.3267e-17 3.8265e-16 
8.3267e-17 1.0000e+00 6.7728e-17 
3.8265e-16 6.7728e-17 1.0000e+00 


F:
1.0000e+00 1.1102e-16 3.2714e-16 
-2.7756e-17 1.0000e+00 6.7728e-17 
5.5511e-17 0000 1.0000e+00 



b:
0001 0000 0000 
0000 1.1025e+00 7.6500e-18 
0000 7.6500e-18 0001 


F:
0001 0000 0000 
0000 1.0500e+00 7.6500e-18 
0000 0000 0001 



b:
1.0000e+00 6.1062e-17 3.8265e-16 
6.1062e-17 1.1025e+00 2.4173e-17 
3.8265e-16 2.4173e-17 1.0000e+00 


F:
1.0000e+00 1.1102e-16 3.2714e-16 
-5.5511e-17 1.0500e+00 2.4173e-17 
5.5511e-17 0000 1.0000e+00 


