Elt 1
 0.0000000000e+00 0.0000000000e+00 0.0000000000e+00 
 0.0000000000e+00 0.0000000000e+00 0.0000000000e+00 
 0.0000000000e+00 0.0000000000e+00 0.0000000000e+00
 
Elt 2
 0.0000000000e+00 0.0000000000e+00 0.0000000000e+00 
 0.0000000000e+00 0.0000000000e+00 0.0000000000e+00 
 0.0000000000e+00 0.0000000000e+00 0.0000000000e+00
 
Elt 3
 0.0000000000e+00 0.0000000000e+00 0.0000000000e+00 
 0.0000000000e+00 0.0000000000e+00 0.0000000000e+00 
 0.0000000000e+00 0.0000000000e+00 0.0000000000e+00
 
Elt 4
 0.0000000000e+00 0.0000000000e+00 0.0000000000e+00 
 0.0000000000e+00 0.0000000000e+00 0.0000000000e+00 
 0.0000000000e+00 0.0000000000e+00 0.0000000000e+00
 
Elt 1
 0.0000000000e+00 0.0000000000e+00 0.0000000000e+00 
 0.0000000000e+00 0.0000000000e+00 0.0000000000e+00 
 0.0000000000e+00 0.0000000000e+00 0.0000000000e+00
 
Elt 2
 0.0000000000e+00 0.0000000000e+00 0.0000000000e+00 
 0.0000000000e+00 0.0000000000e+00 0.0000000000e+00 
 0.0000000000e+00 0.0000000000e+00 0.0000000000e+00
 
Elt 3
 0.0000000000e+00 0.0000000000e+00 0.0000000000e+00 
 0.0000000000e+00 0.0000000000e+00 0.0000000000e+00 
 0.0000000000e+00 0.0000000000e+00 0.0000000000e+00
 
Elt 4
 0.0000000000e+00 0.0000000000e+00 0.0000000000e+00 
 0.0000000000e+00 0.0000000000e+00 0.0000000000e+00 
 0.0000000000e+00 0.0000000000e+00 0.0000000000e+00
 
Elt 1
 0.0000000000e+00 0.0000000000e+00 0.0000000000e+00 
 0.0000000000e+00 0.0000000000e+00 0.0000000000e+00 
 0.0000000000e+00 0.0000000000e+00 0.0000000000e+00
 
Elt 2
 0.0000000000e+00 0.0000000000e+00 0.0000000000e+00 
 0.0000000000e+00 0.0000000000e+00 0.0000000000e+00 
 0.0000000000e+00 0.0000000000e+00 0.0000000000e+00
 
Elt 3
 0.0000000000e+00 0.0000000000e+00 0.0000000000e+00 
 0.0000000000e+00 0.0000000000e+00 0.0000000000e+00 
 0.0000000000e+00 0.0000000000e+00 0.0000000000e+00
 
Elt 4
 -5.5511151231e-17 0.0000000000e+00 -5.5511151231e-17 
 0.0000000000e+00 0.0000000000e+00 0.0000000000e+00 
 -5.5511151231e-17 0.0000000000e+00 -5.5511151231e-17
 
Elt 1
 0.0000000000e+00 0.0000000000e+00 0.0000000000e+00 
 0.0000000000e+00 0.0000000000e+00 0.0000000000e+00 
 0.0000000000e+00 0.0000000000e+00 0.0000000000e+00
 
Elt 2
 0.0000000000e+00 0.0000000000e+00 0.0000000000e+00 
 0.0000000000e+00 0.0000000000e+00 0.0000000000e+00 
 0.0000000000e+00 0.0000000000e+00 0.0000000000e+00
 
Elt 3
 0.0000000000e+00 0.0000000000e+00 0.0000000000e+00 
 0.0000000000e+00 0.0000000000e+00 0.0000000000e+00 
 0.0000000000e+00 0.0000000000e+00 0.0000000000e+00
 
Elt 4
 -5.5511151231e-17 0.0000000000e+00 -5.5511151231e-17 
 0.0000000000e+00 0.0000000000e+00 0.0000000000e+00 
 -5.5511151231e-17 0.0000000000e+00 -5.5511151231e-17
 
Elt 1
 0.0000000000e+00 0.0000000000e+00 0.0000000000e+00 
 0.0000000000e+00 0.0000000000e+00 0.0000000000e+00 
 0.0000000000e+00 0.0000000000e+00 0.0000000000e+00
 
Elt 2
 0.0000000000e+00 0.0000000000e+00 0.0000000000e+00 
 0.0000000000e+00 0.0000000000e+00 0.0000000000e+00 
 0.0000000000e+00 0.0000000000e+00 0.0000000000e+00
 
Elt 3
 0.0000000000e+00 0.0000000000e+00 0.0000000000e+00 
 0.0000000000e+00 0.0000000000e+00 0.0000000000e+00 
 0.0000000000e+00 0.0000000000e+00 0.0000000000e+00
 
Elt 4
 -5.5511151231e-17 0.0000000000e+00 -5.5511151231e-17 
 0.0000000000e+00 0.0000000000e+00 0.0000000000e+00 
 -5.5511151231e-17 0.0000000000e+00 -5.5511151231e-17
 
Elt 1
 0.0000000000e+00 0.0000000000e+00 0.0000000000e+00 
 0.0000000000e+00 0.0000000000e+00 0.0000000000e+00 
 0.0000000000e+00 0.0000000000e+00 0.0000000000e+00
 
Elt 2
 0.0000000000e+00 0.0000000000e+00 0.0000000000e+00 
 0.0000000000e+00 0.0000000000e+00 0.0000000000e+00 
 0.0000000000e+00 0.0000000000e+00 0.0000000000e+00
 
Elt 3
 0.0000000000e+00 0.0000000000e+00 0.0000000000e+00 
 0.0000000000e+00 0.0000000000e+00 0.0000000000e+00 
 0.0000000000e+00 0.0000000000e+00 0.0000000000e+00
 
Elt 4
 -5.5511151231e-17 0.0000000000e+00 -5.5511151231e-17 
 0.0000000000e+00 0.0000000000e+00 0.0000000000e+00 
 -5.5511151231e-17 0.0000000000e+00 -5.5511151231e-17
 
Elt 1
 0.0000000000e+00 0.0000000000e+00 0.0000000000e+00 
 0.0000000000e+00 0.0000000000e+00 0.0000000000e+00 
 0.0000000000e+00 0.0000000000e+00 0.0000000000e+00
 
Elt 2
 0.0000000000e+00 0.0000000000e+00 0.0000000000e+00 
 0.0000000000e+00 0.0000000000e+00 0.0000000000e+00 
 0.0000000000e+00 0.0000000000e+00 0.0000000000e+00
 
Elt 3
 0.0000000000e+00 0.0000000000e+00 0.0000000000e+00 
 0.0000000000e+00 0.0000000000e+00 0.0000000000e+00 
 0.0000000000e+00 0.0000000000e+00 0.0000000000e+00
 
Elt 4
 -5.5511151231e-17 0.0000000000e+00 -5.5511151231e-17 
 0.0000000000e+00 0.0000000000e+00 0.0000000000e+00 
 -5.5511151231e-17 0.0000000000e+00 -5.5511151231e-17
 
Elt 1
 0.0000000000e+00 0.0000000000e+00 0.0000000000e+00 
 0.0000000000e+00 0.0000000000e+00 0.0000000000e+00 
 0.0000000000e+00 0.0000000000e+00 0.0000000000e+00
 
Elt 2
 0.0000000000e+00 0.0000000000e+00 0.0000000000e+00 
 0.0000000000e+00 0.0000000000e+00 0.0000000000e+00 
 0.0000000000e+00 0.0000000000e+00 0.0000000000e+00
 
Elt 3
 0.0000000000e+00 0.0000000000e+00 0.0000000000e+00 
 0.0000000000e+00 0.0000000000e+00 0.0000000000e+00 
 0.0000000000e+00 0.0000000000e+00 0.0000000000e+00
 
Elt 4
 -5.5511151231e-17 0.0000000000e+00 -5.5511151231e-17 
 0.0000000000e+00 0.0000000000e+00 0.0000000000e+00 
 -5.5511151231e-17 0.0000000000e+00 -5.5511151231e-17
 
Elt 1
 0.0000000000e+00 0.0000000000e+00 0.0000000000e+00 
 0.0000000000e+00 0.0000000000e+00 0.0000000000e+00 
 0.0000000000e+00 0.0000000000e+00 0.0000000000e+00
 
Elt 2
 -1.7054730999e-16 2.7177232558e-16 -2.7272713172e-16 
 2.7177232558e-16 -1.2802662466e-16 8.4572632373e-17 
 -2.7272713172e-16 8.4572632373e-17 -3.4492972732e-17
 
Elt 3
 0.0000000000e+00 0.0000000000e+00 0.0000000000e+00 
 0.0000000000e+00 0.0000000000e+00 0.0000000000e+00 
 0.0000000000e+00 0.0000000000e+00 0.0000000000e+00
 
Elt 4
 3.9358545887e-16 -1.1930530467e-17 6.6892772004e-16 
 -1.1930530467e-17 4.4127085370e-16 1.5802118435e-16 
 6.6892772004e-16 1.5802118435e-16 8.3047822437e-16
 
Elt 1
 0.0000000000e+00 0.0000000000e+00 0.0000000000e+00 
 0.0000000000e+00 1.0892657069e-04 0.0000000000e+00 
 0.0000000000e+00 0.0000000000e+00 0.0000000000e+00
 
Elt 2
 1.0107353995e-17 7.4451052174e-17 -2.2181444491e-16 
 7.4451052174e-17 1.0892657069e-04 1.1796724244e-16 
 -2.2181444491e-16 1.1796724244e-16 -1.0107353995e-17
 
Elt 3
 0.0000000000e+00 0.0000000000e+00 0.0000000000e+00 
 0.0000000000e+00 0.0000000000e+00 0.0000000000e+00 
 0.0000000000e+00 0.0000000000e+00 0.0000000000e+00
 
Elt 4
 3.9358545887e-16 -1.1930530467e-17 6.6892772004e-16 
 -1.1930530467e-17 4.4127085370e-16 1.5802118435e-16 
 6.6892772004e-16 1.5802118435e-16 8.3047822437e-16
 
Elt 1
 -3.8551422700e-06 -1.1506068952e-16 0.0000000000e+00 
 -1.1506068952e-16 2.1784127768e-04 0.0000000000e+00 
 0.0000000000e+00 0.0000000000e+00 -3.8551422700e-06
 
Elt 2
 -3.8551422698e-06 1.8080128334e-17 -2.1304572689e-16 
 1.8080128334e-17 2.1784127768e-04 1.1103572031e-16 
 -2.1304572689e-16 1.1103572031e-16 -3.8551422699e-06
 
Elt 3
 0.0000000000e+00 0.0000000000e+00 0.0000000000e+00 
 0.0000000000e+00 0.0000000000e+00 0.0000000000e+00 
 0.0000000000e+00 0.0000000000e+00 0.0000000000e+00
 
Elt 4
 3.9358545887e-16 -1.1930530467e-17 6.6892772004e-16 
 -1.1930530467e-17 4.4127085370e-16 1.5802118435e-16 
 6.6892772004e-16 1.5802118435e-16 8.3047822437e-16
 
Elt 1
 -1.3571509587e-05 3.0218963720e-22 0.0000000000e+00 
 3.0218963720e-22 3.2674412355e-04 0.0000000000e+00 
 0.0000000000e+00 0.0000000000e+00 -1.3571509587e-05
 
Elt 2
 -1.3571509587e-05 -2.4686290487e-17 -2.0463045456e-16 
 -2.4686290487e-17 3.2674412355e-04 -5.1968317839e-17 
 -2.0463130160e-16 -5.1968317839e-17 -1.3571509587e-05
 
Elt 3
 0.0000000000e+00 0.0000000000e+00 0.0000000000e+00 
 0.0000000000e+00 0.0000000000e+00 0.0000000000e+00 
 0.0000000000e+00 0.0000000000e+00 0.0000000000e+00
 
Elt 4
 3.9358545887e-16 -1.1930530467e-17 6.6892772004e-16 
 -1.1930530467e-17 4.4127085370e-16 1.5802118435e-16 
 6.6892772004e-16 1.5802118435e-16 8.3047822437e-16
 
Elt 1
 -3.0672758716e-05 -1.1243264857e-16 0.0000000000e+00 
 -1.1243264857e-16 4.3563469111e-04 0.0000000000e+00 
 0.0000000000e+00 0.0000000000e+00 -3.0672758716e-05
 
Elt 2
 -3.0672758716e-05 -2.2531113153e-17 -2.2012184013e-16 
 -2.2531113153e-17 4.3563469111e-04 2.9766051204e-23 
 -2.2012014607e-16 2.9766051204e-23 -3.0672758716e-05
 
Elt 3
 0.0000000000e+00 0.0000000000e+00 0.0000000000e+00 
 0.0000000000e+00 0.0000000000e+00 0.0000000000e+00 
 0.0000000000e+00 0.0000000000e+00 0.0000000000e+00
 
Elt 4
 3.9358545887e-16 -1.1930530467e-17 6.6892772004e-16 
 -1.1930530467e-17 4.4127085370e-16 1.5802118435e-16 
 6.6892772004e-16 1.5802118435e-16 8.3047822437e-16
 
Elt 1
 -5.6101173091e-05 -1.0857287658e-16 0.0000000000e+00 
 -1.0857287658e-16 5.4451234496e-04 0.0000000000e+00 
 0.0000000000e+00 0.0000000000e+00 -5.6101173091e-05
 
Elt 2
 -5.6101173091e-05 -1.7283648647e-16 -1.7400428429e-16 
 -1.7283648647e-16 5.4451234496e-04 -6.9258672161e-17 
 -1.7400428429e-16 -6.9258672161e-17 -5.6101173091e-05
 
Elt 3
 0.0000000000e+00 0.0000000000e+00 0.0000000000e+00 
 0.0000000000e+00 0.0000000000e+00 0.0000000000e+00 
 0.0000000000e+00 0.0000000000e+00 0.0000000000e+00
 
Elt 4
 3.9358545887e-16 -1.1930530467e-17 6.6892772004e-16 
 -1.1930530467e-17 4.4127085370e-16 1.5802118435e-16 
 6.6892772004e-16 1.5802118435e-16 8.3047822437e-16
 
Elt 1
 -9.0163919684e-05 6.6933721385e-17 0.0000000000e+00 
 6.6933721385e-17 6.5337628414e-04 0.0000000000e+00 
 0.0000000000e+00 0.0000000000e+00 -9.0163919683e-05
 
Elt 2
 -9.0163919683e-05 1.5127829782e-16 -2.4986794318e-16 
 1.5127829782e-16 6.5337628414e-04 9.7203074049e-17 
 -2.4987471944e-16 9.7203074049e-17 -9.0163919683e-05
 
Elt 3
 0.0000000000e+00 0.0000000000e+00 0.0000000000e+00 
 0.0000000000e+00 0.0000000000e+00 0.0000000000e+00 
 0.0000000000e+00 0.0000000000e+00 0.0000000000e+00
 
Elt 4
 3.9358545887e-16 -1.1930530467e-17 6.6892772004e-16 
 -1.1930530467e-17 4.4127085370e-16 1.5802118435e-16 
 6.6892772004e-16 1.5802118435e-16 8.3047822437e-16
 
Elt 1
 -1.3252730310e-04 7.4313222371e-21 0.0000000000e+00 
 7.4313222371e-21 7.6222560550e-04 0.0000000000e+00 
 0.0000000000e+00 0.0000000000e+00 -1.3252730310e-04
 
Elt 2
 -1.3252730310e-04 -4.3459578403e-17 -1.1647041838e-16 
 -4.3459578403e-17 7.6222560550e-04 1.0413012056e-16 
 -1.1647041838e-16 1.0413012056e-16 -1.3252730310e-04
 
Elt 3
 0.0000000000e+00 0.0000000000e+00 0.0000000000e+00 
 0.0000000000e+00 0.0000000000e+00 0.0000000000e+00 
 0.0000000000e+00 0.0000000000e+00 0.0000000000e+00
 
Elt 4
 3.9358545887e-16 -1.1930530467e-17 6.6892772004e-16 
 -1.1930530467e-17 4.4127085370e-16 1.5802118435e-16 
 6.6892772004e-16 1.5802118435e-16 8.3047822437e-16
 
Elt 1
 -1.8225819712e-04 -3.5529498981e-17 0.0000000000e+00 
 -3.5529498981e-17 8.7105937293e-04 0.0000000000e+00 
 0.0000000000e+00 0.0000000000e+00 -1.8225819712e-04
 
Elt 2
 -1.8225819712e-04 1.7401243219e-16 -1.2636376320e-16 
 1.7401243219e-16 8.7105937293e-04 1.2493568339e-16 
 -1.2637731573e-16 1.2493568339e-16 -1.8225819712e-04
 
Elt 3
 0.0000000000e+00 0.0000000000e+00 0.0000000000e+00 
 0.0000000000e+00 0.0000000000e+00 0.0000000000e+00 
 0.0000000000e+00 0.0000000000e+00 0.0000000000e+00
 
Elt 4
 3.9358545887e-16 -1.1930530467e-17 6.6892772004e-16 
 -1.1930530467e-17 4.4127085370e-16 1.5802118435e-16 
 6.6892772004e-16 1.5802118435e-16 8.3047822437e-16
 
Elt 1
 -2.3790836873e-04 4.4157724610e-20 0.0000000000e+00 
 4.4157724610e-20 9.7987668715e-04 0.0000000000e+00 
 0.0000000000e+00 0.0000000000e+00 -2.3790836873e-04
 
Elt 2
 -2.3790836873e-04 -5.3480343062e-17 -2.2826521489e-16 
 -5.3480343062e-17 9.7987668715e-04 -6.5704708152e-17 
 -2.2826521489e-16 -6.5704708152e-17 -2.3790836873e-04
 
Elt 3
 0.0000000000e+00 0.0000000000e+00 0.0000000000e+00 
 0.0000000000e+00 0.0000000000e+00 0.0000000000e+00 
 0.0000000000e+00 0.0000000000e+00 0.0000000000e+00
 
Elt 4
 3.9358545887e-16 -1.1930530467e-17 6.6892772004e-16 
 -1.1930530467e-17 4.4127085370e-16 1.5802118435e-16 
 6.6892772004e-16 1.5802118435e-16 8.3047822437e-16
 
Elt 1
 -2.9763433652e-04 1.0614739790e-17 0.0000000000e+00 
 1.0614739790e-17 1.0886767509e-03 0.0000000000e+00 
 0.0000000000e+00 0.0000000000e+00 -2.9763433652e-04
 
Elt 2
 -2.9763433652e-04 8.0353029210e-17 -1.6639792842e-16 
 8.0353029210e-17 1.0886767509e-03 1.2494726966e-16 
 -1.6639792842e-16 1.2494726966e-16 -2.9763433652e-04
 
Elt 3
 0.0000000000e+00 0.0000000000e+00 0.0000000000e+00 
 0.0000000000e+00 0.0000000000e+00 0.0000000000e+00 
 0.0000000000e+00 0.0000000000e+00 0.0000000000e+00
 
Elt 4
 3.9358545887e-16 -1.1930530467e-17 6.6892772004e-16 
 -1.1930530467e-17 4.4127085370e-16 1.5802118435e-16 
 6.6892772004e-16 1.5802118435e-16 8.3047822437e-16
 
Elt 1
 -3.5934276027e-04 1.8092912313e-17 0.0000000000e+00 
 1.8092912313e-17 1.1974589249e-03 0.0000000000e+00 
 0.0000000000e+00 0.0000000000e+00 -3.5934276027e-04
 
Elt 2
 -3.5934276027e-04 -1.1909145710e-16 -2.7545511445e-16 
 -1.1909145710e-16 1.1974589249e-03 1.3188228638e-16 
 -2.7545511445e-16 1.3188228638e-16 -3.5934276027e-04
 
Elt 3
 0.0000000000e+00 0.0000000000e+00 0.0000000000e+00 
 0.0000000000e+00 0.0000000000e+00 0.0000000000e+00 
 0.0000000000e+00 0.0000000000e+00 0.0000000000e+00
 
Elt 4
 3.9358545887e-16 -1.1930530467e-17 6.6892772004e-16 
 -1.1930530467e-17 4.4127085370e-16 1.5802118435e-16 
 6.6892772004e-16 1.5802118435e-16 8.3047822437e-16
 
Elt 1
 -4.2085083176e-04 3.7652568191e-17 0.0000000000e+00 
 3.7652568191e-17 1.3062227707e-03 0.0000000000e+00 
 0.0000000000e+00 0.0000000000e+00 -4.2085083176e-04
 
Elt 2
 -4.2085083176e-04 1.1009354883e-16 -1.2724467747e-16 
 1.1009354883e-16 1.3062227707e-03 1.2494723048e-16 
 -1.2724467747e-16 1.2494723048e-16 -4.2085083176e-04
 
Elt 3
 0.0000000000e+00 0.0000000000e+00 0.0000000000e+00 
 0.0000000000e+00 0.0000000000e+00 0.0000000000e+00 
 0.0000000000e+00 0.0000000000e+00 0.0000000000e+00
 
Elt 4
 3.9358545887e-16 -1.1930530467e-17 6.6892772004e-16 
 -1.1930530467e-17 4.4127085370e-16 1.5802118435e-16 
 6.6892772004e-16 1.5802118435e-16 8.3047822437e-16
 
Elt 1
 -4.8004889623e-04 -1.0919739924e-16 0.0000000000e+00 
 -1.0919739924e-16 1.4149680779e-03 0.0000000000e+00 
 0.0000000000e+00 0.0000000000e+00 -4.8004889623e-04
 
Elt 2
 -4.8004889623e-04 1.0658714384e-16 -1.3425133401e-16 
 1.0658714384e-16 1.4149680779e-03 -1.1014701539e-20 
 -1.3425133401e-16 -1.1014701539e-20 -4.8004889623e-04
 
Elt 3
 0.0000000000e+00 0.0000000000e+00 0.0000000000e+00 
 0.0000000000e+00 0.0000000000e+00 0.0000000000e+00 
 0.0000000000e+00 0.0000000000e+00 0.0000000000e+00
 
Elt 4
 3.9358545887e-16 -1.1930530467e-17 6.6892772004e-16 
 -1.1930530467e-17 4.4127085370e-16 1.5802118435e-16 
 6.6892772004e-16 1.5802118435e-16 8.3047822437e-16
 
Elt 1
 -5.3505299002e-04 6.7294047861e-17 0.0000000000e+00 
 6.7294047861e-17 1.5236948735e-03 0.0000000000e+00 
 0.0000000000e+00 0.0000000000e+00 -5.3505299002e-04
 
Elt 2
 -5.3505299001e-04 1.8465528231e-16 -3.0026979167e-16 
 1.8465528231e-16 1.5236948735e-03 1.4247111049e-20 
 -3.0026979167e-16 1.4247111049e-20 -5.3505299002e-04
 
Elt 3
 0.0000000000e+00 0.0000000000e+00 0.0000000000e+00 
 0.0000000000e+00 0.0000000000e+00 0.0000000000e+00 
 0.0000000000e+00 0.0000000000e+00 0.0000000000e+00
 
Elt 4
 3.9358545887e-16 -1.1930530467e-17 6.6892772004e-16 
 -1.1930530467e-17 4.4127085370e-16 1.5802118435e-16 
 6.6892772004e-16 1.5802118435e-16 8.3047822437e-16
 
Elt 1
 -5.8433643931e-04 1.2462710601e-16 0.0000000000e+00 
 1.2462710601e-16 1.6324034136e-03 0.0000000000e+00 
 0.0000000000e+00 0.0000000000e+00 -5.8433643931e-04
 
Elt 2
 -5.8433643931e-04 -6.8024734416e-17 -2.7048133698e-16 
 -6.8024734416e-17 1.6324034136e-03 1.1112054113e-16 
 -2.7050844204e-16 1.1112054113e-16 -5.8433643931e-04
 
Elt 3
 0.0000000000e+00 0.0000000000e+00 0.0000000000e+00 
 0.0000000000e+00 0.0000000000e+00 0.0000000000e+00 
 0.0000000000e+00 0.0000000000e+00 0.0000000000e+00
 
Elt 4
 3.9358545887e-16 -1.1930530467e-17 6.6892772004e-16 
 -1.1930530467e-17 4.4127085370e-16 1.5802118435e-16 
 6.6892772004e-16 1.5802118435e-16 8.3047822437e-16
 
Elt 1
 -6.2683189999e-04 -3.4352956945e-16 0.0000000000e+00 
 -3.4352956945e-16 1.7410941592e-03 0.0000000000e+00 
 0.0000000000e+00 0.0000000000e+00 -6.2683189999e-04
 
Elt 2
 -6.2683189999e-04 2.3734182430e-17 -1.6458188978e-16 
 2.3734182430e-17 1.7410941592e-03 1.1106571566e-16 
 -1.6463609989e-16 1.1106571566e-16 -6.2683189999e-04
 
Elt 3
 0.0000000000e+00 0.0000000000e+00 0.0000000000e+00 
 0.0000000000e+00 0.0000000000e+00 0.0000000000e+00 
 0.0000000000e+00 0.0000000000e+00 0.0000000000e+00
 
Elt 4
 3.9358545887e-16 -1.1930530467e-17 6.6892772004e-16 
 -1.1930530467e-17 4.4127085370e-16 1.5802118435e-16 
 6.6892772004e-16 1.5802118435e-16 8.3047822437e-16
 
Elt 1
 -6.6199751078e-04 1.7278397186e-16 0.0000000000e+00 
 1.7278397186e-16 1.8497677367e-03 0.0000000000e+00 
 0.0000000000e+00 0.0000000000e+00 -6.6199751078e-04
 
Elt 2
 -6.6199751078e-04 8.1626971455e-17 -2.0534789147e-16 
 8.1626971455e-17 1.8497677367e-03 7.6427648979e-17 
 -2.0540210158e-16 7.6427648979e-17 -6.6199751078e-04
 
Elt 3
 0.0000000000e+00 0.0000000000e+00 0.0000000000e+00 
 0.0000000000e+00 0.0000000000e+00 0.0000000000e+00 
 0.0000000000e+00 0.0000000000e+00 0.0000000000e+00
 
Elt 4
 3.9358545887e-16 -1.1930530467e-17 6.6892772004e-16 
 -1.1930530467e-17 4.4127085370e-16 1.5802118435e-16 
 6.6892772004e-16 1.5802118435e-16 8.3047822437e-16
 
Elt 1
 -6.8984258546e-04 4.8315992214e-17 0.0000000000e+00 
 4.8315992214e-17 1.9584248883e-03 0.0000000000e+00 
 0.0000000000e+00 0.0000000000e+00 -6.8984258546e-04
 
Elt 2
 -6.8984258546e-04 5.0714215054e-17 -2.0149897376e-16 
 5.0714215054e-17 1.9584248883e-03 1.1798996911e-16 
 -2.0155318387e-16 1.1798996911e-16 -6.8984258546e-04
 
Elt 3
 0.0000000000e+00 0.0000000000e+00 0.0000000000e+00 
 0.0000000000e+00 0.0000000000e+00 0.0000000000e+00 
 0.0000000000e+00 0.0000000000e+00 0.0000000000e+00
 
Elt 4
 3.9358545887e-16 -1.1930530467e-17 6.6892772004e-16 
 -1.1930530467e-17 4.4127085370e-16 1.5802118435e-16 
 6.6892772004e-16 1.5802118435e-16 8.3047822437e-16
 
Elt 1
 -7.1091229370e-04 -1.6332961671e-17 -5.4210108624e-17 
 -1.6332961671e-17 2.0670664145e-03 -2.1406066341e-20 
 -5.4155898516e-17 -2.1406066341e-20 -7.1091229370e-04
 
Elt 2
 -7.1091229370e-04 -9.8636969470e-18 -3.1837596795e-16 
 -9.8636969470e-18 2.0670664145e-03 -6.2011292203e-17 
 -3.1832175784e-16 -6.2011292203e-17 -7.1091229370e-04
 
Elt 3
 0.0000000000e+00 0.0000000000e+00 0.0000000000e+00 
 0.0000000000e+00 0.0000000000e+00 0.0000000000e+00 
 0.0000000000e+00 0.0000000000e+00 0.0000000000e+00
 
Elt 4
 3.9358545887e-16 -1.1930530467e-17 6.6892772004e-16 
 -1.1930530467e-17 4.4127085370e-16 1.5802118435e-16 
 6.6892772004e-16 1.5802118435e-16 8.3047822437e-16
 
Elt 1
 -7.2623353789e-04 2.7178963472e-16 0.0000000000e+00 
 2.7178963472e-16 2.1756931144e-03 0.0000000000e+00 
 0.0000000000e+00 0.0000000000e+00 -7.2623353789e-04
 
Elt 2
 -7.2623353789e-04 9.2691433241e-17 -2.3613923317e-16 
 9.2691433241e-17 2.1756931144e-03 7.6495046159e-17 
 -2.3613923317e-16 7.6495046159e-17 -7.2623353789e-04
 
Elt 3
 0.0000000000e+00 0.0000000000e+00 0.0000000000e+00 
 0.0000000000e+00 0.0000000000e+00 0.0000000000e+00 
 0.0000000000e+00 0.0000000000e+00 0.0000000000e+00
 
Elt 4
 3.9358545887e-16 -1.1930530467e-17 6.6892772004e-16 
 -1.1930530467e-17 4.4127085370e-16 1.5802118435e-16 
 6.6892772004e-16 1.5802118435e-16 8.3047822437e-16
 
Elt 1
 -7.3722699355e-04 1.4547338366e-16 0.0000000000e+00 
 1.4547338366e-16 2.2843057275e-03 0.0000000000e+00 
 0.0000000000e+00 0.0000000000e+00 -7.3722699355e-04
 
Elt 2
 -7.3722699355e-04 2.8263660689e-17 -3.2423065968e-16 
 2.8263660689e-17 2.2843057275e-03 -3.4369360724e-21 
 -3.2417644957e-16 -3.4369360724e-21 -7.3722699355e-04
 
Elt 3
 0.0000000000e+00 0.0000000000e+00 0.0000000000e+00 
 0.0000000000e+00 0.0000000000e+00 0.0000000000e+00 
 0.0000000000e+00 0.0000000000e+00 0.0000000000e+00
 
Elt 4
 3.9358545887e-16 -1.1930530467e-17 6.6892772004e-16 
 -1.1930530467e-17 4.4127085370e-16 1.5802118435e-16 
 6.6892772004e-16 1.5802118435e-16 8.3047822437e-16
 
Elt 1
 -7.4559261683e-04 -1.1797912913e-17 0.0000000000e+00 
 -1.1797912913e-17 2.3929048814e-03 0.0000000000e+00 
 0.0000000000e+00 0.0000000000e+00 -7.4559261683e-04
 
Elt 2
 -7.4559261683e-04 -7.3809146048e-17 -2.7939889985e-16 
 -7.3809146048e-17 2.3929048814e-03 1.1115826290e-16 
 -2.7929047963e-16 1.1115826290e-16 -7.4559261683e-04
 
Elt 3
 0.0000000000e+00 0.0000000000e+00 0.0000000000e+00 
 0.0000000000e+00 0.0000000000e+00 0.0000000000e+00 
 0.0000000000e+00 0.0000000000e+00 0.0000000000e+00
 
Elt 4
 3.9358545887e-16 -1.1930530467e-17 6.6892772004e-16 
 -1.1930530467e-17 4.4127085370e-16 1.5802118435e-16 
 6.6892772004e-16 1.5802118435e-16 8.3047822437e-16
 
Elt 1
 -7.5317767307e-04 3.5057508124e-17 0.0000000000e+00 
 3.5057508124e-17 2.5014910491e-03 0.0000000000e+00 
 0.0000000000e+00 0.0000000000e+00 -7.5317767307e-04
 
Elt 2
 -7.5317767307e-04 -9.2526874640e-17 -3.0417291949e-16 
 -9.2526874640e-17 2.5014910491e-03 1.1109349150e-16 
 -3.0411870938e-16 1.1109349150e-16 -7.5317767307e-04
 
Elt 3
 0.0000000000e+00 0.0000000000e+00 0.0000000000e+00 
 0.0000000000e+00 0.0000000000e+00 0.0000000000e+00 
 0.0000000000e+00 0.0000000000e+00 0.0000000000e+00
 
Elt 4
 3.9358545887e-16 -1.1930530467e-17 6.6892772004e-16 
 -1.1930530467e-17 4.4127085370e-16 1.5802118435e-16 
 6.6892772004e-16 1.5802118435e-16 8.3047822437e-16
 
Elt 1
 -7.6183739294e-04 -5.7367884418e-17 0.0000000000e+00 
 -5.7367884418e-17 2.6100645189e-03 0.0000000000e+00 
 0.0000000000e+00 0.0000000000e+00 -7.6183739294e-04
 
Elt 2
 -7.6183739294e-04 -2.4711660786e-16 0.0000000000e+00 
 -2.4711660786e-16 2.6100645189e-03 0.0000000000e+00 
 0.0000000000e+00 0.0000000000e+00 -7.6183739294e-04
 
Elt 3
 0.0000000000e+00 0.0000000000e+00 0.0000000000e+00 
 0.0000000000e+00 0.0000000000e+00 0.0000000000e+00 
 0.0000000000e+00 0.0000000000e+00 0.0000000000e+00
 
Elt 4
 3.9358545887e-16 -1.1930530467e-17 6.6892772004e-16 
 -1.1930530467e-17 4.4127085370e-16 1.5802118435e-16 
 6.6892772004e-16 1.5802118435e-16 8.3047822437e-16
 
Elt 1
 -7.7329865541e-04 -1.6955606775e-16 0.0000000000e+00 
 -1.6955606775e-16 2.7186253784e-03 0.0000000000e+00 
 0.0000000000e+00 0.0000000000e+00 -7.7329865541e-04
 
Elt 2
 -7.7329865541e-04 -4.0899732990e-17 -2.1673201428e-16 
 -4.0899732990e-17 2.7186253784e-03 1.1120917249e-16 
 -2.1678622439e-16 1.1120917249e-16 -7.7329865541e-04
 
Elt 3
 0.0000000000e+00 0.0000000000e+00 0.0000000000e+00 
 0.0000000000e+00 0.0000000000e+00 0.0000000000e+00 
 0.0000000000e+00 0.0000000000e+00 0.0000000000e+00
 
Elt 4
 3.9358545887e-16 -1.1930530467e-17 6.6892772004e-16 
 -1.1930530467e-17 4.4127085370e-16 1.5802118435e-16 
 6.6892772004e-16 1.5802118435e-16 8.3047822437e-16
 
Elt 1
 -7.8903662301e-04 -7.8957039246e-18 0.0000000000e+00 
 -7.8957039246e-18 2.8271735137e-03 0.0000000000e+00 
 0.0000000000e+00 0.0000000000e+00 -7.8903662301e-04
 
Elt 2
 -7.8903662301e-04 1.1046720250e-16 -2.1971357025e-16 
 1.1046720250e-16 2.8271735137e-03 -5.7572094986e-20 
 -2.1965936015e-16 -5.7572094986e-20 -7.8903662301e-04
 
Elt 3
 0.0000000000e+00 0.0000000000e+00 0.0000000000e+00 
 0.0000000000e+00 0.0000000000e+00 0.0000000000e+00 
 0.0000000000e+00 0.0000000000e+00 0.0000000000e+00
 
Elt 4
 3.9358545887e-16 -1.1930530467e-17 6.6892772004e-16 
 -1.1930530467e-17 4.4127085370e-16 1.5802118435e-16 
 6.6892772004e-16 1.5802118435e-16 8.3047822437e-16
 
Elt 1
 -8.1017306302e-04 1.3350497839e-16 0.0000000000e+00 
 1.3350497839e-16 2.9357086238e-03 0.0000000000e+00 
 0.0000000000e+00 0.0000000000e+00 -8.1017306302e-04
 
Elt 2
 -8.1017306302e-04 -1.6746817642e-16 -8.5787496898e-17 
 -1.6746817642e-16 2.9357086238e-03 1.9602039638e-20 
 -8.5814601952e-17 1.9602039638e-20 -8.1017306302e-04
 
Elt 3
 0.0000000000e+00 0.0000000000e+00 0.0000000000e+00 
 0.0000000000e+00 0.0000000000e+00 0.0000000000e+00 
 0.0000000000e+00 0.0000000000e+00 0.0000000000e+00
 
Elt 4
 3.9358545887e-16 -1.1930530467e-17 6.6892772004e-16 
 -1.1930530467e-17 4.4127085370e-16 1.5802118435e-16 
 6.6892772004e-16 1.5802118435e-16 8.3047822437e-16
 
Elt 1
 -8.3740327946e-04 -3.2556022323e-17 0.0000000000e+00 
 -3.2556022323e-17 3.0442302474e-03 0.0000000000e+00 
 0.0000000000e+00 0.0000000000e+00 -8.3740327946e-04
 
Elt 2
 -8.3740327946e-04 1.7219933311e-16 -2.0784155647e-16 
 1.7219933311e-16 3.0442302474e-03 3.8670453765e-20 
 -2.0778734636e-16 3.8670453765e-20 -8.3740327946e-04
 
Elt 3
 0.0000000000e+00 0.0000000000e+00 0.0000000000e+00 
 0.0000000000e+00 0.0000000000e+00 0.0000000000e+00 
 0.0000000000e+00 0.0000000000e+00 0.0000000000e+00
 
Elt 4
 3.9358545887e-16 -1.1930530467e-17 6.6892772004e-16 
 -1.1930530467e-17 4.4127085370e-16 1.5802118435e-16 
 6.6892772004e-16 1.5802118435e-16 8.3047822437e-16
 
Elt 1
 -8.7095630090e-04 9.9479644426e-17 0.0000000000e+00 
 9.9479644426e-17 3.1527378020e-03 0.0000000000e+00 
 0.0000000000e+00 0.0000000000e+00 -8.7095630090e-04
 
Elt 2
 -8.7095630090e-04 1.3056049824e-16 -2.6855687812e-16 
 1.3056049824e-16 3.1527378020e-03 -7.5526107934e-21 
 -2.6855687812e-16 -7.5526107934e-21 -8.7095630090e-04
 
Elt 3
 0.0000000000e+00 0.0000000000e+00 0.0000000000e+00 
 0.0000000000e+00 0.0000000000e+00 0.0000000000e+00 
 0.0000000000e+00 0.0000000000e+00 0.0000000000e+00
 
Elt 4
 3.9358545887e-16 -1.1930530467e-17 6.6892772004e-16 
 -1.1930530467e-17 4.4127085370e-16 1.5802118435e-16 
 6.6892772004e-16 1.5802118435e-16 8.3047822437e-16
 
Elt 1
 -9.1059039786e-04 -1.2797887057e-16 0.0000000000e+00 
 -1.2797887057e-16 3.2612306298e-03 0.0000000000e+00 
 0.0000000000e+00 0.0000000000e+00 -9.1059039786e-04
 
Elt 2
 -9.1059039786e-04 1.4423662037e-16 -2.9978190069e-16 
 1.4423662037e-16 3.2612306298e-03 1.8446272260e-20 
 -2.9978190069e-16 1.8446272260e-20 -9.1059039786e-04
 
Elt 3
 0.0000000000e+00 0.0000000000e+00 0.0000000000e+00 
 0.0000000000e+00 0.0000000000e+00 0.0000000000e+00 
 0.0000000000e+00 0.0000000000e+00 0.0000000000e+00
 
Elt 4
 3.9358545887e-16 -1.1930530467e-17 6.6892772004e-16 
 -1.1930530467e-17 4.4127085370e-16 1.5802118435e-16 
 6.6892772004e-16 1.5802118435e-16 8.3047822437e-16
 
Elt 1
 -9.5562334034e-04 -3.1420387069e-18 0.0000000000e+00 
 -3.1420387069e-18 3.3697080485e-03 0.0000000000e+00 
 0.0000000000e+00 0.0000000000e+00 -9.5562334034e-04
 
Elt 2
 -9.5562334034e-04 -1.8854651397e-16 -2.8118783343e-16 
 -1.8854651397e-16 3.3697080485e-03 1.1115517236e-16 
 -2.8124204354e-16 1.1115517236e-16 -9.5562334034e-04
 
Elt 3
 0.0000000000e+00 0.0000000000e+00 0.0000000000e+00 
 0.0000000000e+00 0.0000000000e+00 0.0000000000e+00 
 0.0000000000e+00 0.0000000000e+00 0.0000000000e+00
 
Elt 4
 3.9358545887e-16 -1.1930530467e-17 6.6892772004e-16 
 -1.1930530467e-17 4.4127085370e-16 1.5802118435e-16 
 6.6892772004e-16 1.5802118435e-16 8.3047822437e-16
 
Elt 1
 -1.0049942529e-03 3.2147057357e-17 0.0000000000e+00 
 3.2147057357e-17 3.4781694026e-03 0.0000000000e+00 
 0.0000000000e+00 0.0000000000e+00 -1.0049942529e-03
 
Elt 2
 -1.0049942529e-03 -9.1704361630e-17 -2.7018318138e-16 
 -9.1704361630e-17 3.4781694026e-03 1.0417324049e-16 
 -2.7018318138e-16 1.0417324049e-16 -1.0049942529e-03
 
Elt 3
 0.0000000000e+00 0.0000000000e+00 0.0000000000e+00 
 0.0000000000e+00 0.0000000000e+00 0.0000000000e+00 
 0.0000000000e+00 0.0000000000e+00 0.0000000000e+00
 
Elt 4
 3.9358545887e-16 -1.1930530467e-17 6.6892772004e-16 
 -1.1930530467e-17 4.4127085370e-16 1.5802118435e-16 
 6.6892772004e-16 1.5802118435e-16 8.3047822437e-16
 
Elt 1
 -1.0573516723e-03 2.1813673617e-17 0.0000000000e+00 
 2.1813673617e-17 3.5866141107e-03 0.0000000000e+00 
 0.0000000000e+00 0.0000000000e+00 -1.0573516723e-03
 
Elt 2
 -1.0573516723e-03 -3.6564379171e-18 -2.6324428748e-16 
 -3.6564379171e-18 3.5866141107e-03 7.6584952603e-17 
 -2.6324428748e-16 7.6584952603e-17 -1.0573516723e-03
 
Elt 3
 0.0000000000e+00 0.0000000000e+00 0.0000000000e+00 
 0.0000000000e+00 0.0000000000e+00 0.0000000000e+00 
 0.0000000000e+00 0.0000000000e+00 0.0000000000e+00
 
Elt 4
 3.9358545887e-16 -1.1930530467e-17 6.6892772004e-16 
 -1.1930530467e-17 4.4127085370e-16 1.5802118435e-16 
 6.6892772004e-16 1.5802118435e-16 8.3047822437e-16
 
Elt 1
 -1.1111606221e-03 7.5379613455e-19 0.0000000000e+00 
 7.5379613455e-19 3.6950417068e-03 0.0000000000e+00 
 0.0000000000e+00 0.0000000000e+00 -1.1111606221e-03
 
Elt 2
 -1.1111606221e-03 -1.8311316072e-17 -2.1206994494e-16 
 -1.8311316072e-17 3.6950417068e-03 8.3430525025e-17 
 -2.1206994494e-16 8.3430525025e-17 -1.1111606221e-03
 
Elt 3
 0.0000000000e+00 0.0000000000e+00 0.0000000000e+00 
 0.0000000000e+00 0.0000000000e+00 0.0000000000e+00 
 0.0000000000e+00 0.0000000000e+00 0.0000000000e+00
 
Elt 4
 3.9358545887e-16 -1.1930530467e-17 6.6892772004e-16 
 -1.1930530467e-17 4.4127085370e-16 1.5802118435e-16 
 6.6892772004e-16 1.5802118435e-16 8.3047822437e-16
 
Elt 1
 -1.1648203106e-03 7.5152128309e-17 0.0000000000e+00 
 7.5152128309e-17 3.8034518717e-03 0.0000000000e+00 
 0.0000000000e+00 0.0000000000e+00 -1.1648203106e-03
 
Elt 2
 -1.1648203106e-03 9.2374520790e-17 -2.3044717176e-16 
 9.2374520790e-17 3.8034518717e-03 -6.8679879782e-17 
 -2.3055559198e-16 -6.8679879782e-17 -1.1648203106e-03
 
Elt 3
 0.0000000000e+00 0.0000000000e+00 0.0000000000e+00 
 0.0000000000e+00 0.0000000000e+00 0.0000000000e+00 
 0.0000000000e+00 0.0000000000e+00 0.0000000000e+00
 
Elt 4
 3.9358545887e-16 -1.1930530467e-17 6.6892772004e-16 
 -1.1930530467e-17 4.4127085370e-16 1.5802118435e-16 
 6.6892772004e-16 1.5802118435e-16 8.3047822437e-16
 
Elt 1
 -1.2167835067e-03 -1.5426387994e-17 0.0000000000e+00 
 -1.5426387994e-17 3.9118444527e-03 0.0000000000e+00 
 0.0000000000e+00 0.0000000000e+00 -1.2167835067e-03
 
Elt 2
 -1.2167835067e-03 4.8710305709e-17 -2.7777259659e-16 
 4.8710305709e-17 3.9118444527e-03 -8.9394390728e-17 
 -2.7777259659e-16 -8.9394390728e-17 -1.2167835067e-03
 
Elt 3
 0.0000000000e+00 0.0000000000e+00 0.0000000000e+00 
 0.0000000000e+00 0.0000000000e+00 0.0000000000e+00 
 0.0000000000e+00 0.0000000000e+00 0.0000000000e+00
 
Elt 4
 3.9358545887e-16 -1.1930530467e-17 6.6892772004e-16 
 -1.1930530467e-17 4.4127085370e-16 1.5802118435e-16 
 6.6892772004e-16 1.5802118435e-16 8.3047822437e-16
 
Elt 1
 -1.2656687753e-03 3.1057945724e-17 0.0000000000e+00 
 3.1057945724e-17 4.0202194709e-03 0.0000000000e+00 
 0.0000000000e+00 0.0000000000e+00 -1.2656687753e-03
 
Elt 2
 -1.2656687753e-03 -1.1874294919e-16 -2.7137580377e-16 
 -1.1874294919e-16 4.0202194709e-03 9.7367405680e-17 
 -2.7137580377e-16 9.7367405680e-17 -1.2656687753e-03
 
Elt 3
 -5.5915037727e-17 9.6380189964e-17 0.0000000000e+00 
 9.6380189964e-17 -1.6612956720e-16 0.0000000000e+00 
 0.0000000000e+00 0.0000000000e+00 0.0000000000e+00
 
Elt 4
 3.3062151480e-16 -1.4894312823e-16 5.3679689070e-16 
 -1.4894312823e-16 7.8923646140e-17 1.9716873334e-16 
 5.3679689070e-16 1.9716873334e-16 3.6761095630e-16
 
Elt 1
 -1.3103575196e-03 5.4299381175e-18 0.0000000000e+00 
 5.4299381175e-18 4.1285771148e-03 0.0000000000e+00 
 0.0000000000e+00 0.0000000000e+00 -1.3103575196e-03
 
Elt 2
 -1.3103575196e-03 8.4662913544e-17 -1.4333152720e-16 
 8.4662913544e-17 4.1285771148e-03 -4.0892293526e-17 
 -1.4333152720e-16 -4.0892293526e-17 -1.3103575196e-03
 
Elt 3
 -3.1542771705e-17 2.7495983771e-17 -4.1844659998e-17 
 2.7495983771e-17 -2.3968379526e-17 3.6476188680e-17 
 -4.1844659998e-17 3.6476188680e-17 -5.5511151231e-17
 
Elt 4
 1.4997513612e-16 -2.4544167988e-16 6.1635540898e-16 
 -2.4544167988e-16 2.4163833681e-17 1.8154092120e-16 
 6.1635540898e-16 1.8154092120e-16 7.1403944990e-16
 
Elt 1
 -1.3500691229e-03 -7.5084424869e-17 0.0000000000e+00 
 -7.5084424869e-17 4.2369177224e-03 0.0000000000e+00 
 0.0000000000e+00 0.0000000000e+00 -1.3500691229e-03
 
Elt 2
 -1.3500691229e-03 -1.7569828487e-16 -2.7365262834e-16 
 -1.7569828487e-16 4.2369177224e-03 8.7043375033e-17 
 -2.7365262834e-16 8.7043375033e-17 -1.3500691229e-03
 
Elt 3
 -3.0372590151e-17 2.7631923796e-17 -4.1061142765e-17 
 2.7631923796e-17 -2.5138561080e-17 3.7355996384e-17 
 -4.1061142765e-17 3.7355996384e-17 -5.5511151231e-17
 
Elt 4
 -2.7925215162e-17 -5.9751197728e-16 6.1598331581e-16 
 -5.9751197728e-16 -2.9120252317e-16 2.1569306147e-16 
 6.1598331581e-16 2.1569306147e-16 4.3015004080e-16
 
Elt 1
 -1.3844092655e-03 -6.0819382861e-17 0.0000000000e+00 
 -6.0819382861e-17 4.3452417530e-03 0.0000000000e+00 
 0.0000000000e+00 0.0000000000e+00 -1.3844092655e-03
 
Elt 2
 -1.3844092655e-03 -2.9712468708e-18 -2.6725583552e-16 
 -2.9712468708e-18 4.3452417530e-03 -2.6588687440e-20 
 -2.6725583552e-16 -2.6588687440e-20 -1.3844092655e-03
 
Elt 3
 -2.9754121126e-17 2.7683529284e-17 -4.0640934014e-17 
 2.7683529284e-17 -2.5757030106e-17 3.7812727929e-17 
 -4.0640934014e-17 3.7812727929e-17 -5.5511151231e-17
 
Elt 4
 8.0966193939e-17 -3.2645987267e-16 5.4679036719e-16 
 -3.2645987267e-16 -1.2244126963e-16 2.0884424189e-16 
 5.4679036719e-16 2.0884424189e-16 8.1863119293e-16
 
Elt 1
 -1.4133885959e-03 -6.0832024384e-18 0.0000000000e+00 
 -6.0832024384e-18 4.4535497497e-03 0.0000000000e+00 
 0.0000000000e+00 0.0000000000e+00 -1.4133885959e-03
 
Elt 2
 -1.4133885959e-03 -3.8149660476e-17 -2.5240226575e-16 
 -3.8149660476e-17 4.4535497497e-03 -3.3889214897e-17 
 -2.5229384554e-16 -3.3889214897e-17 -1.4133885959e-03
 
Elt 3
 -8.2599800723e-17 1.3434777232e-16 -1.5209411529e-16 
 1.3434777232e-16 -1.7027872713e-16 1.0472039685e-16 
 -1.5209411529e-16 1.0472039685e-16 1.4185622539e-16
 
Elt 4
 2.3042735707e-16 -2.5543210887e-16 3.9211882724e-16 
 -2.5543210887e-16 1.8399242316e-16 2.3634092988e-16 
 3.9211882724e-16 2.3634092988e-16 9.1784784933e-16
 
Elt 1
 -1.4374111762e-03 6.9429216685e-17 0.0000000000e+00 
 6.9429216685e-17 4.5618422985e-03 0.0000000000e+00 
 0.0000000000e+00 0.0000000000e+00 -1.4374111762e-03
 
Elt 2
 -1.4374111762e-03 5.9644893004e-17 -1.7396023858e-16 
 5.9644893004e-17 4.5618422985e-03 9.7429886203e-17 
 -1.7390602847e-16 9.7429886203e-17 -1.4374111762e-03
 
Elt 3
 -1.3568921824e-16 8.5567474947e-17 -2.0744386625e-16 
 8.5567474947e-17 -2.2894963990e-16 8.9370698465e-17 
 -2.0744386625e-16 8.9370698465e-17 3.6463885815e-16
 
Elt 4
 1.6714547793e-16 -4.1297484888e-16 4.3661724005e-16 
 -4.1297484888e-16 -1.2469508199e-17 2.7953945064e-16 
 4.3661724005e-16 2.7953945064e-16 6.2248014751e-16
 
Elt 1
 -1.4572343486e-03 1.4455615196e-16 0.0000000000e+00 
 1.4455615196e-16 4.6701199836e-03 0.0000000000e+00 
 0.0000000000e+00 0.0000000000e+00 -1.4572343486e-03
 
Elt 2
 -1.4572343486e-03 9.8505369102e-17 -4.9724222136e-17 
 9.8505369102e-17 4.6701199836e-03 -3.7362172422e-17 
 -4.9710669608e-17 -3.7362172422e-17 -1.4572343486e-03
 
Elt 3
 -1.3905963441e-16 8.7723940080e-17 -2.5866891900e-16 
 8.7723940080e-17 -2.1749515526e-16 9.0456047556e-17 
 -2.5866891900e-16 9.0456047556e-17 5.7859939459e-16
 
Elt 4
 2.5237032171e-16 -2.6289069246e-16 3.2333357939e-16 
 -2.6289069246e-16 1.1759544174e-16 2.5323665720e-16 
 3.2333357939e-16 2.5323665720e-16 9.6230186610e-16
 
Elt 1
 -1.4739037156e-03 -4.3318292042e-17 0.0000000000e+00 
 -4.3318292042e-17 4.7783833452e-03 0.0000000000e+00 
 0.0000000000e+00 0.0000000000e+00 -1.4739037156e-03
 
Elt 2
 -1.4739037156e-03 5.6614520585e-17 -2.0805839690e-16 
 5.6614520585e-17 4.7783833452e-03 -4.4146447713e-17 
 -2.0811260701e-16 -4.4146447713e-17 -1.4739037156e-03
 
Elt 3
 9.7833748431e-18 -3.3532112413e-18 -2.6740420435e-16 
 -3.3532112413e-18 1.1492992765e-18 9.1651684450e-17 
 -2.6740420435e-16 9.1651684450e-17 5.4417883819e-16
 
Elt 4
 1.4885203221e-16 -4.2393087771e-16 4.2356515268e-16 
 -4.2393087771e-16 -6.4530300816e-17 2.7962910397e-16 
 4.2356515268e-16 2.7962910397e-16 9.1487899077e-16
 
Elt 1
 -1.4886686510e-03 -5.1591675875e-17 0.0000000000e+00 
 -5.1591675875e-17 4.8866328414e-03 0.0000000000e+00 
 0.0000000000e+00 0.0000000000e+00 -1.4886686510e-03
 
Elt 2
 -1.4886686510e-03 -4.9331374724e-17 -1.5710089479e-16 
 -4.9331374724e-17 4.8866328414e-03 1.3225548141e-16 
 -1.5699247458e-16 1.3225548141e-16 -1.4886686510e-03
 
Elt 3
 1.9556159473e-17 -5.2421894112e-18 -3.2678036082e-16 
 -5.2421894112e-18 1.4052119927e-18 8.7596163736e-17 
 -3.2678036082e-16 8.7596163736e-17 7.5619474577e-16
 
Elt 4
 2.3462167757e-16 -3.2216036104e-16 2.5811204635e-16 
 -3.2216036104e-16 -2.5353212324e-17 2.4509020407e-16 
 2.5811204635e-16 2.4509020407e-16 1.0119768618e-15
 
Elt 1
 -1.5028850485e-03 -9.5766999920e-18 0.0000000000e+00 
 -9.5766999920e-18 4.9948688167e-03 0.0000000000e+00 
 0.0000000000e+00 0.0000000000e+00 -1.5028850485e-03
 
Elt 2
 -1.5028850485e-03 1.5642378308e-17 -1.3834419721e-16 
 1.5642378308e-17 4.9948688167e-03 -4.0580835959e-20 
 -1.3823577699e-16 -4.0580835959e-20 -1.5028850485e-03
 
Elt 3
 -1.9267020229e-17 4.9953285937e-18 -4.6204223440e-16 
 4.9953285937e-18 -1.2951306150e-18 1.1979292893e-16 
 -4.6204223440e-16 1.1979292893e-16 9.0874057054e-16
 
Elt 4
 2.5798157449e-16 -3.5070996657e-16 2.0296623239e-16 
 -3.5070996657e-16 -2.0688514045e-16 2.6039307672e-16 
 2.0296623239e-16 2.6039307672e-16 1.7252604054e-15
 
Elt 1
 -1.5179127785e-03 1.0849674960e-17 0.0000000000e+00 
 1.0849674960e-17 5.1030914805e-03 0.0000000000e+00 
 0.0000000000e+00 0.0000000000e+00 -1.5179127785e-03
 
Elt 2
 -1.5179127785e-03 1.1568180498e-16 -1.8843433758e-16 
 1.1568180498e-16 5.1030914805e-03 2.5144558643e-17 
 -1.8848854769e-16 2.5144558643e-17 -1.5179127785e-03
 
Elt 3
 -1.3751065841e-16 1.2334193371e-16 -5.1824945596e-16 
 1.2334193371e-16 -2.0117114907e-16 9.0275603148e-17 
 -5.1824945596e-16 9.0275603148e-17 8.9379331979e-16
 
Elt 4
 2.3803252724e-16 -3.8700416634e-16 1.5301797494e-16 
 -3.8700416634e-16 -2.8276042621e-16 2.8738982437e-16 
 1.5301797494e-16 2.8738982437e-16 1.0439286211e-15
 
Elt 1
 -1.5350155298e-03 -1.2543834781e-17 0.0000000000e+00 
 -1.2543834781e-17 5.2113008951e-03 0.0000000000e+00 
 0.0000000000e+00 0.0000000000e+00 -1.5350155298e-03
 
Elt 2
 -1.5350155298e-03 6.0753319292e-17 -1.2145774837e-16 
 6.0753319292e-17 5.2113008951e-03 1.1152774321e-16 
 -1.2143064332e-16 1.1152774321e-16 -1.5350155298e-03
 
Elt 3
 9.7821484971e-18 -1.8672749723e-18 -5.4422784703e-16 
 -1.8672749723e-18 3.5643660726e-19 1.0388546425e-16 
 -5.4422784703e-16 1.0388546425e-16 1.1000844395e-15
 
Elt 4
 2.6701495366e-16 -3.1628607433e-16 9.2744903318e-17 
 -3.1628607433e-16 -1.0790071506e-16 2.9704906204e-16 
 9.2744903318e-17 2.9704906204e-16 1.7282649033e-15
 
Elt 1
 -1.5552703440e-03 -1.2739070428e-17 0.0000000000e+00 
 -1.2739070428e-17 5.3194969759e-03 0.0000000000e+00 
 0.0000000000e+00 0.0000000000e+00 -1.5552703440e-03
 
Elt 2
 -1.5552703440e-03 -2.7362095946e-17 -2.1944251971e-16 
 -2.7362095946e-17 5.3194969759e-03 1.1146614994e-16 
 -2.1944251971e-16 1.1146614994e-16 -1.5552703440e-03
 
Elt 3
 8.5003997962e-17 -1.4654296150e-16 -5.9934586806e-16 
 -1.4654296150e-16 2.4306575297e-16 1.3682838208e-16 
 -5.9934586806e-16 1.3682838208e-16 1.0041978786e-15
 
Elt 4
 2.3397228516e-16 -3.3476459876e-16 9.8762815047e-17 
 -3.3476459876e-16 -7.9615719621e-17 2.6101372551e-16 
 9.8762815047e-17 2.6101372551e-16 1.5109779714e-15
 
Elt 1
 -1.5794932576e-03 3.5083810405e-18 0.0000000000e+00 
 3.5083810405e-18 5.4276795013e-03 0.0000000000e+00 
 0.0000000000e+00 0.0000000000e+00 -1.5794932576e-03
 
Elt 2
 -1.5794932576e-03 9.6991088885e-17 -2.9967348047e-16 
 9.6991088885e-17 5.4276795013e-03 -4.0384873452e-17 
 -2.9961927037e-16 -4.0384873452e-17 -1.5794932576e-03
 
Elt 3
 -4.8212485752e-17 8.2315901301e-18 -6.6464647747e-16 
 8.2315901301e-18 -1.4054258977e-18 1.1347884886e-16 
 -6.6464647747e-16 1.1347884886e-16 1.2708632387e-15
 
Elt 4
 2.3540207859e-16 -3.1041172611e-16 1.1653823541e-17 
 -3.1041172611e-16 2.2510700757e-17 2.6427935713e-16 
 1.1653823541e-17 2.6427935713e-16 1.9625332699e-15
 
Elt 1
 -1.6081861163e-03 -8.2192599161e-18 0.0000000000e+00 
 -8.2192599161e-18 5.5358481338e-03 0.0000000000e+00 
 0.0000000000e+00 0.0000000000e+00 -1.6081861163e-03
 
Elt 2
