Elt 1
 -2.4172921778e-16 -1.6735372877e-16 -9.0189704310e-17 
 -1.6735372877e-16 -2.7413435019e-16 -3.2674252386e-17 
 -9.0189704310e-17 -3.2674252386e-17 -3.9247944346e-17
 
Elt 2
 3.5278299023e-17 -1.2009227101e-16 0.0000000000e+00 
 -1.2009227101e-16 4.0881091083e-16 0.0000000000e+00 
 0.0000000000e+00 0.0000000000e+00 -1.1102230246e-16
 
Elt 3
 -4.8104057920e-17 -1.7597709051e-16 0.0000000000e+00 
 -1.7597709051e-16 3.8117096531e-16 0.0000000000e+00 
 0.0000000000e+00 0.0000000000e+00 0.0000000000e+00
 
Elt 4
 1.2002411077e-17 7.2014466462e-17 0.0000000000e+00 
 7.2014466462e-17 4.3208679877e-16 0.0000000000e+00 
 0.0000000000e+00 0.0000000000e+00 0.0000000000e+00
 
Elt 1
 -2.4172921778e-16 -1.6735372877e-16 -9.0189704310e-17 
 -1.6735372877e-16 -2.7413435019e-16 -3.2674252386e-17 
 -9.0189704310e-17 -3.2674252386e-17 -3.9247944346e-17
 
Elt 2
 3.5278299023e-17 -1.2009227101e-16 0.0000000000e+00 
 -1.2009227101e-16 4.0881091083e-16 0.0000000000e+00 
 0.0000000000e+00 0.0000000000e+00 -1.1102230246e-16
 
Elt 3
 -4.8104057920e-17 -1.7597709051e-16 0.0000000000e+00 
 -1.7597709051e-16 3.8117096531e-16 0.0000000000e+00 
 0.0000000000e+00 0.0000000000e+00 0.0000000000e+00
 
Elt 4
 1.2002411077e-17 7.2014466462e-17 0.0000000000e+00 
 7.2014466462e-17 4.3208679877e-16 0.0000000000e+00 
 0.0000000000e+00 0.0000000000e+00 0.0000000000e+00
 
Elt 1
 -1.1102230246e-16 0.0000000000e+00 -1.4090696247e-16 
 0.0000000000e+00 0.0000000000e+00 0.0000000000e+00 
 -1.4090696247e-16 0.0000000000e+00 2.7229417438e-04
 
Elt 2
 0.0000000000e+00 0.0000000000e+00 0.0000000000e+00 
 0.0000000000e+00 0.0000000000e+00 0.0000000000e+00 
 0.0000000000e+00 0.0000000000e+00 -1.1102230246e-16
 
Elt 3
 0.0000000000e+00 0.0000000000e+00 0.0000000000e+00 
 0.0000000000e+00 0.0000000000e+00 0.0000000000e+00 
 0.0000000000e+00 0.0000000000e+00 0.0000000000e+00
 
Elt 4
 1.2002411077e-17 7.2014466462e-17 0.0000000000e+00 
 7.2014466462e-17 4.3208679877e-16 0.0000000000e+00 
 0.0000000000e+00 0.0000000000e+00 0.0000000000e+00
 
Elt 1
 -3.4282954015e-05 -6.6676638523e-17 0.0000000000e+00 
 -6.6676638419e-17 -3.4282949901e-05 0.0000000000e+00 
 0.0000000000e+00 0.0000000000e+00 5.2204004802e-04
 
Elt 2
 -1.1427520748e-05 -4.8352867832e-17 1.1709126524e-16 
 -4.8352867832e-17 -1.1427519376e-05 -3.1225379388e-17 
 1.1709126524e-16 -3.1225379388e-17 2.2485912154e-05
 
Elt 3
 -4.9392799659e-17 -1.7439337971e-16 0.0000000000e+00 
 -1.7439337971e-16 3.8245970705e-16 0.0000000000e+00 
 0.0000000000e+00 0.0000000000e+00 0.0000000000e+00
 
Elt 4
 0.0000000000e+00 0.0000000000e+00 0.0000000000e+00 
 0.0000000000e+00 0.0000000000e+00 0.0000000000e+00 
 0.0000000000e+00 0.0000000000e+00 0.0000000000e+00
 
Elt 1
 -1.1054353372e-04 -1.6809447296e-16 2.3981729312e-16 
 -1.6809447296e-16 -1.1054352105e-04 6.9396601681e-18 
 2.3981729312e-16 6.9396601681e-18 7.3554322649e-04
 
Elt 2
 -3.6966828550e-05 1.5961540267e-16 1.8272189037e-16 
 1.5961540288e-16 -3.6966824374e-05 -3.4695752008e-17 
 1.8272189037e-16 -3.4695752008e-17 8.0278751588e-05
 
Elt 3
 -7.1856202350e-08 -1.1087468919e-16 0.0000000000e+00 
 -1.1087468924e-16 -7.1856230771e-08 0.0000000000e+00 
 0.0000000000e+00 0.0000000000e+00 8.9797025443e-07
 
Elt 4
 1.2002411077e-17 7.2014466462e-17 0.0000000000e+00 
 7.2014466462e-17 4.3208679877e-16 0.0000000000e+00 
 0.0000000000e+00 0.0000000000e+00 0.0000000000e+00
 
Elt 1
 -2.1711889572e-04 -6.2582918155e-17 5.9174767812e-17 
 -6.2582918155e-17 -2.1711887267e-04 -6.9403991724e-18 
 5.9174767812e-17 -6.9403991724e-18 9.0631824976e-04
 
Elt 2
 -7.3287119710e-05 2.0704704452e-16 9.8211166640e-17 
 2.0704704452e-16 -7.3287112230e-05 -1.3878804763e-17 
 9.8211166640e-17 -1.3878804763e-17 1.7746159361e-04
 
Elt 3
 -5.9523246461e-07 5.9096873152e-17 0.0000000000e+00 
 5.9096873256e-17 -5.9523257852e-07 0.0000000000e+00 
 0.0000000000e+00 0.0000000000e+00 5.0380091869e-06
 
Elt 4
 -3.2180183036e-08 3.3613698079e-17 0.0000000000e+00 
 3.3613698079e-17 -3.2180178485e-08 0.0000000000e+00 
 0.0000000000e+00 0.0000000000e+00 6.8108020014e-08
 
Elt 1
 -3.2822507139e-04 -1.5070502676e-16 1.3762007839e-16 
 -1.5070502697e-16 -3.2822504074e-04 -3.4705848235e-18 
 1.3762007839e-16 -3.4705848235e-18 1.0348534311e-03
 
Elt 2
 -1.1326298326e-04 2.6308377143e-16 9.1843461403e-17 
 2.6308377143e-16 -1.1326297347e-04 -2.0819038985e-17 
 9.1843461403e-17 -2.0819038985e-17 3.0927523332e-04
 
Elt 3
 -2.6090310760e-06 -1.4441288511e-16 -5.5735652622e-17 
 -1.4441288511e-16 -2.6090312931e-06 1.3877428274e-17 
 -5.5735652622e-17 1.3877428274e-17 1.6401815436e-05
 
Elt 4
 -2.1562219858e-07 -8.9310301159e-18 5.8321232154e-17 
 -8.9310301159e-18 -2.1562217049e-07 4.8572243329e-17 
 5.8321232154e-17 4.8572243329e-17 4.8959956694e-07
 
Elt 1
 -4.1476453142e-04 -2.2782414606e-16 2.3781504468e-16 
 -2.2782414606e-16 -4.1476450049e-04 -1.3883539517e-17 
 2.3781504468e-16 -1.3883539517e-17 1.1266700795e-03
 
Elt 2
 -1.4981495964e-04 8.8143053338e-17 0.0000000000e+00 
 8.8143053752e-17 -1.4981494985e-04 0.0000000000e+00 
 0.0000000000e+00 0.0000000000e+00 4.6415492502e-04
 
Elt 3
 -8.0172666301e-06 -4.0148154212e-19 -7.0887769894e-17 
 -4.0148154858e-19 -8.0172668037e-06 1.3876892962e-17 
 -7.0887769894e-17 1.3876892962e-17 4.0315088904e-05
 
Elt 4
 -8.0591358021e-07 1.1072613427e-16 0.0000000000e+00 
 1.1072613417e-16 -8.0591348107e-07 0.0000000000e+00 
 0.0000000000e+00 0.0000000000e+00 1.9727290869e-06
 
Elt 1
 -4.5613897877e-04 -9.8277655727e-17 2.4557669832e-16 
 -9.8277655727e-17 -4.5613895736e-04 -3.4710282962e-18 
 2.4557669832e-16 -3.4710282962e-18 1.1894959429e-03
 
Elt 2
 -1.7946917244e-04 1.7366479582e-17 0.0000000000e+00 
 1.7366479530e-17 -1.7946916538e-04 0.0000000000e+00 
 0.0000000000e+00 0.0000000000e+00 6.2716430773e-04
 
Elt 3
 -1.9387703675e-05 -1.4831914226e-18 0.0000000000e+00 
 -1.4831914226e-18 -1.9387703379e-05 0.0000000000e+00 
 0.0000000000e+00 0.0000000000e+00 8.2640198597e-05
 
Elt 4
 -2.2158742352e-06 -7.5264114761e-17 0.0000000000e+00 
 -7.5264114761e-17 -2.2158739832e-06 0.0000000000e+00 
 0.0000000000e+00 0.0000000000e+00 5.8608739954e-06
 
Elt 1
 -4.4801333614e-04 -4.1707696355e-17 7.4515235129e-17 
 -4.1707695528e-17 -4.4801333315e-04 -1.3884000114e-17 
 7.4515235129e-17 -1.3884000114e-17 1.2306332618e-03
 
Elt 2
 -2.0387265929e-04 -1.2431990455e-17 -7.3830372825e-17 
 -1.2431990455e-17 -2.0387265700e-04 -6.9403075707e-18 
 -7.3830372825e-17 -6.9403075707e-18 7.8369127241e-04
 
Elt 3
 -3.9254087391e-05 7.8279616056e-17 -7.8608431579e-17 
 7.8279616056e-17 -3.9254085906e-05 -3.9094026909e-21 
 -7.8608431579e-17 -3.9094026909e-21 1.4855761514e-04
 
Elt 4
 -5.0082866232e-06 -3.3881208599e-17 0.0000000000e+00 
 -3.3881208651e-17 -5.0082861080e-06 0.0000000000e+00 
 0.0000000000e+00 0.0000000000e+00 1.4294251875e-05
 
Elt 1
 -4.0313204139e-04 2.9171591478e-19 4.4649847231e-17 
 2.9171591478e-19 -4.0313206150e-04 -4.8591820623e-17 
 4.4649847231e-17 -4.8591820623e-17 1.2553158772e-03
 
Elt 2
 -2.2857126999e-04 8.2750870547e-17 -1.1343345732e-16 
 8.2750869720e-17 -2.2857127287e-04 2.0821435754e-17 
 -1.1343345732e-16 2.0821435754e-17 9.2241134060e-04
 
Elt 3
 -6.9106227529e-05 -1.1240554216e-17 -7.4114359208e-17 
 -1.1240554268e-17 -6.9106223999e-05 -1.0415518536e-17 
 -7.4114359208e-17 -1.0415518536e-17 2.4117844253e-04
 
Elt 4
 -9.8879238072e-06 1.0092335838e-16 0.0000000000e+00 
 1.0092335838e-16 -9.8879229095e-06 0.0000000000e+00 
 0.0000000000e+00 0.0000000000e+00 3.0274474982e-05
 
Elt 1
 -3.4541728059e-04 -2.2223779854e-16 -1.3663118254e-16 
 -2.2223779854e-16 -3.4541732229e-04 -2.0823864380e-17 
 -1.3663118254e-16 -2.0823864380e-17 1.2663541039e-03
 
Elt 2
 -2.5970880674e-04 -4.5123551929e-17 -7.2219128905e-17 
 -4.5123551722e-17 -2.5970881334e-04 1.7351735713e-17 
 -7.2219128905e-17 1.7351735713e-17 1.0369030625e-03
 
Elt 3
 -1.0848301137e-04 1.4548618918e-16 0.0000000000e+00 
 1.4548618918e-16 -1.0848300512e-04 0.0000000000e+00 
 0.0000000000e+00 0.0000000000e+00 3.6033694535e-04
 
Elt 4
 -1.7725774648e-05 -1.2713256947e-16 -5.9490601602e-17 
 -1.2713256927e-16 -1.7725773260e-05 -1.0410877420e-17 
 -5.9490601602e-17 -1.0410877420e-17 5.7602389783e-05
 
Elt 1
 -3.0020444207e-04 -6.3244537690e-17 -2.0476730547e-16 
 -6.3244537690e-17 -3.0020449773e-04 -6.9409744701e-18 
 -2.0476730547e-16 -6.9409744701e-18 1.2648962281e-03
 
Elt 2
 -3.0026319491e-04 -3.0658739063e-17 -8.5019598887e-17 
 -3.0658739063e-17 -3.0026320251e-04 2.4293413756e-17 
 -8.5019598887e-17 2.4293413756e-17 1.1257349269e-03
 
Elt 3
 -1.5463489614e-04 4.3692769559e-17 1.6811213719e-16 
 4.3692769766e-17 -1.5463488707e-04 3.4563180138e-18 
 1.6811213719e-16 3.4563180138e-18 5.0193477998e-04
 
Elt 4
 -2.9622272059e-05 1.6682251961e-17 -8.5545838357e-17 
 1.6682251961e-17 -2.9622270092e-05 -3.1228207673e-17 
 -8.5545838357e-17 -3.1228207673e-17 1.0067542073e-04
 
Elt 1
 -2.8473269927e-04 -2.5490061171e-17 -2.3778045587e-16 
 -2.5490061146e-17 -2.8473275727e-04 -1.0411300777e-17 
 -2.3778045587e-16 -1.0411300777e-17 1.2518110896e-03
 
Elt 2
 -3.4765034085e-04 9.9983423332e-17 -1.2390057680e-16 
 9.9983423332e-17 -3.4765034666e-04 1.3882607785e-17 
 -1.2390057680e-16 1.3882607785e-17 1.1912687245e-03
 
Elt 3
 -2.0303451734e-04 -1.4785583747e-16 1.5546379255e-16 
 -1.4785583789e-16 -2.0303450618e-04 -1.7350755060e-17 
 1.5546379255e-16 -1.7350755060e-17 6.5810158415e-04
 
Elt 4
 -4.6966891056e-05 -2.1813872962e-17 -8.1709681006e-17 
 -2.1813872962e-17 -4.6966888420e-05 -2.7756879033e-17 
 -8.1709681006e-17 -2.7756879033e-17 1.6413562359e-04
 
Elt 1
 -3.0241480716e-04 -1.7095455354e-16 -2.9300596360e-16 
 -1.7095455354e-16 -3.0241485521e-04 -1.3881979866e-17 
 -2.9300596360e-16 -1.3881979866e-17 1.2289606157e-03
 
Elt 2
 -3.9390533419e-04 1.8667109291e-16 -8.9878854166e-17 
 1.8667109291e-16 -3.9390533651e-04 2.4295686204e-17 
 -8.9878854166e-17 2.4295686204e-17 1.2377283363e-03
 
Elt 3
 -2.4868026801e-04 -1.8728642595e-16 1.7887487890e-16 
 -1.8728642595e-16 -2.4868025638e-04 -5.2010228098e-17 
 1.7887487890e-16 -5.2010228098e-17 8.1830811826e-04
 
Elt 4
 -7.1416803174e-05 2.1935874968e-17 -6.1755776341e-17 
 2.1935874968e-17 -7.1416799745e-05 -5.5505004769e-17 
 -6.1755776341e-17 -5.5505004769e-17 2.5239330333e-04
 
Elt 1
 -3.4289530560e-04 -4.8245332078e-17 -1.4596240463e-16 
 -4.8245332078e-17 -3.4289533417e-04 3.4706354361e-18 
 -1.4596240463e-16 3.4706354361e-18 1.2000054261e-03
 
Elt 2
 -4.2847210807e-04 -7.9126912874e-17 0.0000000000e+00 
 -7.9126912874e-17 -4.2847210709e-04 0.0000000000e+00 
 0.0000000000e+00 0.0000000000e+00 1.2692226781e-03
 
Elt 3
 -2.8771899889e-04 -6.9530855315e-18 1.6385048449e-16 
 -6.9530855315e-18 -2.8771898900e-04 -2.7728625602e-17 
 1.6385048449e-16 -2.7728625602e-17 9.7118413516e-04
 
Elt 4
 -1.0470712082e-04 3.1760053328e-17 0.0000000000e+00 
 3.1760053328e-17 -1.0470711640e-04 0.0000000000e+00 
 0.0000000000e+00 0.0000000000e+00 3.6903252374e-04
 
Elt 1
 -3.8745016979e-04 0.0000000000e+00 -1.7633464359e-16 
 0.0000000000e+00 -3.8745017443e-04 0.0000000000e+00 
 -1.7633464359e-16 0.0000000000e+00 1.1702304532e-03
 
Elt 2
 -4.4247068732e-04 -7.3147776783e-17 0.0000000000e+00 
 -7.3147778437e-17 -4.4247068508e-04 0.0000000000e+00 
 0.0000000000e+00 0.0000000000e+00 1.2884372652e-03
 
Elt 3
 -3.1872860354e-04 6.1577901983e-18 0.0000000000e+00 
 6.1577901466e-18 -3.1872859763e-04 0.0000000000e+00 
 0.0000000000e+00 0.0000000000e+00 1.1066618439e-03
 
Elt 4
 -1.4826305295e-04 4.3209546361e-17 0.0000000000e+00 
 4.3209546361e-17 -1.4826304729e-04 0.0000000000e+00 
 0.0000000000e+00 0.0000000000e+00 5.1614250975e-04
 
Elt 1
 -4.1717783412e-04 -8.2352291915e-17 -1.2201023515e-16 
 -8.2352291915e-17 -4.1717781603e-04 -6.9417864350e-18 
 -1.2201023515e-16 -6.9417864350e-18 1.1455361531e-03
 
Elt 2
 -4.3260962350e-04 -2.0474885389e-16 0.0000000000e+00 
 -2.0474885389e-16 -4.3260962300e-04 0.0000000000e+00 
 0.0000000000e+00 0.0000000000e+00 1.2963378109e-03
 
Elt 3
 -3.4309183339e-04 -9.6956936562e-17 -1.4054678815e-16 
 -9.6956936562e-17 -3.4309183310e-04 -4.1571843540e-17 
 -1.4054678815e-16 -4.1571843540e-17 1.2179364771e-03
 
Elt 4
 -2.0268176191e-04 1.0204626371e-16 0.0000000000e+00 
 1.0204626371e-16 -2.0268175477e-04 0.0000000000e+00 
 0.0000000000e+00 0.0000000000e+00 6.9365694542e-04
 
Elt 1
 -4.2054811305e-04 7.1254903792e-18 0.0000000000e+00 
 7.1254903663e-18 -4.2054807798e-04 0.0000000000e+00 
 0.0000000000e+00 0.0000000000e+00 1.1309984803e-03
 
Elt 2
 -4.0304468349e-04 -1.8417796393e-16 -1.6602740693e-16 
 -1.8417796393e-16 -4.0304468744e-04 -1.8037542525e-29 
 -1.6602740693e-16 -1.8037542149e-29 1.2928504779e-03
 
Elt 3
 -3.6425808168e-04 4.9976713641e-17 -2.4396129391e-16 
 4.9976713641e-17 -3.6425808754e-04 -1.7330423144e-17 
 -2.4396129391e-16 -1.7330423144e-17 1.3027555289e-03
 
Elt 4
 -2.6724928554e-04 -3.1428269116e-17 5.2897845837e-17 
 -3.1428269323e-17 -2.6724927683e-04 -5.5485532056e-17 
 5.2897845837e-17 -5.5485532056e-17 8.9882289906e-04
 
Elt 1
 -3.9743448928e-04 -2.0686218113e-17 5.9664455061e-17 
 -2.0686218139e-17 -3.9743444532e-04 2.0824948530e-17 
 5.9664455061e-17 2.0824948530e-17 1.1295302174e-03
 
Elt 2
 -3.6435832751e-04 -3.5444739499e-17 -1.4017398994e-16 
 -3.5444739706e-17 -3.6435833711e-04 2.7765677949e-17 
 -1.4017398994e-16 2.7765677949e-17 1.2781709773e-03
 
Elt 3
 -3.8616564892e-04 5.6983936386e-17 -1.9372217205e-16 
 5.6983935972e-17 -3.8616566018e-04 -2.7729873023e-17 
 -1.9372217205e-16 -2.7729873023e-17 1.3637076511e-03
 
Elt 4
 -3.3969931164e-04 -8.6424318436e-17 7.1938938443e-17 
 -8.6424318436e-17 -3.3969930161e-04 -1.0416956392e-17 
 7.1938938443e-17 -1.0416956392e-17 1.1259396376e-03
 
Elt 1
 -3.5836940331e-04 -6.9677583817e-17 2.3554459283e-16 
 -6.9677583817e-17 -3.5836935838e-04 4.1648270613e-17 
 2.3554459283e-16 4.1648270613e-17 1.1410673408e-03
 
Elt 2
 -3.3001935407e-04 3.2270304900e-16 0.0000000000e+00 
 3.2270304900e-16 -3.3001936834e-04 0.0000000000e+00 
 0.0000000000e+00 0.0000000000e+00 1.2541770924e-03
 
Elt 3
 -4.1147373771e-04 1.4478768189e-16 -2.1278979902e-16 
 1.4478768106e-16 -4.1147375254e-04 -6.9543608143e-18 
 -2.1278979902e-16 -6.9543608143e-18 1.4074424815e-03
 
Elt 4
 -4.1638343578e-04 3.4169598399e-17 7.9749331447e-17 
 3.4169598399e-17 -4.1638342516e-04 1.0412670102e-17 
 7.9749331447e-17 1.0412670102e-17 1.3665300352e-03
 
Elt 1
 -3.1967455243e-04 7.8355211369e-17 2.3204968965e-16 
 7.8355211265e-17 -3.1967451256e-04 4.8587769329e-17 
 2.3204968965e-16 4.8587769329e-17 1.1626522991e-03
 
Elt 2
 -3.1171114179e-04 0.0000000000e+00 -9.4631056910e-17 
 0.0000000000e+00 -3.1171115776e-04 0.0000000000e+00 
 -9.4631056910e-17 0.0000000000e+00 1.2253663963e-03
 
Elt 3
 -4.4037976461e-04 -1.7067313325e-17 -1.8909143655e-16 
 -1.7067313325e-17 -4.4037978064e-04 -1.3883892443e-17 
 -1.8909143655e-16 -1.3883892443e-17 1.4430135158e-03
 
Elt 4
 -4.9287453548e-04 6.7842335460e-17 6.2706336431e-17 
 6.7842335873e-17 -4.9287452550e-04 4.8567000611e-17 
 6.2706336431e-17 4.8567000611e-17 1.6099924198e-03
 
Elt 1
 -2.9670502339e-04 1.1649803939e-16 1.3993578862e-16 
 1.1649803918e-16 -2.9670499203e-04 4.5116177984e-17 
 1.3993578862e-16 4.5116177984e-17 1.1893654776e-03
 
Elt 2
 -3.1537011457e-04 -1.4608858925e-17 0.0000000000e+00 
 -1.4608858977e-17 -3.1537012826e-04 0.0000000000e+00 
 0.0000000000e+00 0.0000000000e+00 1.1989132420e-03
 
Elt 3
 -4.7055729655e-04 -2.2203223278e-16 -9.7936726960e-17 
 -2.2203223444e-16 -4.7055731150e-04 -1.7355388546e-17 
 -9.7936726960e-17 -1.7355388546e-17 1.4798055331e-03
 
Elt 4
 -5.6484591435e-04 4.8196778541e-17 6.2895906400e-17 
 4.8196778954e-17 -5.6484590660e-04 3.1250989038e-17 
 6.2895906400e-17 3.1250989038e-17 1.8446873161e-03
 
Elt 1
 -2.9799933094e-04 3.6159360683e-17 1.7505053204e-16 
 3.6159360683e-17 -2.9799930936e-04 5.5527674773e-17 
 1.7505053204e-16 5.5527674773e-17 1.2157985395e-03
 
Elt 2
 -3.3945558552e-04 -7.1610802413e-17 0.0000000000e+00 
 -7.1610801999e-17 -3.3945559325e-04 0.0000000000e+00 
 0.0000000000e+00 0.0000000000e+00 1.1837234812e-03
 
Elt 3
 -4.9826687163e-04 1.4335801435e-16 -1.1124796689e-16 
 1.4335801435e-16 -4.9826688380e-04 7.8785166339e-30 
 -1.1124796689e-16 7.8785166809e-30 1.5256233044e-03
 
Elt 4
 -6.2894206227e-04 1.2610125578e-16 4.8653615302e-17 
 1.2610125578e-16 -6.2894205841e-04 3.8197201003e-17 
 4.8653615302e-17 3.8197201003e-17 2.0593139626e-03
 
Elt 1
 -3.2255398066e-04 1.4139618596e-16 1.0841895818e-16 
 1.4139618596e-16 -3.2255396901e-04 4.8587907314e-17 
 1.0841895818e-16 4.8587907314e-17 1.2377448292e-03
 
Elt 2
 -3.7609084059e-04 6.2880404047e-17 8.5272665775e-17 
 6.2880377577e-17 -3.7609084021e-04 -6.9415012163e-18 
 8.5272665775e-17 -6.9415012163e-18 1.1887217133e-03
 
Elt 3
 -5.2020769874e-04 2.2762760257e-16 0.0000000000e+00 
 2.2762760588e-16 -5.2020770724e-04 0.0000000000e+00 
 0.0000000000e+00 0.0000000000e+00 1.5853890745e-03
 
Elt 4
 -6.8330048262e-04 -6.8205673716e-19 0.0000000000e+00 
 -6.8205678886e-19 -6.8330048402e-04 0.0000000000e+00 
 0.0000000000e+00 0.0000000000e+00 2.2442561969e-03
 
Elt 1
 -3.6102691351e-04 6.8961852454e-17 7.5838239948e-17 
 6.8961852454e-17 -3.6102691183e-04 6.5943266447e-17 
 7.5838239948e-17 6.5943266447e-17 1.2534456810e-03
 
Elt 2
 -4.1454489309e-04 4.3472826835e-18 1.6539375730e-16 
 4.3472826576e-18 -4.1454488456e-04 -4.5121491277e-17 
 1.6539375730e-16 -4.5121491277e-17 1.2208605796e-03
 
Elt 3
 -5.3533173525e-04 2.9135986533e-16 1.0709530382e-16 
 2.9135987195e-16 -5.3533173987e-04 4.8567768441e-17 
 1.0709530382e-16 4.8567768441e-17 1.6607112639e-03
 
Elt 4
 -7.2754828101e-04 8.6143834725e-17 -5.1892520064e-17 
 8.6143831417e-17 -7.2754828838e-04 5.5454113677e-17 
 -5.1892520064e-17 5.5454113677e-17 2.3927211940e-03
 
Elt 1
 -4.0009248969e-04 -7.0459929069e-17 -1.1620665758e-16 
 -7.0459929069e-17 -4.0009249836e-04 4.8591672178e-17 
 -1.1620665758e-16 4.8591672178e-17 1.2642426296e-03
 
Elt 2
 -4.4561205314e-04 1.1793471418e-16 3.5549149622e-16 
 1.1793471418e-16 -4.4561203838e-04 -2.4296941160e-17 
 3.5549149622e-16 -2.4296941160e-17 1.2834612847e-03
 
Elt 3
 -5.4579218173e-04 9.0256773600e-17 2.4975122798e-16 
 9.0256786835e-17 -5.4579218253e-04 7.9729315923e-17 
 2.4975122798e-16 7.9729315923e-17 1.7502851148e-03
 
Elt 4
 -7.6226048737e-04 -5.2664156863e-17 -1.0591706420e-16 
 -5.2664156863e-17 -7.6226050055e-04 8.3126437819e-17 
 -1.0591706420e-16 8.3126437819e-17 2.5013665109e-03
 
Elt 1
 -4.2800373945e-04 3.8092374861e-17 0.0000000000e+00 
 3.8092374861e-17 -4.2800375891e-04 0.0000000000e+00 
 0.0000000000e+00 0.0000000000e+00 1.2743794305e-03
 
Elt 2
 -4.6514787545e-04 1.8840825575e-16 2.3550359522e-16 
 1.8840825575e-16 -4.6514785749e-04 -7.2764589005e-17 
 2.3550359522e-16 -7.2764589005e-17 1.3753731741e-03
 
Elt 3
 -5.5653646729e-04 -4.8523210480e-17 2.4568699460e-16 
 -4.8523212134e-17 -5.5653646428e-04 6.2417974505e-17 
 2.4568699460e-16 6.2417974505e-17 1.8508699906e-03
 
Elt 4
 -7.8812600378e-04 -2.2184834971e-16 -1.2208373744e-16 
 -2.2184834805e-16 -7.8812602178e-04 1.0335036021e-17 
 -1.2208373744e-16 1.0335036021e-17 2.5703481421e-03
 
Elt 1
 -4.3911202829e-04 -1.4969641649e-16 -1.1928831580e-16 
 -1.4969641690e-16 -4.3911205820e-04 -5.1920608808e-17 
 -1.1928831580e-16 -5.1920608808e-17 1.2901259596e-03
 
Elt 2
 -4.7541471177e-04 -5.5048460217e-20 2.0993481410e-16 
 -5.5048460217e-20 -4.7541469362e-04 -4.1516742816e-17 
 2.0993481410e-16 -4.1516742816e-17 1.4911945975e-03
 
Elt 3
 -5.7360607270e-04 2.4631769060e-16 2.4985909079e-16 
 2.4631769391e-16 -5.7360606559e-04 2.7789028683e-17 
 2.4985909079e-16 2.7789028683e-17 1.9584378948e-03
 
Elt 4
 -8.0520508207e-04 -1.7538529706e-16 -8.8455972787e-17 
 -1.7538529789e-16 -8.0520510326e-04 -2.0833409831e-17 
 -8.8455972787e-17 -2.0833409831e-17 2.6028268580e-03
 
Elt 1
 -4.3569846585e-04 -2.3908264205e-16 -9.5881692073e-17 
 -2.3908264247e-16 -4.3569850409e-04 -7.6215055564e-17 
 -9.5881692073e-17 -7.6215055564e-17 1.3184943769e-03
 
Elt 2
 -4.8379473131e-04 1.3578153625e-16 2.2973019663e-16 
 1.3578153625e-16 -4.8379471498e-04 -2.7652129490e-17 
 2.2973019663e-16 -2.7652129490e-17 1.6225110751e-03
 
Elt 3
 -6.0173654273e-04 -3.3798338750e-18 2.2588200795e-16 
 -3.3798338750e-18 -6.0173653111e-04 8.6677165201e-17 
 2.2588200795e-16 8.6677165201e-17 2.0690805388e-03
 
Elt 4
 -8.1265278847e-04 1.3064757567e-17 -7.3397885067e-17 
 1.3064757464e-17 -8.1265281095e-04 -3.4841044465e-18 
 -7.3397885067e-17 -3.4841044465e-18 2.6041106417e-03
 
Elt 1
 -4.2665931956e-04 -1.2350596255e-16 1.0704468265e-17 
 -1.2350596234e-16 -4.2665936175e-04 -7.9731832448e-17 
 1.0704468265e-17 -7.9731832448e-17 1.3658966460e-03
 
Elt 2
 -4.9949267401e-04 -6.0539743889e-17 1.5263751735e-16 
 -6.0539744302e-17 -4.9949266014e-04 -1.7199215163e-17 
 1.5263751735e-16 -1.7199215163e-17 1.7598108198e-03
 
Elt 3
 -6.4218256630e-04 -9.2082452615e-17 2.6023680380e-16 
 -9.2082453442e-17 -6.4218255006e-04 1.7377919039e-17 
 2.6023680380e-16 1.7377919039e-17 2.1794062124e-03
 
Elt 4
 -8.0910333666e-04 1.7952227794e-16 0.0000000000e+00 
 1.7952227794e-16 -8.0910335863e-04 0.0000000000e+00 
 0.0000000000e+00 0.0000000000e+00 2.5806887362e-03
 
Elt 1
 -4.2381299368e-04 5.0654741698e-17 -6.0176327482e-17 
 5.0654741698e-17 -4.2381303344e-04 -3.4709156572e-17 
 -6.0176327482e-17 -3.4709156572e-17 1.4370688892e-03
 
Elt 2
 -5.2960025556e-04 -2.0198096404e-17 7.5816339635e-17 
 -2.0198096508e-17 -5.2960024363e-04 7.6368191717e-17 
 7.5816339635e-17 7.6368191717e-17 1.8945453302e-03
 
Elt 3
 -6.9165647658e-04 2.6181838030e-16 2.4417256330e-16 
 2.6181838030e-16 -6.9165645646e-04 2.7857329756e-17 
 2.4417256330e-16 2.7857329756e-17 2.2863831787e-03
 
Elt 4
 -7.9362365310e-04 -1.8953113275e-17 0.0000000000e+00 
 -1.8953113275e-17 -7.9362367307e-04 0.0000000000e+00 
 0.0000000000e+00 0.0000000000e+00 2.5394052058e-03
 
Elt 1
 -4.3742111241e-04 -1.1689694951e-16 -4.2194481725e-17 
 -1.1689694972e-16 -4.3742114245e-04 -4.8593477754e-17 
 -4.2194481725e-17 -4.8593477754e-17 1.5344728361e-03
 
Elt 2
 -5.7608251819e-04 1.4459140930e-16 -1.7629197556e-16 
 1.4459140930e-16 -5.7608250733e-04 7.2900288589e-17 
 -1.7629197556e-16 7.2900288589e-17 2.0207760197e-03
 
Elt 3
 -7.4287572845e-04 1.0673136673e-16 7.1042624284e-17 
 1.0673136631e-16 -7.4287570647e-04 2.0832117656e-17 
 7.1042624284e-17 2.0832117656e-17 2.3868186880e-03
 
Elt 4
 -7.6686599429e-04 -2.4056051478e-17 4.1960936807e-17 
 -2.4056051478e-17 -7.6686601109e-04 -6.9385653502e-17 
 4.1960936807e-17 -6.9385653502e-17 2.4869313239e-03
 
Elt 1
 -4.7267158286e-04 -1.8649489683e-16 0.0000000000e+00 
 -1.8649489765e-16 -4.7267159665e-04 0.0000000000e+00 
 0.0000000000e+00 0.0000000000e+00 1.6582286995e-03
 
Elt 2
 -6.3482984639e-04 2.5513991925e-16 -2.2986180816e-16 
 2.5513991925e-16 -6.3482983632e-04 5.5584755376e-17 
 -2.2986180816e-16 5.5584755376e-17 2.1359853003e-03
 
Elt 3
 -7.8661285045e-04 -1.4923922405e-17 2.8828925309e-17 
 -1.4923922508e-17 -7.8661282996e-04 -4.8384139095e-17 
 2.8828925309e-17 -4.8384139095e-17 2.4768154899e-03
 
Elt 4
 -7.3190314231e-04 -1.1047590914e-16 1.0109704182e-16 
 -1.1047590996e-16 -7.3190315499e-04 -6.2440869045e-17 
 1.0109704182e-16 -6.2440869045e-17 2.4295632727e-03
 
Elt 1
 -5.2834090670e-04 1.7690740203e-16 -8.9136499102e-17 
 1.7690740203e-16 -5.2834090017e-04 -2.0827664000e-17 
 -8.9136499102e-17 -2.0827664000e-17 1.8064272510e-03
 
Elt 2
 -6.9708805533e-04 -7.1928673860e-17 -2.9697927522e-16 
 -7.1928675514e-17 -6.9708804697e-04 -8.2917256100e-17 
 -2.9697927522e-16 -8.2917256100e-17 2.2409191091e-03
 
Elt 3
 -8.1456618895e-04 -4.7307100710e-17 -2.0425000422e-17 
 -4.7307101124e-17 -8.1456617411e-04 -6.9071958894e-17 
 -2.0425000422e-17 -6.9071958894e-17 2.5515914510e-03
 
Elt 4
 -6.9425757405e-04 1.1925748103e-16 1.3680046538e-16 
 1.1925748103e-16 -6.9425758158e-04 -3.8179727827e-17 
 1.3680046538e-16 -3.8179727827e-17 2.3732294390e-03
 
Elt 1
 -5.9789753885e-04 1.3698719459e-16 0.0000000000e+00 
 1.3698719418e-16 -5.9789751156e-04 0.0000000000e+00 
 0.0000000000e+00 0.0000000000e+00 1.9757391133e-03
 
Elt 2
 -7.5262911304e-04 -3.0928496847e-16 -3.5384176585e-16 
 -3.0928496185e-16 -7.5262910862e-04 -7.9514315496e-17 
 -3.5384176585e-16 -7.9514315496e-17 2.3385517965e-03
 
Elt 3
 -8.2205714301e-04 1.8614355517e-17 -1.4436909999e-16 
 1.8614355517e-17 -8.2205713790e-04 -1.6248483885e-16 
 -1.4436909999e-16 -1.6248483885e-16 2.6059066348e-03
 
Elt 4
 -6.6098659411e-04 -7.1480887080e-18 1.6445875814e-16 
 -7.1480887080e-18 -6.6098659530e-04 -7.2751262865e-17 
 1.6445875814e-16 -7.2751262865e-17 2.3235132634e-03
 
Elt 1
 -6.7235196164e-04 -4.7837960516e-17 -3.8662023289e-17 
 -4.7837960516e-17 -6.7235191709e-04 -4.8447638645e-17 
 -3.8662023289e-17 -4.8447638645e-17 2.1620115753e-03
 
Elt 2
 -7.9338253380e-04 8.0373722211e-17 -3.3778338000e-16 
 8.0373725520e-17 -7.9338253621e-04 -6.9041301704e-17 
 -3.3778338000e-16 -6.9041301704e-17 2.4325664877e-03
 
Elt 3
 -8.0959647598e-04 -1.0057645889e-16 -1.5751603842e-16 
 -1.0057645724e-16 -8.0959648350e-04 -1.1058662529e-16 
 -1.5751603842e-16 -1.1058662529e-16 2.6351340195e-03
 
Elt 4
 -6.3901093984e-04 1.0704008294e-16 1.7215047851e-16 
 1.0704008625e-16 -6.3901093339e-04 -5.8825591573e-17 
 1.7215047851e-16 -5.8825591573e-17 2.2855052504e-03
 
Elt 1
 -7.4358359544e-04 1.9269383094e-16 -1.3347199444e-16 
 1.9269383135e-16 -7.4358354038e-04 1.0416066476e-17 
 -1.3347199444e-16 1.0416066476e-17 2.3606891757e-03
 
Elt 2
 -8.1614541627e-04 9.7501652366e-17 -3.3665903545e-16 
 9.7501652366e-17 -8.1614542803e-04 -5.8704266034e-17 
 -3.3665903545e-16 -5.8704266034e-17 2.5258500571e-03
 
Elt 3
 -7.8274693001e-04 -7.0860699730e-17 -2.4962708538e-16 
 -7.0860699730e-17 -7.8274695090e-04 -1.2447613117e-16 
 -2.4962708538e-16 -1.2447613117e-16 2.6367355444e-03
 
Elt 4
 -6.3315670018e-04 -1.3689456980e-17 1.4932988400e-16 
 -1.3689456980e-17 -6.3315668507e-04 -3.4214331935e-18 
 1.4932988400e-16 -3.4214331935e-18 2.2634027639e-03
 
Elt 1
 -8.0681618275e-04 1.6303689300e-16 -1.0429861198e-16 
 1.6303689383e-16 -8.0681612578e-04 3.4722406999e-17 
 -1.0429861198e-16 3.4722406999e-17 2.5670336549e-03
 
Elt 2
 -8.2340956019e-04 1.5696778965e-17 -2.4398923483e-16 
 1.5696778965e-17 -8.2340958236e-04 -5.5270351494e-17 
 -2.4398923483e-16 -5.5270351494e-17 2.6194418198e-03
 
Elt 3
 -7.5036331281e-04 1.6953807891e-16 -2.2393775627e-16 
 1.6953807891e-16 -7.5036334517e-04 -7.6012069034e-17 
 -2.2393775627e-16 -7.6012069034e-17 2.6116895763e-03
 
Elt 4
 -6.4458905435e-04 -1.7088273296e-16 1.3863629435e-16 
 -1.7088273296e-16 -6.4458903034e-04 1.0475451033e-17 
 1.3863629435e-16 1.0475451033e-17 2.2599292874e-03
 
Elt 1
 -8.6142727249e-04 1.7093492185e-16 -1.0343827877e-16 
 1.7093492185e-16 -8.6142722230e-04 3.8196721838e-17 
 -1.0343827877e-16 3.8196721838e-17 2.7760934667e-03
 
Elt 2
 -8.2211250936e-04 4.2597136991e-17 -1.5605756910e-16 
 4.2597136991e-17 -8.2211254068e-04 1.3840170110e-17 
 -1.5605756910e-16 1.3840170110e-17 2.7122393046e-03
 
Elt 3
 -7.2185818441e-04 1.5142459366e-16 -1.1247228628e-16 
 1.5142459366e-16 -7.2185822385e-04 3.8236984357e-17 
 -1.1247228628e-16 3.8236984357e-17 2.5654005365e-03
 
Elt 4
 -6.7025006494e-04 9.6258231160e-17 6.9120219763e-17 
 9.6258231574e-17 -6.7025003316e-04 2.4363653137e-17 
 6.9120219763e-17 2.4363653137e-17 2.2757366467e-03
 
Elt 1
 -9.0999850895e-04 -3.9902833546e-17 0.0000000000e+00 
 -3.9902833546e-17 -9.0999847270e-04 0.0000000000e+00 
 0.0000000000e+00 0.0000000000e+00 2.9825724414e-03
 
Elt 2
 -8.2090110116e-04 1.4947865820e-17 5.4695389488e-18 
 1.4947865716e-17 -8.2090113799e-04 5.5506397111e-17 
 5.4695389488e-18 5.5506397111e-17 2.8014988969e-03
 
Elt 3
 -7.0447550814e-04 -9.8111134292e-18 -1.1765638890e-16 
 -9.8111134551e-18 -7.0447554857e-04 2.4392277028e-17 
 -1.1765638890e-16 2.4392277028e-17 2.5076937843e-03
 
Elt 4
 -7.0360708267e-04 1.6160075857e-16 0.0000000000e+00 
 1.6160075898e-16 -7.0360704594e-04 0.0000000000e+00 
 0.0000000000e+00 0.0000000000e+00 2.3090386806e-03
 
Elt 1
 -9.5621997587e-04 -4.2823843002e-17 1.2619461872e-16 
 -4.2823842588e-17 -9.5621995818e-04 7.6171246536e-17 
 1.2619461872e-16 7.6171246536e-17 3.1807030511e-03
 
Elt 2
 -8.2701179924e-04 2.1035812506e-17 9.2686688555e-18 
 2.1035812506e-17 -8.2701183611e-04 -6.2244335613e-17 
 9.2686688555e-18 -6.2244335613e-17 2.8839558565e-03
 
Elt 3
 -7.0150699030e-04 7.5744582103e-17 -1.6225009892e-16 
 7.5744582310e-17 -7.0150702518e-04 1.0406883419e-16 
 -1.6225009892e-16 1.0406883419e-16 2.4517077830e-03
 
Elt 4
 -7.3656153446e-04 3.3909749225e-17 -5.8865535509e-17 
 3.3909749225e-17 -7.3656149724e-04 4.8607969495e-17 
 -5.8865535509e-17 4.8607969495e-17 2.3557155623e-03
 
Elt 1
 -1.0026120299e-03 -7.9707328966e-17 1.8071303072e-16 
 -7.9707335584e-17 -1.0026120324e-03 2.4189349595e-17 
 1.8071303072e-16 2.4189349595e-17 3.3643270825e-03
 
Elt 2
 -8.4394278062e-04 4.3213915116e-17 9.9030337802e-17 
 4.3213915116e-17 -8.4394281141e-04 1.8692821935e-16 
 9.9030337802e-17 1.8692821935e-16 2.9571568389e-03
 
Elt 3
 -7.1202678452e-04 3.6886758084e-17 -1.5914541498e-16 
 3.6886758291e-17 -7.1202680812e-04 1.8019292898e-16 
 -1.5914541498e-16 1.8019292898e-16 2.4118382301e-03
 
Elt 4
 -7.6193036349e-04 -1.5424918301e-16 -1.1382361827e-16 
 -1.5424918260e-16 -7.6193033122e-04 9.7152422748e-17 
 -1.1382361827e-16 9.7152422748e-17 2.4099927841e-03
 
Elt 1
 -1.0490659336e-03 -1.6299783726e-16 1.5283198725e-16 
 -1.6299783726e-16 -1.0490659552e-03 4.5023135401e-17 
 1.5283198725e-16 4.5023135401e-17 3.5271551364e-03
 
Elt 2
 -8.7074433576e-04 -9.0494257154e-17 2.9878325182e-16 
 -9.0494257981e-17 -8.7074435504e-04 1.2799553757e-16 
 2.9878325182e-16 1.2799553757e-16 3.0205595114e-03
 
Elt 3
 -7.3208170119e-04 7.3368422248e-17 -7.9494596184e-19 
 7.3368422248e-17 -7.3208170968e-04 1.5261515210e-16 
 -7.9494596184e-19 1.5261515210e-16 2.4011620245e-03
 
Elt 4
 -7.7564363564e-04 -2.2765378945e-16 -1.7033385588e-16 
 -2.2765378945e-16 -7.7564361378e-04 1.1099589556e-16 
 -1.7033385588e-16 1.1099589556e-16 2.4656403656e-03
 
Elt 1
 -1.0926947963e-03 -3.3931717343e-16 1.7959555462e-16 
 -3.3931717343e-16 -1.0926948337e-03 -6.9464539541e-18 
 1.7959555462e-16 -6.9464539541e-18 3.6632769740e-03
 
Elt 2
 -9.0302491917e-04 -1.5938983590e-16 3.7048837769e-16 
 -1.5938983590e-16 -9.0302492335e-04 1.0731877469e-16 
 3.7048837769e-16 1.0731877469e-16 3.0760430745e-03
 
Elt 3
 -7.5675693371e-04 3.1406127559e-17 1.0923649145e-17 
 3.1406127559e-17 -7.5675692570e-04 2.1836478294e-16 
 1.0923649145e-17 2.1836478294e-16 2.4289508790e-03
 
Elt 4
 -7.7790506658e-04 -9.4460267245e-17 -2.2093023105e-16 
 -9.4460268899e-17 -7.7790505940e-04 1.3523071514e-16 
 -2.2093023105e-16 1.3523071514e-16 2.5174373246e-03
 
Elt 1
 -1.1289312631e-03 -2.2740957347e-16 1.6578805082e-16 
 -2.2740957347e-16 -1.1289313116e-03 -6.2248872349e-17 
 1.6578805082e-16 -6.2248872349e-17 3.7678107128e-03
 
Elt 2
 -9.3512632384e-04 -2.1188998022e-16 4.2580442501e-16 
 -2.1188998022e-16 -9.3512631189e-04 -5.5337649579e-17 
 4.2580442501e-16 -5.5337649579e-17 3.1276715192e-03
 
Elt 3
 -7.8227422034e-04 1.7771937824e-17 3.3453160181e-17 
 1.7771937824e-17 -7.8227419691e-04 1.8717794111e-16 
 3.3453160181e-17 1.8717794111e-16 2.4988882818e-03
 
Elt 4
 -7.7293775645e-04 -1.2293749508e-16 -2.4007691592e-16 
 -1.2293749508e-16 -7.7293776598e-04 1.2476519842e-16 
 -2.4007691592e-16 1.2476519842e-16 2.5625321336e-03
 
Elt 1
 -1.1533332968e-03 -2.7209425067e-16 1.7683789985e-16 
 -2.7209424901e-16 -1.1533333511e-03 -1.3755405861e-17 
 1.7683789985e-16 -1.3755405861e-17 3.8375715856e-03
 
Elt 2
 -9.6253031017e-04 -6.4123058456e-17 4.9665132895e-16 
 -6.4123058456e-17 -9.6253028361e-04 -1.3839419864e-16 
 4.9665132895e-16 -1.3839419864e-16 3.1807731180e-03
 
Elt 3
 -8.0733191584e-04 6.1498126720e-17 7.1453021842e-17 
 6.1498126513e-17 -8.0733188005e-04 6.2524042116e-17 
 7.1453021842e-17 6.2524042116e-17 2.6084311372e-03
 
Elt 4
 -7.6742119549e-04 -1.0877930793e-16 -2.4361091531e-16 
 -1.0877930752e-16 -7.6742122093e-04 1.3522522186e-16 
 -2.4361091531e-16 1.3522522186e-16 2.6013293316e-03
 
Elt 1
 -1.1633068852e-03 1.6377035198e-16 8.6203839025e-17 
 1.6377035198e-16 -1.1633069398e-03 4.5015560748e-17 
 8.6203839025e-17 4.5015560748e-17 3.8716215970e-03
 
Elt 2
 -9.8354996346e-04 5.1582142583e-17 4.7782034909e-16 
 5.1582142170e-17 -9.8354992596e-04 -3.4494285355e-17 
 4.7782034909e-16 -3.4494285355e-17 3.2405817236e-03
 
Elt 3
 -8.3324715729e-04 -1.6016550425e-16 1.4562268249e-16 
 -1.6016550384e-16 -8.3324711350e-04 4.1742488440e-17 
 1.4562268249e-16 4.1742488440e-17 2.7494738847e-03
 
Elt 4
 -7.6820732514e-04 -4.9642839144e-17 -1.8658531546e-16 
 -4.9642839144e-17 -7.6820736287e-04 1.1781551495e-16 
 -1.8658531546e-16 1.1781551495e-16 2.6376351324e-03
 
Elt 1
 -1.1590788392e-03 3.3053717897e-17 1.0005878247e-16 
 3.3053717794e-17 -1.1590788885e-03 -2.4174752756e-17 
 1.0005878247e-16 -2.4174752756e-17 3.8715822637e-03
 
Elt 2
 -9.9970979087e-04 -3.1567812831e-17 3.6999138718e-16 
 -3.1567812831e-17 -9.9970974735e-04 -9.6703618480e-17 
 3.6999138718e-16 -9.6703618480e-17 3.3107990312e-03
 
Elt 3
 -8.6293454380e-04 3.8404048477e-18 8.1717789947e-17 
 3.8404048735e-18 -8.6293449694e-04 -6.2085343036e-17 
 8.1717789947e-17 -6.2085343036e-17 2.9101512325e-03
 
Elt 4
 -7.8013157777e-04 -2.4610576114e-16 -1.8643794462e-16 
 -2.4610576197e-16 -7.8013162206e-04 5.5554363407e-17 
 -1.8643794462e-16 5.5554363407e-17 2.6779836558e-03
 
Elt 1
 -1.1436198704e-03 3.0797486513e-17 4.7193983985e-17 
 3.0797486410e-17 -1.1436199096e-03 -8.2947116918e-17 
 4.7193983985e-17 -8.2947116918e-17 3.8416382921e-03
 
Elt 2
 -1.0147783028e-03 -1.0554537833e-16 3.8450831460e-16 
 -1.0554537833e-16 -1.0147782587e-03 -1.4494789736e-16 
 3.8450831460e-16 -1.4494789736e-16 3.3924560926e-03
 
Elt 3
 -8.9921596409e-04 -6.3379379038e-17 1.5423637072e-16 
 -6.3379379038e-17 -8.9921591910e-04 -1.3474073397e-16 
 1.5423637072e-16 -1.3474073397e-16 3.0773178481e-03
 
Elt 4
 -8.0468347490e-04 -2.7955707498e-16 -1.6152599227e-16 
 -2.7955707498e-16 -8.0468351897e-04 -2.7581819537e-17 
 -1.6152599227e-16 -2.7581819537e-17 2.7302966074e-03
 
Elt 1
 -1.1216544203e-03 -7.1035229049e-18 -1.4790428807e-16 
 -7.1035229049e-18 -1.1216544454e-03 -1.3838869104e-16 
 -1.4790428807e-16 -1.3838869104e-16 3.7882142205e-03
 
Elt 2
 -1.0329329733e-03 -1.3249599264e-16 9.6212690132e-17 
 -1.3249599264e-16 -1.0329329336e-03 -9.2957766261e-17 
 9.6212690132e-17 -9.2957766261e-17 3.4833736692e-03
 
Elt 3
 -9.4318713667e-04 -8.4584941723e-17 -2.3279435780e-18 
 -8.4584942137e-17 -9.4318709810e-04 -2.3851553049e-16 
 -2.3279435780e-18 -2.3851553049e-16 3.2390883371e-03
 
Elt 4
 -8.3996847822e-04 -3.4758151156e-17 -9.9977972823e-17 
 -3.4758151260e-17 -8.3996851553e-04 -7.9510688670e-17 
 -9.9977972823e-17 -7.9510688670e-17 2.8022089985e-03
 
Elt 1
 -1.0982225751e-03 1.3459562602e-17 -1.6905027625e-16 
 1.3459562395e-17 -1.0982225834e-03 -6.9197838011e-17 
 -1.6905027625e-16 -6.9197838011e-17 3.7193628790e-03
 
Elt 2
 -1.0568327795e-03 -1.2449516799e-16 -1.3346115201e-16 
 -1.2449516799e-16 -1.0568327488e-03 2.8298785390e-17 
 -1.3346115201e-16 2.8298785390e-17 3.5783668886e-03
 
Elt 3
 -9.9331321578e-04 -5.8870138552e-17 -1.2033420807e-17 
 -5.8870138139e-17 -9.9331318762e-04 -1.7294597886e-16 
 -1.2033420807e-17 -1.7294597886e-16 3.3868369093e-03
 
Elt 4
 -8.8191236345e-04 6.4637279006e-17 2.3744982632e-17 
 6.4637279006e-17 -8.8191238877e-04 -1.5573824781e-16 
 2.3744982632e-17 -1.5573824781e-16 2.8994764562e-03
 
Elt 1
 -1.0773681050e-03 1.4085095482e-16 -1.5364596227e-16 
 1.4085095482e-16 -1.0773680957e-03 -8.9909898679e-17 
 -1.5364596227e-16 -8.9909898679e-17 3.6439521372e-03
 
Elt 2
 -1.0863553050e-03 1.1587312780e-16 -3.3286429890e-16 
 1.1587312780e-16 -1.0863552866e-03 1.1808896849e-16 
 -3.3286429890e-16 1.1808896849e-16 3.6701541346e-03
 
Elt 3
 -1.0455981568e-03 1.6180038868e-17 -4.1488443112e-17 
 1.6180038868e-17 -1.0455981423e-03 -1.5208769449e-16 
 -4.1488443112e-17 -1.5208769449e-16 3.5162211670e-03
 
Elt 4
 -9.2617321064e-04 1.1844820019e-17 9.7238044309e-17 
 1.1844819606e-17 -9.2617322075e-04 -1.7654385632e-16 
 9.7238044309e-17 -1.7654385632e-16 3.0248543149e-03
 
Elt 1
 -1.0613987584e-03 2.5920151503e-16 -1.3411639967e-16 
 2.5920151172e-16 -1.0613987326e-03 -4.8238444131e-17 
 -1.3411639967e-16 -4.8238444131e-17 3.5707742421e-03
 
Elt 2
 -1.1184545102e-03 -5.7098980665e-17 -5.1471168132e-16 
 -5.7098980665e-17 -1.1184545065e-03 -1.0318720185e-16 
 -5.1471168132e-16 -1.0318720185e-16 3.7507597366e-03
 
Elt 3
 -1.0947519010e-03 -2.9801732592e-17 -1.0949447491e-16 
 -2.9801729284e-17 -1.0947519023e-03 -2.1075471900e-16 
 -1.0949447491e-16 -2.1075471900e-16 3.6270831044e-03
 
Elt 4
 -9.6998802850e-04 8.8532140073e-18 1.5986324333e-16 
 8.8532142141e-18 -9.6998802242e-04 -1.6620586591e-16 
 1.5986324333e-16 -1.6620586591e-16 3.1776830628e-03
 
Elt 1
 -1.0508802678e-03 2.2397013167e-16 -1.6534170420e-16 
 2.2397013167e-16 -1.0508802285e-03 2.7784662502e-17 
 -1.6534170420e-16 2.7784662502e-17 3.5076990928e-03
 
Elt 2
 -1.1481462000e-03 1.7672244610e-16 -5.5598700993e-16 
 1.7672244941e-16 -1.1481462122e-03 1.6318190669e-16 
 -5.5598700993e-16 1.6318190669e-16 3.8130970225e-03
 
Elt 3
 -1.1359021068e-03 2.9620695016e-17 -1.6252168574e-16 
 2.9620695016e-17 -1.1359021250e-03 -8.9701772896e-17 
 -1.6252168574e-16 -8.9701772896e-17 3.7223937703e-03
 
Elt 4
 -1.0132308225e-03 2.0547475450e-16 1.7769282030e-16 
 2.0547475616e-16 -1.0132308013e-03 -1.6282015305e-16 
 1.7769282030e-16 -1.6282015305e-16 3.3542017411e-03
 
Elt 1
 -1.0452167685e-03 3.7361787024e-16 -2.2854524477e-16 
 3.7361787024e-16 -1.0452167206e-03 1.4017172358e-17 
 -2.2854524477e-16 1.4017172358e-17 3.4609040459e-03
 
Elt 2
 -1.1702105732e-03 7.2005181863e-17 -6.1377366964e-16 
 7.2005181863e-17 -1.1702106010e-03 6.2940560123e-17 
 -6.1377366964e-16 6.2940560123e-17 3.8524102002e-03
 
Elt 3
 -1.1662095899e-03 -7.0430572429e-17 -2.3439745670e-16 
 -7.0430572429e-17 -1.1662096240e-03 -1.3583778956e-17 
 -2.3439745670e-16 -1.3583778956e-17 3.8066631656e-03
 
Elt 4
 -1.0582864715e-03 1.5748968705e-16 2.0624981501e-16 
 1.5748968788e-16 -1.0582864376e-03 -1.2122356858e-16 
 2.0624981501e-16 -1.2122356858e-16 3.5484548665e-03
 
Elt 1
 -1.0434753775e-03 5.2120359643e-17 -1.0722439473e-16 
 5.2120359436e-17 -1.0434753269e-03 -2.3938984032e-17 
 -1.0722439473e-16 -2.3938984032e-17 3.4344839686e-03
 
Elt 2
 -1.1809542596e-03 -1.6130112852e-16 -4.5710869209e-16 
 -1.6130112852e-16 -1.1809543012e-03 1.2157361570e-16 
 -4.5710869209e-16 1.2157361570e-16 3.8672403549e-03
 
Elt 3
 -1.1857759795e-03 -1.5417841523e-16 -1.6471352253e-16 
 -1.5417841606e-16 -1.1857760268e-03 -6.7362982264e-18 
 -1.6471352253e-16 -6.7362982264e-18 3.8842938285e-03
 
Elt 4
 -1.1087866442e-03 1.2508870027e-16 1.5565215076e-16 
 1.2508870027e-16 -1.1087866012e-03 -1.2470122647e-16 
 1.5565215076e-16 -1.2470122647e-16 3.7534047839e-03
 
Elt 1
 -1.0450487402e-03 1.5665496855e-17 2.7179573024e-18 
 1.5665496907e-17 -1.0450486929e-03 7.6407385083e-17 
 2.7179573024e-18 7.6407385083e-17 3.4302524958e-03
 
Elt 2
 -1.1794257413e-03 -3.1970135283e-16 -2.8094744863e-16 
 -3.1970135200e-16 -1.1794257931e-03 8.6908004605e-17 
 -2.8094744863e-16 8.6908004605e-17 3.8597763964e-03
 
Elt 3
 -1.1975501666e-03 -6.0513147861e-18 -1.6610681955e-16 
 -6.0513147861e-18 -1.1975502223e-03 1.0051971568e-16 
 -1.6610681955e-16 1.0051971568e-16 3.9583840254e-03
 
Elt 4
 -1.1677243210e-03 -5.4450681491e-17 9.8822454921e-17 
 -5.4450681491e-17 -1.1677242730e-03 -4.1681825309e-17 
 9.8822454921e-17 -4.1681825309e-17 3.9619537808e-03
 
Elt 1
 -1.0499113647e-03 -1.8219591221e-17 -5.2113433473e-17 
 -1.8219591221e-17 -1.0499113260e-03 7.3059362472e-17 
 -5.2113433473e-17 7.3059362472e-17 3.4478481387e-03
 
Elt 2
 -1.1677126516e-03 -4.4427374780e-18 -1.3818905290e-16 
 -4.4427374780e-18 -1.1677127082e-03 1.1809852889e-16 
 -1.3818905290e-16 1.1809852889e-16 3.8355574460e-03
 
Elt 3
