Elt 1
 0.0000000000e+00 0.0000000000e+00 0.0000000000e+00 
 0.0000000000e+00 0.0000000000e+00 0.0000000000e+00 
 0.0000000000e+00 0.0000000000e+00 0.0000000000e+00
 
Elt 2
 0.0000000000e+00 0.0000000000e+00 0.0000000000e+00 
 0.0000000000e+00 0.0000000000e+00 0.0000000000e+00 
 0.0000000000e+00 0.0000000000e+00 0.0000000000e+00
 
Elt 3
 -1.8704520226e-16 -1.0536125216e-16 0.0000000000e+00 
 -1.0536125216e-16 -2.5704400759e-16 0.0000000000e+00 
 0.0000000000e+00 0.0000000000e+00 0.0000000000e+00
 
Elt 4
 -2.0304943644e-17 2.0719330249e-18 4.2868612666e-17 
 2.0719330249e-18 -2.1142173724e-19 -4.3743482312e-18 
 4.2868612666e-17 -4.3743482312e-18 -9.0505937081e-17
 
Elt 1
 0.0000000000e+00 0.0000000000e+00 0.0000000000e+00 
 0.0000000000e+00 0.0000000000e+00 0.0000000000e+00 
 0.0000000000e+00 0.0000000000e+00 0.0000000000e+00
 
Elt 2
 0.0000000000e+00 0.0000000000e+00 0.0000000000e+00 
 0.0000000000e+00 0.0000000000e+00 0.0000000000e+00 
 0.0000000000e+00 0.0000000000e+00 0.0000000000e+00
 
Elt 3
 -4.1272231399e-17 -5.3653900818e-17 0.0000000000e+00 
 -5.3653900818e-17 -6.9750071064e-17 0.0000000000e+00 
 0.0000000000e+00 0.0000000000e+00 -2.2204460493e-16
 
Elt 4
 -1.8820877231e-16 1.1468876813e-16 1.1774937159e-16 
 1.1468876813e-16 -1.6960283404e-16 3.9278487108e-17 
 1.1774937159e-16 3.9278487108e-17 -1.9729990596e-16
 
Elt 1
 -2.7865022344e-05 -1.3502447422e-17 3.3578080095e-17 
 -1.3502447422e-17 9.7680513283e-05 -8.3266974874e-17 
 3.3578080095e-17 -8.3266974874e-17 -2.7865022344e-05
 
Elt 2
 -2.7690505605e-05 3.6959603576e-17 2.8087612531e-17 
 3.6959603576e-17 1.0899065960e-04 -9.5409551164e-17 
 2.8088459564e-17 -9.5409551164e-17 -2.7690505605e-05
 
Elt 3
 -2.7777835935e-05 4.3629184759e-08 2.6021616301e-17 
 4.3629184759e-08 1.0333560243e-04 -7.0908756295e-17 
 2.6021616301e-17 -7.0908756295e-17 -2.7777835937e-05
 
Elt 4
 -2.7777835935e-05 -4.3629184927e-08 7.7977893981e-17 
 -4.3629184927e-08 1.0333560243e-04 -1.2143398181e-17 
 7.7977893981e-17 -1.2143398181e-17 -2.7777835937e-05
 
Elt 1
 -6.0592257082e-05 -9.7008571858e-17 0.0000000000e+00 
 -9.7008571858e-17 2.0835348802e-04 0.0000000000e+00 
 0.0000000000e+00 0.0000000000e+00 -6.0592257082e-05
 
Elt 2
 -6.5108408965e-05 1.4842174262e-17 -7.0917550495e-30 
 1.4842174262e-17 2.0496142134e-04 -1.7000191963e-16 
 -7.0917550495e-30 -1.7000191963e-16 -6.5108408965e-05
 
Elt 3
 -6.2850340395e-05 -1.1290379572e-06 -8.6739644524e-18 
 -1.1290379572e-06 2.0665745485e-04 1.1597774964e-16 
 -8.6739644523e-18 1.1597774964e-16 -6.2850341670e-05
 
Elt 4
 -6.2850340395e-05 1.1290379571e-06 1.6689037351e-16 
 1.1290379571e-06 2.0665745485e-04 6.2438821492e-17 
 1.6689037351e-16 6.2438821492e-17 -6.2850341670e-05
 
Elt 1
 -9.3087446607e-05 -5.5024697824e-18 -1.3529487860e-16 
 -5.5024697824e-18 3.0634834225e-04 6.9388656506e-17 
 -1.3529487860e-16 6.9388656506e-17 -9.3087446607e-05
 
Elt 2
 -9.7006856678e-05 -1.3222043357e-17 2.7309941190e-30 
 -1.3222043357e-17 3.1358225570e-04 -1.1103572081e-16 
 -3.3881317863e-21 -1.1103572081e-16 -9.7006856678e-05
 
Elt 3
 -9.5047154831e-05 -9.7985249078e-07 0.0000000000e+00 
 -9.7985249078e-07 3.0996530456e-04 0.0000000000e+00 
 0.0000000000e+00 0.0000000000e+00 -9.5047155791e-05
 
Elt 4
 -9.5047154831e-05 9.7985249081e-07 -3.6953885885e-17 
 9.7985249081e-07 3.0996530456e-04 -7.2865273106e-17 
 -3.6953885885e-17 -7.2865273106e-17 -9.5047155791e-05
 
Elt 1
 -1.2125943563e-04 -8.1163593714e-17 -4.2839538340e-17 
 -8.1163593714e-17 4.0925001399e-04 4.5106147821e-17 
 -4.2825985813e-17 4.5106147821e-17 -1.2125943563e-04
 
Elt 2
 -1.2574374100e-04 3.9733222068e-17 1.2313826174e-16 
 3.9733222068e-17 4.1726852025e-04 4.8576018987e-17 
 1.2313148548e-16 4.8576018987e-17 -1.2574374100e-04
 
Elt 3
 -1.2350159003e-04 -1.1210762895e-06 -2.6024211320e-17 
 -1.1210762895e-06 4.1325927390e-04 1.2968671878e-16 
 -2.6024211320e-17 1.2968671878e-16 -1.2350159129e-04
 
Elt 4
 -1.2350159003e-04 1.1210762894e-06 2.6579154515e-16 
 1.1210762894e-06 4.1325927390e-04 -1.3879799095e-17 
 2.6579154515e-16 -1.3879799095e-17 -1.2350159129e-04
 
Elt 1
 -1.5162125812e-04 -2.1309513817e-16 0.0000000000e+00 
 -2.1309513817e-16 5.1403858872e-04 0.0000000000e+00 
 0.0000000000e+00 0.0000000000e+00 -1.5162125812e-04
 
Elt 2
 -1.5680275849e-04 5.7038310874e-17 1.3907603368e-16 
 5.7038310874e-17 5.1904027956e-04 2.4114494313e-16 
 1.3907603368e-16 2.4114494313e-16 -1.5680275849e-04
 
Elt 3
 -1.5421200575e-04 -1.2953749953e-06 2.6024912417e-17 
 -1.2953749953e-06 5.1653943559e-04 2.4215526552e-16 
 2.6024912417e-17 2.4215526552e-16 -1.5421200743e-04
 
Elt 4
 -1.5421200575e-04 1.2953749953e-06 1.2526522858e-16 
 1.2953749953e-06 5.1653943559e-04 1.9598865939e-16 
 1.2526522858e-16 1.9598865939e-16 -1.5421200743e-04
 
Elt 1
 -1.8457219798e-04 8.4774972673e-17 1.5471565001e-16 
 8.4774972673e-17 6.1627892579e-04 -6.9437167647e-17 
 1.5468854496e-16 -6.9437167647e-17 -1.8457219798e-04
 
Elt 2
 -1.8883411756e-04 1.9944304313e-16 -1.0217250223e-16 
 1.9944304313e-16 6.2333253143e-04 3.2094714419e-16 
 -1.0217250223e-16 3.2094714419e-16 -1.8883411756e-04
 
Elt 3
 -1.8670314279e-04 -1.0654797798e-06 -1.9085515093e-17 
 -1.0654797798e-06 6.1980573369e-04 1.8752387835e-16 
 -1.9085515093e-17 1.8752387835e-16 -1.8670314392e-04
 
Elt 4
 -1.8670314279e-04 1.0654797799e-06 2.0074369999e-16 
 1.0654797799e-06 6.1980573369e-04 2.0467940467e-16 
 2.0074369999e-16 2.0467940467e-16 -1.8670314392e-04
 
Elt 1
 -2.1585822260e-04 8.8499769664e-17 8.1586213480e-17 
 8.8499769664e-17 7.2036955321e-04 -9.3765492333e-17 
 8.1586213480e-17 -9.3765492333e-17 -2.1585822260e-04
 
Elt 2
 -2.1933821862e-04 -1.0371843706e-16 -1.4949792706e-16 
 -1.0371843706e-16 7.2574672104e-04 9.9169756137e-21 
 -1.4949792706e-16 9.9169756137e-21 -2.1933821862e-04
 
Elt 3
 -2.1759820111e-04 -8.6999887627e-07 -9.3695291089e-17 
 -8.6999887627e-07 7.2305813998e-04 -1.8565558864e-16 
 -9.3695291086e-17 -1.8565558864e-16 -2.1759820187e-04
 
Elt 4
 -2.1759820111e-04 8.6999887644e-07 8.9269358226e-17 
 8.6999887644e-07 7.2305813998e-04 -1.5609458781e-17 
 8.9269358229e-17 -1.5609458781e-17 -2.1759820187e-04
 
Elt 1
 -2.4653600238e-04 4.5564275604e-17 -3.7797998238e-17 
 4.5564275604e-17 8.2465247309e-04 1.3187765313e-16 
 -3.7797998238e-17 1.3187765313e-16 -2.4653600238e-04
 
Elt 2
 -2.4891344947e-04 1.3041652619e-16 -7.9377151553e-17 
 1.3041652619e-16 8.2794092176e-04 -7.5295168547e-23 
 -7.9390704080e-17 -7.5295168547e-23 -2.4891344947e-04
 
Elt 3
 -2.4772470195e-04 -5.9436165873e-07 -7.6346742790e-17 
 -5.9436165873e-07 8.2629669843e-04 2.4819504134e-16 
 -7.6346742784e-17 2.4819504134e-16 -2.4772470230e-04
 
Elt 4
 -2.4772470195e-04 5.9436165869e-07 7.0618905868e-17 
 5.9436165869e-07 8.2629669843e-04 1.9076247521e-16 
 7.0618905861e-17 1.9076247521e-16 -2.4772470230e-04
 
Elt 1
 -2.7845423769e-04 2.1677377867e-16 0.0000000000e+00 
 2.1677377867e-16 9.2851529858e-04 0.0000000000e+00 
 0.0000000000e+00 0.0000000000e+00 -2.7845423769e-04
 
Elt 2
 -2.7932673067e-04 2.8499524004e-16 1.3270634591e-16 
 2.8499524004e-16 9.3052757073e-04 -7.1153410991e-17 
 1.3271989844e-16 -7.1153410991e-17 -2.7932673067e-04
 
Elt 3
 -2.7889045324e-04 -2.1812319310e-07 4.8585846546e-17 
 -2.1812319310e-07 9.2952143512e-04 -5.2631091347e-17 
 4.8585846495e-17 -5.2631091347e-17 -2.7889045329e-04
 
Elt 4
 -2.7889045324e-04 2.1812319368e-07 1.7256467172e-16 
 2.1812319368e-07 9.2952143512e-04 -9.0188885879e-17 
 1.7256467172e-16 -9.0188885879e-17 -2.7889045329e-04
 
Elt 1
 -3.1056999038e-04 2.7660800050e-16 -3.6524060686e-17 
 2.7660800050e-16 1.0328437695e-03 -2.3583059288e-16 
 -3.6524060686e-17 -2.3583059288e-16 -3.1056999038e-04
 
Elt 2
 -3.1006955620e-04 2.1750533263e-16 1.7707731982e-16 
 2.1750533263e-16 1.0326208943e-03 -2.3237096628e-16 
 1.7707731982e-16 -2.3237096628e-16 -3.1006955620e-04
 
Elt 3
 -3.1031973638e-04 1.2510850680e-07 2.2211395692e-16 
 1.2510850680e-07 1.0327323319e-03 1.1473785557e-16 
 2.2211395775e-16 1.1473785557e-16 -3.1031973640e-04
 
Elt 4
 -3.1031973638e-04 -1.2510850646e-07 1.7907580930e-16 
 -1.2510850646e-07 1.0327323319e-03 -1.3197300000e-16 
 1.7907580930e-16 -1.3197300000e-16 -3.1031973640e-04
 
Elt 1
 -3.4199672689e-04 2.4617093933e-16 -2.8954974269e-17 
 2.4617093933e-16 1.1369968414e-03 -2.8096292896e-16 
 -2.8948198005e-17 -2.8096292896e-16 -3.4199672689e-04
 
Elt 2
 -3.4020537316e-04 -7.8549643995e-17 -1.4545927397e-16 
 -7.8549643995e-17 1.1348619208e-03 -2.4795358997e-16 
 -1.4547282649e-16 -2.4795358997e-16 -3.4020537316e-04
 
Elt 3
 -3.4110100772e-04 4.4783827035e-07 -7.6353949680e-17 
 4.4783827035e-07 1.1359293815e-03 -1.9739157502e-16 
 -7.6353949654e-17 -1.9739157502e-16 -3.4110100792e-04
 
Elt 4
 -3.4110100772e-04 -4.4783827023e-07 1.2702262726e-16 
 -4.4783827023e-07 1.1359293815e-03 -1.2841322811e-16 
 1.2702262721e-16 -1.2841322811e-16 -3.4110100792e-04
 
Elt 1
 -3.7326771247e-04 6.4772658742e-17 1.6798357410e-17 
 6.4772658742e-17 1.2408999705e-03 -3.2261670620e-16 
 1.6798357410e-17 -3.2261670620e-16 -3.7326771247e-04
 
Elt 2
 -3.7039858636e-04 -2.0903031060e-16 -1.8854275780e-16 
 -2.0903031060e-16 1.2373252320e-03 -2.3754117803e-16 
 -1.8854275780e-16 -2.3754117803e-16 -3.7039858636e-04
 
Elt 3
 -3.7183310171e-04 7.1728121844e-07 -3.2972158713e-17 
 7.1728121844e-07 1.2391126023e-03 -1.6230108255e-16 
 -3.2972158713e-17 -1.6230108255e-16 -3.7183310222e-04
 
Elt 4
 -3.7183310171e-04 -7.1728121843e-07 -2.4818491952e-17 
 -7.1728121843e-07 1.2391126023e-03 -1.2657013920e-16 
 -2.4818491955e-17 -1.2657013920e-16 -3.7183310222e-04
 
Elt 1
 -4.0472068432e-04 -2.8461739372e-16 2.1293730668e-16 
 -2.8461739372e-16 1.3446682465e-03 -2.3241542628e-16 
 2.1293730668e-16 -2.3241542628e-16 -4.0472068432e-04
 
Elt 2
 -4.0115945976e-04 1.2061503442e-17 -1.1065638423e-17 
 1.2061503442e-17 1.3398957228e-03 -2.8618422884e-16 
 -1.1072414687e-17 -2.8618422884e-16 -4.0115945976e-04
 
Elt 3
 -4.0294001952e-04 8.9030568876e-07 -1.1280262627e-16 
 8.9030568876e-07 1.3422819867e-03 -1.2414254450e-16 
 -1.1280262628e-16 -1.2414254450e-16 -4.0294002032e-04
 
Elt 4
 -4.0294001952e-04 -8.9030568895e-07 1.7475417966e-16 
 -8.9030568895e-07 1.3422819867e-03 -1.7518060501e-16 
 1.7475417963e-16 -1.7518060501e-16 -4.0294002032e-04
 
Elt 1
 -4.3593886185e-04 -2.5768723608e-17 1.6577451217e-16 
 -2.5768723608e-17 1.4481051516e-03 -1.0410489838e-16 
 1.6580161723e-16 -1.0410489838e-16 -4.3593886185e-04
 
Elt 2
 -4.3207255472e-04 8.6143017004e-17 8.3659750134e-17 
 8.6143017004e-17 1.4427699267e-03 7.8115875563e-17 
 8.3659750134e-17 7.8115875563e-17 -4.3207255472e-04
 
Elt 3
 -4.3400565185e-04 9.6657621370e-07 1.5966366327e-16 
 9.6657621370e-07 1.4454375418e-03 1.0214580436e-16 
 1.5966366324e-16 1.0214580436e-16 -4.3400565279e-04
 
Elt 4
 -4.3400565185e-04 -9.6657621371e-07 1.6911904424e-16 
 -9.6657621371e-07 1.4454375418e-03 9.3611562980e-17 
 1.6911904426e-16 9.3611562980e-17 -4.3400565279e-04
 
Elt 1
 -4.6673566925e-04 -1.1302328354e-16 -2.7105054312e-16 
 -1.1302328354e-16 1.5512316754e-03 8.3279584735e-17 
 -2.7105054312e-16 8.3279584735e-17 -4.6673566925e-04
 
Elt 2
 -4.6297763055e-04 1.3222942875e-16 4.0359425871e-17 
 1.3222942875e-16 1.5459268345e-03 3.2628375584e-16 
 4.0386530925e-17 3.2628375584e-16 -4.6297763055e-04
 
Elt 3
 -4.6485659048e-04 9.3950904163e-07 -4.8594545854e-17 
 9.3950904163e-07 1.5485792576e-03 3.1998879352e-16 
 -4.8594545854e-17 3.1998879352e-16 -4.6485659136e-04
 
Elt 4
 -4.6485659048e-04 -9.3950904144e-07 3.3703640570e-16 
 -9.3950904144e-07 1.5485792576e-03 1.2148733866e-16 
 3.3703640564e-16 1.2148733866e-16 -4.6485659136e-04
 
Elt 1
 -4.9738969185e-04 -1.7290484094e-16 -3.2667011457e-16 
 -1.7290484094e-16 1.6540895648e-03 1.4533885858e-16 
 -3.2667011457e-16 1.4533885858e-16 -4.9738969185e-04
 
Elt 2
 -4.9413390301e-04 1.5968937936e-16 -1.1880145305e-16 
 1.5968937936e-16 1.6493247335e-03 2.6508347930e-16 
 -1.1882855810e-16 2.6508347930e-16 -4.9413390301e-04
 
Elt 3
 -4.9576173587e-04 8.1394658370e-07 5.2067592094e-17 
 8.1394658370e-07 1.6517071513e-03 -3.8684131143e-17 
 5.2067592094e-17 -3.8684131143e-17 -4.9576173653e-04
 
Elt 4
 -4.9576173587e-04 -8.1394658377e-07 -3.1764862783e-17 
 -8.1394658377e-07 1.6517071513e-03 -7.0995085951e-17 
 -3.1764862783e-17 -7.0995085951e-17 -4.9576173653e-04
 
Elt 1
 -5.2799627006e-04 -9.8489812977e-17 1.3220490241e-17 
 -9.8489812977e-17 1.7566849619e-03 4.6129165116e-16 
 1.3220490241e-17 4.6129165116e-16 -5.2799627006e-04
 
Elt 2
 -5.2555349705e-04 -3.0641969175e-17 9.2319814987e-17 
 -3.0641969175e-17 1.7529574667e-03 3.2765471975e-16 
 9.2306262460e-17 3.2765471975e-16 -5.2555349705e-04
 
Elt 3
 -5.2677482062e-04 6.1069272272e-07 -1.6141419892e-16 
 6.1069272272e-07 1.7548212157e-03 2.4790521382e-16 
 -1.6141419881e-16 2.4790521382e-16 -5.2677482100e-04
 
Elt 4
 -5.2677482062e-04 -6.1069272278e-07 1.9256499093e-16 
 -6.1069272278e-07 1.7548212157e-03 1.1990140109e-16 
 1.9256499093e-16 1.1990140109e-16 -5.2677482100e-04
 
Elt 1
 -5.5843823250e-04 -3.2582085054e-17 2.6817740736e-16 
 -3.2582085054e-17 1.8590980928e-03 5.6541288646e-16 
 2.6817740736e-16 5.6541288646e-16 -5.5843823250e-04
 
Elt 2
 -5.5702583037e-04 -1.2823935934e-16 -4.7881078442e-17 
 -1.2823935934e-16 1.8567448553e-03 3.1375448485e-16 
 -4.7894630970e-17 3.1375448485e-16 -5.5702583037e-04
 
Elt 3
 -5.5773196778e-04 3.5310019059e-07 9.7198734519e-17 
 3.5310019059e-07 1.8579214746e-03 2.5639776213e-16 
 9.7198734312e-17 2.5639776213e-16 -5.5773196791e-04
 
Elt 4
 -5.5773196778e-04 -3.5310019048e-07 2.2641675032e-16 
 -3.5310019048e-07 1.8579214746e-03 4.7539476004e-16 
 2.2641674991e-16 4.7539476004e-16 -5.5773196791e-04
 
Elt 1
 -5.8877118379e-04 2.0682311541e-16 1.1096809235e-16 
 2.0682311541e-16 1.9614098164e-03 3.9904241295e-16 
 1.1091388225e-16 3.9904241295e-16 -5.8877118379e-04
 
Elt 2
 -5.8849007259e-04 -2.2106036929e-16 -2.6579216258e-16 
 -2.2106036929e-16 1.9606060259e-03 1.3517920509e-16 
 -2.6576505753e-16 1.3517920509e-16 -5.8849007259e-04
 
Elt 3
 -5.8863056432e-04 7.0277724193e-08 1.0587350760e-16 
 7.0277724193e-08 1.9610079212e-03 1.2801180564e-16 
 1.0587351422e-16 1.2801180564e-16 -5.8863056433e-04
 
Elt 4
 -5.8863056432e-04 -7.0277724219e-08 1.1191013581e-17 
 -7.0277724219e-08 1.9610079212e-03 2.2043936270e-16 
 1.1191013167e-17 2.2043936270e-16 -5.8863056433e-04
 
Elt 1
 -6.1915240970e-04 2.3615775649e-16 -1.5872719805e-16 
 2.3615775649e-16 2.0636979187e-03 1.1442244004e-16 
 -1.5878140816e-16 1.1442244004e-16 -6.1915240970e-04
 
Elt 2
 -6.1997831081e-04 -2.1223749176e-16 -9.9692389760e-17 
 -2.1223749176e-16 2.0644632180e-03 -1.6152584529e-16 
 -9.9692389760e-17 -1.6152584529e-16 -6.1997831081e-04
 
Elt 3
 -6.1956529668e-04 -2.0647502983e-07 -2.1003142355e-16 
 -2.0647502983e-07 2.0640805684e-03 -1.5798760918e-16 
 -2.1003142521e-16 -1.5798760918e-16 -6.1956529673e-04
 
Elt 4
 -6.1956529668e-04 2.0647502979e-07 6.2397331094e-17 
 2.0647502979e-07 2.0640805684e-03 -5.7076608388e-17 
 6.2397330681e-17 -5.7076608388e-17 -6.1956529673e-04
 
Elt 1
 -6.4962320292e-04 -2.7354913169e-17 -3.1214180546e-16 
 -2.7354913169e-17 2.1660491813e-03 -6.9155819066e-17 
 -3.1208759535e-16 -6.9155819066e-17 -6.4962320292e-04
 
Elt 2
 -6.5141926932e-04 1.0461830220e-16 1.6756344576e-16 
 1.0461830220e-16 2.1682296336e-03 -2.7052530731e-16 
 1.6756344576e-16 -2.7052530731e-16 -6.5141926932e-04
 
Elt 3
 -6.5052117341e-04 -4.4901600655e-07 -7.2905815581e-17 
 -4.4901600655e-07 2.1671394078e-03 1.0391530486e-16 
 -7.2905815477e-17 1.0391530486e-16 -6.5052117361e-04
 
Elt 4
 -6.5052117341e-04 4.4901600678e-07 6.1531163379e-17 
 4.4901600678e-07 2.1671394078e-03 -2.1335328726e-16 
 6.1531163482e-17 -2.1335328726e-16 -6.5052117361e-04
 
Elt 1
 -6.8017935357e-04 1.4027050814e-17 -1.7828349474e-17 
 1.4027050814e-17 2.2685331514e-03 -5.6546422698e-16 
 -1.7828349474e-17 -5.6546422698e-16 -6.8017935357e-04
 
Elt 2
 -6.8271355989e-04 1.9167372228e-16 3.8467493080e-16 
 1.9167372228e-16 2.2718357469e-03 -4.1965700868e-16 
 3.8472914091e-16 -4.1965700868e-16 -6.8271355989e-04
 
Elt 3
 -6.8144639555e-04 -6.3355066097e-07 1.6143932611e-16 
 -6.3355066097e-07 2.2701844501e-03 -2.4476140773e-16 
 1.6143932611e-16 -2.4476140773e-16 -6.8144639595e-04
 
Elt 4
 -6.8144639555e-04 6.3355066090e-07 1.7349847114e-16 
 6.3355066090e-07 2.2701844501e-03 -3.8363477870e-16 
 1.7349847104e-16 -3.8363477870e-16 -6.8144639595e-04
 
Elt 1
 -7.1087201976e-04 -1.3096833368e-16 2.1412992907e-16 
 -1.3096833368e-16 2.3712006006e-03 -5.3740194975e-16 
 2.1412992907e-16 -5.3740194975e-16 -7.1087201976e-04
 
Elt 2
 -7.1384545871e-04 9.8207357346e-17 2.6996634095e-17 
 9.8207357346e-17 2.3752307727e-03 -4.2284760617e-16 
 2.7023739149e-17 -4.2284760617e-16 -7.1384545871e-04
 
Elt 3
 -7.1235868037e-04 -7.4335855919e-07 1.0589377169e-16 
 -7.4335855919e-07 2.3732156881e-03 -2.6119325627e-16 
 1.0589377169e-16 -2.6119325627e-16 -7.1235868092e-04
 
Elt 4
 -7.1235868037e-04 7.4335855934e-07 2.0518499665e-16 
 7.4335855934e-07 2.3732156881e-03 -1.5297828693e-16 
 2.0518499654e-16 -1.5297828693e-16 -7.1235868092e-04
 
Elt 1
 -7.4174372923e-04 -2.4262930875e-16 1.3438685928e-16 
 -2.4262930875e-16 2.4740817719e-03 -4.4036120274e-16 
 1.3444106939e-16 -4.4036120274e-16 -7.4174372923e-04
 
Elt 2
 -7.4482572828e-04 -4.9960371547e-17 -2.7777259659e-16 
 -4.9960371547e-17 2.4783844865e-03 -2.4246956836e-16 
 -2.7777259659e-16 -2.4246956836e-16 -7.4482572828e-04
 
Elt 3
 -7.4328467302e-04 -7.7049842946e-07 -1.9096120458e-16 
 -7.7049842946e-07 2.4762331309e-03 -2.8882788886e-16 
 -1.9096120468e-16 -2.8882788886e-16 -7.4328467362e-04
 
Elt 4
 -7.4328467302e-04 7.7049842950e-07 2.1039941528e-16 
 7.7049842950e-07 2.4762331309e-03 -2.9512337990e-17 
 2.1039941528e-16 -2.9512337990e-17 -7.4328467362e-04
 
Elt 1
 -7.7277777896e-04 -3.6608205209e-16 1.7482760031e-17 
 -3.6608205209e-16 2.5771801993e-03 -1.8382534086e-16 
 1.7489536295e-17 -1.8382534086e-16 -7.7277777896e-04
 
Elt 2
 -7.7564124543e-04 -2.2944301114e-17 -3.8776490699e-16 
 -2.2944301114e-17 2.5812933511e-03 1.2162188291e-16 
 -3.8781911710e-16 1.2162188291e-16 -7.7564124543e-04
 
Elt 3
 -7.7420946039e-04 -7.1586527562e-07 4.3401821878e-17 
 -7.1586527562e-07 2.5792367768e-03 -4.5276116381e-17 
 4.3401821878e-17 -4.5276116381e-17 -7.7420946090e-04
 
Elt 4
 -7.7420946039e-04 7.1586527528e-07 -7.3007233727e-17 
 7.1586527528e-07 2.5792367768e-03 1.8561938776e-16 
 -7.3007233675e-17 1.8561938776e-16 -7.7420946090e-04
 
Elt 1
 -8.0394267635e-04 -4.0870705526e-16 -1.9683690441e-16 
 -4.0870705526e-16 2.6804754522e-03 7.2687057778e-17 
 -1.9683690441e-16 7.2687057778e-17 -8.0394267635e-04
 
Elt 2
 -8.0629820635e-04 -3.5202105372e-16 1.5802246664e-16 
 -3.5202105372e-16 2.6839778029e-03 9.6965675215e-17 
 1.5802246664e-16 9.6965675215e-17 -8.0629820635e-04
 
Elt 3
 -8.0512039415e-04 -5.8888130599e-07 3.9930666391e-17 
 -5.8888130599e-07 2.6822266287e-03 1.1733403974e-16 
 3.9930666288e-17 1.1733403974e-16 -8.0512039450e-04
 
Elt 4
 -8.0512039415e-04 5.8888130564e-07 1.4443935299e-16 
 5.8888130564e-07 2.6822266287e-03 -1.7855422302e-16 
 1.4443935319e-16 -1.7855422302e-16 -8.0512039450e-04
 
Elt 1
 -8.3521605907e-04 -4.1426747990e-16 -9.5572421505e-17 
 -4.1426747990e-16 2.7839263783e-03 2.3222704188e-16 
 -9.5518211396e-17 2.3222704188e-16 -8.3521605907e-04
 
Elt 2
 -8.3684062468e-04 -5.2547821605e-16 4.3292192747e-16 
 -5.2547821605e-16 2.7864790090e-03 1.5066384953e-16 
 4.3297613758e-16 1.5066384953e-16 -8.3684062468e-04
 
Elt 3
 -8.3602829981e-04 -4.0614051700e-07 3.9931894009e-17 
 -4.0614051700e-07 2.7852026943e-03 1.6406921752e-16 
 3.9931893906e-17 1.6406921752e-16 -8.3602829998e-04
 
Elt 4
 -8.3602829981e-04 4.0614051657e-07 2.6510761258e-16 
 4.0614051657e-07 2.7852026943e-03 5.3821179909e-17 
 2.6510761258e-16 5.3821179909e-17 -8.3602829998e-04
 
Elt 1
 -8.6655997271e-04 6.5083728197e-17 4.7948841078e-17 
 6.5083728197e-17 2.8874755612e-03 8.2233272990e-16 
 4.7948841078e-17 8.2233272990e-16 -8.6655997271e-04
 
Elt 2
 -8.6731709032e-04 -2.7956203085e-16 1.6658766380e-16 
 -2.7956203085e-16 2.8888544158e-03 1.4870977463e-16 
 1.6658766380e-16 1.4870977463e-16 -8.6731709032e-04
 
Elt 3
 -8.6693849496e-04 -1.8927895706e-07 -6.5976487703e-17 
 -1.8927895706e-07 2.8881649887e-03 4.5901531956e-16 
 -6.5976488530e-17 4.5901531956e-16 -8.6693849499e-04
 
Elt 4
 -8.6693849496e-04 1.8927895717e-07 9.6700983503e-17 
 1.8927895717e-07 2.8881649887e-03 2.0661063039e-16 
 9.6700983503e-17 2.0661063039e-16 -8.6693849499e-04
 
Elt 1
 -8.9791875402e-04 2.8281334949e-16 3.5473739831e-17 
 2.8281334949e-16 2.9910565249e-03 7.1794232472e-16 
 3.5466963567e-17 7.1794232472e-16 -8.9791875402e-04
 
Elt 2
 -8.9776892549e-04 -2.0616360636e-17 -2.5543803184e-16 
 -2.0616360636e-17 2.9911704881e-03 -8.2526025751e-17 
 -2.5532961162e-16 -8.2526025751e-17 -8.9776892549e-04
 
Elt 3
 -8.9784380896e-04 3.7457038220e-08 -3.6457694575e-17 
 3.7457038220e-08 2.9911135065e-03 -1.2419933605e-16 
 -3.6457694575e-17 -1.2419933605e-16 -8.9784380896e-04
 
Elt 4
 -8.9784380896e-04 -3.7457038222e-08 -1.2422894435e-16 
 -3.7457038222e-08 2.9911135065e-03 2.1733117484e-16 
 -1.2422889141e-16 2.1733117484e-16 -8.9784380896e-04
 
Elt 1
 -9.2924226447e-04 1.9128968177e-16 1.5823930707e-16 
 1.9128968177e-16 3.0946010310e-03 5.7248671732e-16 
 1.5829351718e-16 5.7248671732e-16 -9.2924226447e-04
 
Elt 2
 -9.2824275985e-04 1.0992092266e-16 -3.8857805862e-16 
 1.0992092266e-16 3.0934954780e-03 -8.9004634763e-17 
 -3.8852384851e-16 -8.9004634763e-17 -9.2824275985e-04
 
Elt 3
 -9.2874248734e-04 2.4987548259e-07 -2.4308681667e-17 
 2.4987548259e-07 3.0940482546e-03 5.6326455251e-17 
 -2.4308681667e-17 5.6326455251e-17 -9.2874248740e-04
 
Elt 4
 -9.2874248734e-04 -2.4987548249e-07 1.5096711531e-16 
 -2.4987548249e-07 3.0940482546e-03 1.4268586835e-16 
 1.5096711862e-16 1.4268586835e-16 -9.2874248740e-04
 
Elt 1
 -9.6049174935e-04 2.8335378005e-16 6.5119892985e-17 
 2.8335378005e-16 3.1980461682e-03 1.7686499821e-16 
 6.5119892985e-17 1.7686499821e-16 -9.6049174935e-04
 
Elt 2
 -9.5878622981e-04 3.8509155455e-16 1.0050554139e-16 
 3.8509155455e-16 3.1958922982e-03 1.1084625593e-16 
 1.0045133128e-16 1.1084625593e-16 -9.5878622981e-04
 
Elt 3
 -9.5963897091e-04 4.2637865777e-07 2.9518585543e-17 
 4.2637865777e-07 3.1969692336e-03 1.5977931580e-16 
 2.9518585543e-17 1.5977931580e-16 -9.5963897110e-04
 
Elt 4
 -9.5963897092e-04 -4.2637865739e-07 3.0854917295e-16 
 -4.2637865739e-07 3.1969692336e-03 2.4274816870e-16 
 3.0854917378e-16 2.4274816870e-16 -9.5963897110e-04
 
Elt 1
 -9.9163366272e-04 1.5472328208e-16 2.7105054306e-20 
 1.5472328208e-16 3.3013408361e-03 -2.0491695226e-16 
 2.7105054306e-20 -2.0491695226e-16 -9.9163366272e-04
 
Elt 2
 -9.8943327800e-04 4.3322775307e-16 3.7486290114e-16 
 4.3322775307e-16 3.2984120498e-03 2.9709197268e-16 
 3.7486290114e-16 2.9709197268e-16 -9.8943327800e-04
 
Elt 3
 -9.9053345806e-04 5.5009449136e-07 2.7783157130e-17 
 5.5009449136e-07 3.2998764437e-03 1.5801704436e-16 
 2.7783157182e-17 1.5801704436e-16 -9.9053345836e-04
 
Elt 4
 -9.9053345806e-04 -5.5009449088e-07 0.0000000000e+00 
 -5.5009449088e-07 3.2998764437e-03 0.0000000000e+00 
 0.0000000000e+00 0.0000000000e+00 -9.9053345836e-04
 
Elt 1
 -1.0226442510e-03 -1.6012054016e-16 -2.3754869599e-16 
 -1.6012054016e-16 3.4044505332e-03 -7.0831561833e-16 
 -2.3760290610e-16 -7.0831561833e-16 -1.0226442510e-03
 
Elt 2
 -1.0202024823e-03 2.2094240015e-16 2.6389480878e-16 
 2.2094240015e-16 3.4010892482e-03 1.6027569761e-20 
 2.6384059867e-16 1.6027569761e-20 -1.0202024823e-03
 
Elt 3
 -1.0214233609e-03 6.1044018732e-07 -1.5107528710e-16 
 6.1044018732e-07 3.4027698917e-03 2.3043909579e-18 
 -1.5107528710e-16 2.3043909579e-18 -1.0214233613e-03
 
Elt 4
 -1.0214233609e-03 -6.1044018744e-07 6.7629335790e-17 
 -6.1044018744e-07 3.4027698917e-03 -2.7991223235e-16 
 6.7629335790e-17 -2.7991223235e-16 -1.0214233613e-03
 
Elt 1
 -1.0535169517e-03 -2.3365504406e-16 -1.4278942612e-16 
 -2.3365504406e-16 3.5073602137e-03 -5.5488093596e-16 
 -1.4268100590e-16 -5.5488093596e-16 -1.0535169517e-03
 
Elt 2
 -1.0511011352e-03 -6.4442460079e-17 -2.9251774614e-16 
 -6.4442460079e-17 3.5039389304e-03 6.8518663174e-17 
 -2.9251774614e-16 6.8518663174e-17 -1.0511011352e-03
 
Elt 3
 -1.0523090444e-03 6.0395203143e-07 -1.4413375712e-16 
 6.0395203143e-07 3.5056495731e-03 -1.2939861928e-16 
 -1.4413375712e-16 -1.2939861928e-16 -1.0523090448e-03
 
Elt 4
 -1.0523090444e-03 -6.0395203173e-07 1.4968300267e-16 
 -6.0395203173e-07 3.5056495731e-03 -6.9114193403e-17 
 1.4968300309e-16 -6.9114193403e-17 -1.0523090448e-03
 
Elt 1
 -1.0842605805e-03 3.2128127047e-18 1.3156793363e-16 
 3.2128127047e-18 3.6100750822e-03 -4.3324424939e-16 
 1.3162214374e-16 -4.3324424939e-16 -1.0842605805e-03
 
Elt 2
 -1.0821232529e-03 1.3044683713e-16 -3.8890331927e-16 
 1.3044683713e-16 3.6069559115e-03 -2.2315342113e-16 
 -3.8901173949e-16 -2.2315342113e-16 -1.0821232529e-03
 
Elt 3
 -1.0831919244e-03 5.3432994572e-07 7.1200607294e-17 
 5.3432994572e-07 3.6085154978e-03 -1.0139353429e-16 
 7.1200607294e-17 -1.0139353429e-16 -1.0831919247e-03
 
Elt 4
 -1.0831919244e-03 -5.3432994517e-07 2.0786343988e-16 
 -5.3432994517e-07 3.6085154978e-03 7.9428383285e-17 
 2.0786344030e-16 7.9428383285e-17 -1.0831919247e-03
 
Elt 1
 -1.1148949853e-03 -1.2433656105e-16 2.7040002182e-16 
 -1.2433656105e-16 3.7126190892e-03 -2.9472743867e-16 
 2.7050844204e-16 -2.9472743867e-16 -1.1148949853e-03
 
Elt 2
 -1.1132480372e-03 -3.2233334654e-16 2.3933762958e-17 
 -3.2233334654e-16 3.7101162343e-03 -6.2120194450e-16 
 2.3933762958e-17 -6.2120194450e-16 -1.1132480372e-03
 
Elt 3
 -1.1140715257e-03 4.1173543271e-07 8.5096014005e-17 
 4.1173543271e-07 3.7113676623e-03 -3.4004877229e-16 
 8.5096014419e-17 -3.4004877229e-16 -1.1140715259e-03
 
Elt 4
 -1.1140715257e-03 -4.1173543334e-07 1.0974881290e-16 
 -4.1173543334e-07 3.7113676623e-03 -2.0338869181e-16 
 1.0974881331e-16 -2.0338869181e-16 -1.1140715259e-03
 
Elt 1
 -1.1454499837e-03 -1.7482146126e-16 1.8702487475e-16 
 -1.7482146126e-16 3.8150316631e-03 1.0490409946e-16 
 1.8697066465e-16 1.0490409946e-16 -1.1454499837e-03
 
Elt 2
 -1.1444442283e-03 -3.6841683910e-16 2.4307812707e-16 
 -3.6841683910e-16 3.8133805035e-03 -5.8980385258e-16 
 2.4318654729e-16 -5.8980385258e-16 -1.1444442283e-03
 
Elt 3
 -1.1449471269e-03 2.5143782670e-07 -1.4588326025e-16 
 2.5143782670e-07 3.8142060836e-03 -1.4543370071e-17 
 -1.4588325694e-16 -1.4543370071e-17 -1.1449471270e-03
 
Elt 4
 -1.1449471269e-03 -2.5143782713e-07 3.6331246780e-16 
 -2.5143782713e-07 3.8142060836e-03 -1.0941224121e-16 
 3.6331246780e-16 -1.0941224121e-16 -1.1449471270e-03
 
Elt 1
 -1.1759630768e-03 3.6204222616e-18 -3.9280644709e-16 
 3.6204222616e-18 3.9173628326e-03 3.6471833924e-16 
 -3.9280644709e-16 3.6471833924e-16 -1.1759630768e-03
 
Elt 2
 -1.1756751320e-03 -3.7329275709e-16 2.4947491989e-16 
 -3.7329275709e-16 3.9166986888e-03 -4.7244464327e-16 
 2.4952913000e-16 -4.7244464327e-16 -1.1756751320e-03
 
Elt 3
 -1.1758191315e-03 7.1985887221e-08 6.5997501108e-17 
 7.1985887221e-08 3.9170307607e-03 5.0150371700e-17 
 6.5997501108e-17 5.0150371700e-17 -1.1758191315e-03
 
Elt 4
 -1.1758191315e-03 -7.1985887386e-08 5.1150952323e-18 
 -7.1985887386e-08 3.9170307607e-03 -1.4241406461e-16 
 5.1150952323e-18 -1.4241406461e-16 -1.1758191315e-03
 
Elt 1
 -1.2064740832e-03 1.2230515805e-16 -3.1702071523e-16 
 1.2230515805e-16 4.0196675185e-03 2.6438606920e-16 
 -3.1691229502e-16 2.6438606920e-16 -1.2064740832e-03
 
Elt 2
 -1.2069016193e-03 -2.3234534270e-16 -5.1391182976e-17 
 -2.3234534270e-16 4.0200158844e-03 -2.3774906366e-16 
 -5.1336972867e-17 -2.3774906366e-16 -1.2069016193e-03
 
Elt 3
 -1.2066878841e-03 -1.0688352117e-07 -6.7734486646e-17 
 -1.0688352117e-07 4.0198417014e-03 1.4524231093e-16 
 -6.7734486646e-17 1.4524231093e-16 -1.2066878841e-03
 
Elt 4
 -1.2066878841e-03 1.0688352105e-07 1.3320342641e-16 
 1.0688352105e-07 4.0198417014e-03 -1.5703738841e-17 
 1.3320342641e-16 -1.5703738841e-17 -1.2066878841e-03
 
Elt 1
 -1.2370202958e-03 -1.9617047602e-16 2.0372158821e-16 
 -1.9617047602e-16 4.1219995675e-03 -1.2916991368e-16 
 2.0366737810e-16 -1.2916991368e-16 -1.2370202958e-03
 
Elt 2
 -1.2380858034e-03 -4.8721247532e-16 -5.7259427234e-17 
 -4.8721247532e-16 4.1232782363e-03 2.0598599342e-16 
 -5.7232322180e-17 2.0598599342e-16 -1.2380858034e-03
 
Elt 3
 -1.2375530877e-03 -2.6637563069e-07 -2.0842416761e-17 
 -2.6637563069e-07 4.1226389020e-03 -9.0803833714e-17 
 -2.0842417175e-17 -9.0803833714e-17 -1.2375530878e-03
 
Elt 4
 -1.2375530877e-03 2.6637562956e-07 2.5956732989e-16 
 2.6637562956e-07 4.1226389020e-03 5.5282439064e-17 
 2.5956732659e-16 5.5282439064e-17 -1.2375530878e-03
 
Elt 1
 -1.2676334192e-03 3.3930129596e-16 5.3299378799e-16 
 3.3930129596e-16 4.2244061319e-03 -8.3799736673e-17 
 5.3310220821e-16 -8.3799736673e-17 -1.2676334192e-03
 
Elt 2
 -1.2691957051e-03 1.2452600549e-16 -1.0256552552e-16 
 1.2452600549e-16 4.2264386090e-03 8.6808336416e-16 
 -1.0256552552e-16 8.6808336416e-16 -1.2691957051e-03
 
Elt 3
 -1.2684146051e-03 -3.9056950033e-07 1.2158328938e-17 
 -3.9056950033e-07 4.2254223708e-03 2.0652693646e-16 
 1.2158328938e-17 2.0652693646e-16 -1.2684146052e-03
 
Elt 4
 -1.2684146051e-03 3.9056950085e-07 1.6578115463e-16 
 3.9056950085e-07 4.2254223708e-03 4.2233709295e-16 
 1.6578115132e-16 4.2233709294e-16 -1.2684146052e-03
 
Elt 1
 -1.2983366425e-03 2.6281172189e-16 9.9692389760e-17 
 2.6281172189e-16 4.3269229938e-03 -4.3870894975e-16 
 9.9692389760e-17 -4.3870894975e-16 -1.2983366425e-03
 
Elt 2
 -1.3002085276e-03 3.1384964268e-16 -1.1221492485e-16 
 3.1384964268e-16 4.3294612138e-03 7.2847674333e-16 
 -1.1226913496e-16 7.2847674333e-16 -1.3002085276e-03
 
Elt 3
 -1.2992726323e-03 -4.6796879875e-07 2.4317662999e-17 
 -4.6796879875e-07 4.3281921044e-03 -1.6614036307e-16 
 2.4317662895e-17 -1.6614036307e-16 -1.2992726325e-03
 
Elt 4
 -1.2992726323e-03 4.6796879916e-07 -6.6535417701e-17 
 4.6796879916e-07 4.3281921044e-03 -2.8943615569e-17 
 -6.6535417701e-17 -2.8943615569e-17 -1.2992726325e-03
 
Elt 1
 -1.3291421239e-03 -1.7786584110e-16 -4.4398078963e-16 
 -1.7786584110e-16 4.4295713095e-03 -1.9829167748e-16 
 -4.4398078963e-16 -1.9829167748e-16 -1.3291421239e-03
 
Elt 2
 -1.3311122000e-03 3.6405584972e-16 2.7335447274e-17 
 3.6405584972e-16 4.4323249112e-03 5.4010492414e-16 
 2.7335447274e-17 5.4010492414e-16 -1.3311122000e-03
 
Elt 3
 -1.3301272130e-03 -4.9251629672e-07 -9.2062947800e-17 
 -4.9251629672e-07 4.4309481111e-03 3.0919174682e-16 
 -9.2062947800e-17 3.0919174682e-16 -1.3301272133e-03
 
Elt 4
 -1.3301272130e-03 4.9251629642e-07 5.8528287385e-17 
 4.9251629642e-07 4.4309481111e-03 3.8214472634e-17 
 5.8528287385e-17 3.8214472635e-17 -1.3301272133e-03
 
Elt 1
 -1.3600501781e-03 8.3755289124e-17 -3.7339922820e-16 
 8.3755289124e-17 4.5323559932e-03 3.3565690433e-20 
 -3.7339922820e-16 3.3565690433e-20 -1.3600501781e-03
 
Elt 2
 -1.3619061576e-03 5.2580255877e-16 4.6349642874e-17 
 5.2580255877e-16 4.5350247818e-03 1.2150167460e-16 
 4.6376747928e-17 1.2150167460e-16 -1.3619061576e-03
 
Elt 3
 -1.3609782222e-03 -4.6399217869e-07 -1.3201844320e-16 
 -4.6399217869e-07 4.5336903881e-03 1.3288802448e-16 
 -1.3201844485e-16 1.3288802448e-16 -1.3609782225e-03
 
Elt 4
 -1.3609782222e-03 4.6399217904e-07 2.0314207300e-16 
 4.6399217904e-07 4.5336903881e-03 1.2159437341e-17 
 2.0314207466e-16 1.2159437341e-17 -1.3609782225e-03
 
Elt 1
 -1.3910500356e-03 3.7611910194e-16 0.0000000000e+00 
 3.7611910194e-16 4.6352659327e-03 0.0000000000e+00 
 0.0000000000e+00 0.0000000000e+00 -1.3910500356e-03
 
Elt 2
 -1.3926011756e-03 8.3491486650e-16 2.4351180794e-16 
 8.3491486650e-16 4.6375719501e-03 -3.0207342389e-16 
 2.4340338772e-16 -3.0207342389e-16 -1.3926011756e-03
 
Elt 3
 -1.3918256628e-03 -3.8778266936e-07 1.6676509055e-16 
 -3.8778266936e-07 4.6364189419e-03 -7.4886717752e-17 
 1.6676508889e-16 -7.4886717752e-17 -1.3918256629e-03
 
Elt 4
 -1.3918256628e-03 3.8778267030e-07 6.7217174736e-17 
 3.8778267030e-07 4.6364189419e-03 -2.1651473924e-16 
 6.7217176390e-17 -2.1651473924e-16 -1.3918256629e-03
 
Elt 1
 -1.4221214100e-03 4.1081553366e-17 3.6309930757e-16 
 4.1081553366e-17 4.7382758341e-03 9.4572762259e-17 
 3.6309930757e-16 9.4572762259e-17 -1.4221214100e-03
 
Elt 2
 -1.4232176746e-03 2.6972585233e-16 -1.0484235008e-16 
 2.6972585233e-16 4.7399917159e-03 -6.4373637024e-16 
 -1.0484235008e-16 -6.4373637024e-16 -1.4232176746e-03
 
Elt 3
 -1.4226696016e-03 -2.7406441178e-07 -7.2962259658e-17 
 -2.7406441178e-07 4.7391337753e-03 -2.2431181330e-16 
 -7.2962259658e-17 -2.2431181330e-16 -1.4226696017e-03
 
Elt 4
 -1.4226696016e-03 2.7406441210e-07 2.8132902314e-16 
 2.7406441210e-07 4.7391337753e-03 6.9486508144e-18 
 2.8132902314e-16 6.9486508146e-18 -1.4226696017e-03
 
Elt 1
 -1.4532369173e-03 -1.6881430843e-17 1.0088501215e-16 
 -1.6881430843e-17 4.8413495322e-03 -4.7826435296e-17 
 1.0083080204e-16 -4.7826435296e-17 -1.4532369173e-03
 
Elt 2
 -1.4537830104e-03 -2.4230889649e-16 -2.3245294578e-16 
 -2.4230889649e-16 4.8423202696e-03 -5.4291768476e-16 
 -2.3245294578e-16 -5.4291768476e-16 -1.4537830104e-03
 
Elt 3
 -1.4535100245e-03 -1.3652235543e-07 2.0847184406e-17 
 -1.3652235543e-07 4.8418349010e-03 -2.8186452983e-16 
 2.0847184406e-17 -2.8186452983e-16 -1.4535100245e-03
 
Elt 4
 -1.4535100245e-03 1.3652235461e-07 1.0934950880e-16 
 1.3652235461e-07 4.8418349010e-03 -2.9533007055e-17 
 1.0934949556e-16 -2.9533007055e-17 -1.4535100245e-03
 
Elt 1
 -1.4843653336e-03 6.4275111447e-16 -2.2193618471e-16 
 6.4275111447e-16 4.9444442219e-03 8.0718575996e-17 
 -2.2193618471e-16 8.0718575996e-17 -1.4843653336e-03
 
Elt 2
 -1.4843283398e-03 -4.7951859867e-17 -1.6555767174e-16 
 -4.7951859867e-17 4.9446004118e-03 -4.7165560639e-16 
 -1.6555767174e-16 -4.7165560639e-16 -1.4843283398e-03
 
Elt 3
 -1.4843468980e-03 9.2483779878e-09 -6.3530112032e-17 
 9.2483779878e-09 4.9445223169e-03 -9.0281309969e-17 
 -6.3530959065e-17 -9.0281309967e-17 -1.4843468980e-03
 
Elt 4
 -1.4843468980e-03 -9.2483769842e-09 3.4264830270e-17 
 -9.2483769842e-09 4.9445223169e-03 -2.0785119352e-16 
 3.4264830270e-17 -2.0785119352e-16 -1.4843468980e-03
 
Elt 1
 -1.5154751246e-03 6.6733432980e-17 -1.8702487475e-16 
 6.6733432980e-17 5.0475153108e-03 -1.4225151316e-16 
 -1.8713329497e-16 -1.4225151316e-16 -1.5154751246e-03
 
Elt 2
 -1.5148852297e-03 -7.0285664066e-16 1.4127154307e-16 
 -7.0285664066e-16 5.0468767487e-03 -1.9627503752e-16 
 1.4127154307e-16 -1.9627503752e-16 -1.5148852297e-03
 
Elt 3
 -1.5151802384e-03 1.4747266520e-07 9.7293178057e-17 
 1.4747266520e-07 5.0471960298e-03 -2.1545949630e-18 
 9.7293171440e-17 -2.1545949630e-18 -1.5151802384e-03
 
Elt 4
 -1.5151802384e-03 -1.4747266583e-07 0.0000000000e+00 
 -1.4747266583e-07 5.0471960298e-03 0.0000000000e+00 
 0.0000000000e+00 0.0000000000e+00 -1.5151802384e-03
 
Elt 1
 -1.5465377464e-03 -3.0103212755e-16 1.4867122290e-17 
 -3.0103212755e-16 5.1505212002e-03 -2.2210783513e-16 
 1.4867122290e-17 -2.2210783513e-16 -1.5465377464e-03
 
Elt 2
 -1.5454822608e-03 -8.5319436503e-16 3.8174758493e-16 
 -8.5319436503e-16 5.1491908777e-03 1.3232452218e-16 
 3.8163916471e-16 1.3232452218e-16 -1.5454822608e-03
 
Elt 3
 -1.5460100640e-03 2.6386940592e-07 -1.3551745616e-16 
 2.6386940592e-07 5.1498560391e-03 1.6179689696e-16 
 -1.3551745946e-16 1.6179689696e-16 -1.5460100641e-03
 
Elt 4
 -1.5460100640e-03 -2.6386940676e-07 1.6148045199e-16 
 -2.6386940676e-07 5.1498560391e-03 -1.2509235524e-16 
 1.6148045199e-16 -1.2509235524e-16 -1.5460100641e-03
 
Elt 1
 -1.5775305012e-03 -1.1100413264e-16 1.3422422895e-16 
 -1.1100413264e-16 5.2534275528e-03 -3.9314751690e-16 
 1.3422422895e-16 -3.9314751690e-16 -1.5775305012e-03
 
Elt 2
 -1.5761421101e-03 -3.3958614193e-16 -1.1774435593e-16 
 -3.3958614193e-16 5.2515771434e-03 4.8773289822e-16 
 -1.1779856604e-16 4.8773289822e-16 -1.5761421101e-03
 
Elt 3
 -1.5768363646e-03 3.4709507165e-07 1.7548396284e-16 
 3.4709507165e-07 5.2525023484e-03 -1.4768104870e-16 
 1.7548396284e-16 -1.4768104870e-16 -1.5768363647e-03
 
Elt 4
 -1.5768363646e-03 -3.4709507190e-07 1.1109887996e-16 
 -3.4709507190e-07 5.2525023484e-03 1.6158265679e-16 
 1.1109887996e-16 1.6158265679e-16 -1.5768363647e-03
 
Elt 1
 -1.6084387106e-03 1.2712006687e-17 -1.1801049593e-31 
 1.2712006687e-17 5.3562106169e-03 -8.3844880791e-17 
 -1.1801049593e-31 -8.3844880791e-17 -1.6084387106e-03
 
Elt 2
 -1.6068794364e-03 1.7696472662e-16 -3.9475801100e-16 
 1.7696472662e-16 5.3540593055e-03 7.1365251119e-16 
 -3.9475801100e-16 7.1365251119e-16 -1.6068794364e-03
 
Elt 3
 -1.6076591303e-03 3.8981541301e-07 5.2125659753e-17 
 3.8981541301e-07 5.3551349616e-03 1.9957351784e-16 
 5.2125659753e-17 1.9957351784e-16 -1.6076591304e-03
 
Elt 4
 -1.6076591303e-03 -3.8981541242e-07 2.7746907480e-16 
 -3.8981541242e-07 5.3551349616e-03 2.9691980643e-16 
 2.7746907480e-16 2.9691980643e-16 -1.6076591304e-03
 
Elt 1
 -1.6392569363e-03 -8.6616156775e-16 -1.3091741233e-17 
 -8.6616156775e-16 5.4588592699e-03 1.3072643559e-16 
 -1.3091741233e-17 1.3072643559e-16 -1.6392569363e-03
 
Elt 2
 -1.6376996982e-03 -6.7951246669e-17 -3.1344284807e-16 
 -6.7951246669e-17 5.4566484857e-03 5.0436979750e-16 
 -3.1344284807e-16 5.0436979750e-16 -1.6376996982e-03
 
Elt 3
 -1.6384783713e-03 3.8930625178e-07 -1.4595597212e-16 
 3.8930625178e-07 5.4577538782e-03 6.7422747032e-17 
 -1.4595597377e-16 6.7422747032e-17 -1.6384783715e-03
 
Elt 4
 -1.6384783713e-03 -3.8930625302e-07 1.5367576205e-16 
 -3.8930625302e-07 5.4577538782e-03 3.4875686145e-16 
 1.5367576205e-16 3.4875686145e-16 -1.6384783715e-03
 
Elt 1
 -1.6699891270e-03 -4.0214339567e-16 -5.3884847973e-17 
 -4.0214339567e-16 5.5613756784e-03 4.7511501299e-16 
 -5.3776427755e-17 4.7511501299e-16 -1.6699891270e-03
 
Elt 2
 -1.6685989511e-03 5.7729076688e-16 3.2352592827e-16 
 5.7729076688e-16 5.5593425314e-03 1.5195462585e-16 
 3.2352592827e-16 1.5195462585e-16 -1.6685989511e-03
 
Elt 3
 -1.6692940898e-03 3.4754093996e-07 1.3901078787e-17 
 3.4754093996e-07 5.5603591053e-03 2.9325641538e-16 
 1.3901078787e-17 2.9325641538e-16 -1.6692940900e-03
 
Elt 4
 -1.6692940898e-03 -3.4754093964e-07 0.0000000000e+00 
 -3.4754093964e-07 5.5603591053e-03 0.0000000000e+00 
 0.0000000000e+00 0.0000000000e+00 -1.6692940900e-03
 
Elt 1
 -1.7006477930e-03 2.6241996014e-16 -3.9004173155e-17 
 2.6241996014e-16 5.6637744635e-03 4.7538303412e-16 
 -3.8977068101e-17 4.7538303412e-16 -1.7006477930e-03
 
Elt 2
 -1.6995646712e-03 7.1617069235e-16 3.8716859579e-16 
 7.1617069235e-16 5.6621268198e-03 -1.7802009897e-16 
 3.8706017558e-16 -1.7802009897e-16 -1.6995646712e-03
 
Elt 3
 -1.7001062791e-03 2.7077802266e-07 -3.3015598148e-17 
 2.7077802266e-07 5.6629506419e-03 7.7237334741e-17 
 -3.3015598148e-17 7.7237334741e-17 -1.7001062792e-03
 
Elt 4
 -1.7001062791e-03 -2.7077802149e-07 2.1320065932e-16 
 -2.7077802149e-07 5.6629506419e-03 -1.2439756809e-16 
 2.1320066594e-16 -1.2439756809e-16 -1.7001062792e-03
 
Elt 1
 -1.7312523232e-03 -3.1778563207e-17 -1.5569143197e-16 
 -3.1778563207e-17 5.7660806569e-03 3.5101847907e-16 
 -1.5569143197e-16 3.5101847907e-16 -1.7312523232e-03
 
Elt 2
 -1.7305774725e-03 -1.2880697573e-17 5.8546917314e-17 
 -1.2880697573e-17 5.7649763417e-03 -4.5697857041e-16 
 5.8546917314e-17 -4.5697857041e-16 -1.7305774725e-03
 
Elt 3
 -1.7309149405e-03 1.6871108375e-07 1.3728162572e-16 
 1.6871108375e-07 5.7655284994e-03 9.8150215771e-17 
 1.3728162572e-16 9.8150215771e-17 -1.7309149406e-03
 
Elt 4
 -1.7309149405e-03 -1.6871108417e-07 3.6265464546e-16 
 -1.6871108417e-07 5.7655284994e-03 1.3224721427e-18 
 3.6265467193e-16 1.3224721427e-18 -1.7309149406e-03
 
Elt 1
 -1.7618266245e-03 2.8720891641e-16 1.4399893033e-30 
 2.8720891641e-16 5.8683265612e-03 4.9782626199e-17 
 1.4399893033e-30 4.9782626199e-17 -1.7618266245e-03
 
Elt 2
 -1.7616134505e-03 -3.5063490126e-17 -4.9797405782e-16 
 -3.5063490126e-17 5.8678587990e-03 -2.8202301601e-16 
 -4.9819089826e-16 -2.8202301601e-16 -1.7616134505e-03
 
Elt 3
 -1.7617200753e-03 5.3292981568e-08 0.0000000000e+00 
