Elt 1
 0.0000000000e+00 0.0000000000e+00 0.0000000000e+00 
 0.0000000000e+00 0.0000000000e+00 0.0000000000e+00 
 0.0000000000e+00 0.0000000000e+00 0.0000000000e+00
 
Elt 2
 0.0000000000e+00 0.0000000000e+00 0.0000000000e+00 
 0.0000000000e+00 0.0000000000e+00 0.0000000000e+00 
 0.0000000000e+00 0.0000000000e+00 0.0000000000e+00
 
Elt 1
 0.0000000000e+00 0.0000000000e+00 0.0000000000e+00 
 0.0000000000e+00 0.0000000000e+00 0.0000000000e+00 
 0.0000000000e+00 0.0000000000e+00 0.0000000000e+00
 
Elt 2
 -1.8242684906e-16 -8.6456848471e-17 1.1891555708e-16 
 -8.6456848471e-17 -3.9667047532e-16 1.4210737466e-16 
 1.1891555708e-16 1.4210737466e-16 -3.0908109532e-16
 
Elt 1
 -3.0672758716e-05 -1.1243264857e-16 0.0000000000e+00 
 -1.1243264857e-16 4.3563469111e-04 0.0000000000e+00 
 0.0000000000e+00 0.0000000000e+00 -3.0672758716e-05
 
Elt 2
 -3.0672758716e-05 1.7177673535e-17 8.6773443249e-17 
 1.7177673535e-17 4.3563469111e-04 1.5962343105e-16 
 8.6773443249e-17 1.5962343105e-16 -3.0672758716e-05
 
Elt 1
 -1.8225819712e-04 -3.5529498981e-17 0.0000000000e+00 
 -3.5529498981e-17 8.7105937293e-04 0.0000000000e+00 
 0.0000000000e+00 0.0000000000e+00 -1.8225819712e-04
 
Elt 2
 -1.8225819712e-04 1.6628564920e-17 -5.0252770695e-17 
 1.6628564920e-17 8.7105937293e-04 7.6465058721e-17 
 -5.0256158826e-17 7.6465058721e-17 -1.8225819712e-04
 
Elt 1
 -4.2085083176e-04 3.7652568191e-17 0.0000000000e+00 
 3.7652568191e-17 1.3062227707e-03 0.0000000000e+00 
 0.0000000000e+00 0.0000000000e+00 -4.2085083176e-04
 
Elt 2
 -4.2085083176e-04 -2.0299961744e-16 1.5260145578e-16 
 -2.0299961744e-16 1.3062227707e-03 3.4912409223e-17 
 1.5260145578e-16 3.4912409223e-17 -4.2085083176e-04
 
Elt 1
 -6.2683189999e-04 -3.4352956945e-16 0.0000000000e+00 
 -3.4352956945e-16 1.7410941592e-03 0.0000000000e+00 
 0.0000000000e+00 0.0000000000e+00 -6.2683189999e-04
 
Elt 2
 -6.2683189999e-04 -1.4799126063e-16 1.1075125192e-16 
 -1.4799126063e-16 1.7410941592e-03 6.9710433810e-17 
 1.1075125192e-16 6.9710433810e-17 -6.2683189999e-04
 
Elt 1
 -7.2623353789e-04 2.7178963472e-16 0.0000000000e+00 
 2.7178963472e-16 2.1756931144e-03 0.0000000000e+00 
 0.0000000000e+00 0.0000000000e+00 -7.2623353789e-04
 
Elt 2
 -7.2623353789e-04 -4.1897838830e-17 0.0000000000e+00 
 -4.1897838830e-17 2.1756931144e-03 0.0000000000e+00 
 0.0000000000e+00 0.0000000000e+00 -7.2623353789e-04
 
Elt 1
 -7.6183739294e-04 -5.7367884418e-17 0.0000000000e+00 
 -5.7367884418e-17 2.6100645189e-03 0.0000000000e+00 
 0.0000000000e+00 0.0000000000e+00 -7.6183739294e-04
 
Elt 2
 -7.6183739294e-04 -3.6310912904e-17 1.4246416546e-16 
 -3.6310912904e-17 2.6100645189e-03 2.0133395213e-16 
 1.4251837557e-16 2.0133395213e-16 -7.6183739294e-04
 
Elt 1
 -8.3740327946e-04 -3.2556022323e-17 0.0000000000e+00 
 -3.2556022323e-17 3.0442302474e-03 0.0000000000e+00 
 0.0000000000e+00 0.0000000000e+00 -8.3740327946e-04
 
Elt 2
 -8.3740327946e-04 8.1673037593e-18 -2.0911549402e-17 
 8.1673037593e-18 3.0442302474e-03 2.0827324397e-16 
 -2.0911549402e-17 2.0827324397e-16 -8.3740327946e-04
 
Elt 1
 -1.0049942529e-03 3.2147057357e-17 0.0000000000e+00 
 3.2147057357e-17 3.4781694026e-03 0.0000000000e+00 
 0.0000000000e+00 0.0000000000e+00 -1.0049942529e-03
 
Elt 2
 -1.0049942529e-03 1.0880720569e-17 0.0000000000e+00 
 1.0880720569e-17 3.4781694026e-03 0.0000000000e+00 
 0.0000000000e+00 0.0000000000e+00 -1.0049942529e-03
 
Elt 1
 -1.2167835067e-03 -2.0491123902e-16 0.0000000000e+00 
 -2.0491123902e-16 3.9118444527e-03 0.0000000000e+00 
 0.0000000000e+00 0.0000000000e+00 -1.2167835067e-03
 
Elt 2
 -1.2167835067e-03 -6.1515548822e-17 7.2587335448e-17 
 -6.1515548822e-17 3.9118444527e-03 -3.3750857939e-17 
 7.2587335448e-17 -3.3750857939e-17 -1.2167835067e-03
 
Elt 1
 -1.3844092655e-03 -5.0245265106e-18 0.0000000000e+00 
 -5.0245265106e-18 4.3452417530e-03 0.0000000000e+00 
 0.0000000000e+00 0.0000000000e+00 -1.3844092655e-03
 
Elt 2
 -1.3844092655e-03 -1.1441891040e-17 1.0538445117e-16 
 -1.1441891040e-17 4.3452417530e-03 1.5988708239e-16 
 1.0538445117e-16 1.5988708239e-16 -1.3844092655e-03
 
Elt 1
 -1.4739037156e-03 -1.3814385369e-16 0.0000000000e+00 
 -1.3814385369e-16 4.7783833452e-03 0.0000000000e+00 
 0.0000000000e+00 0.0000000000e+00 -1.4739037156e-03
 
Elt 2
 -1.4739037156e-03 -1.6522079120e-16 5.3017486235e-17 
 -1.6522079120e-16 4.7783833452e-03 5.7457884814e-20 
 5.3017486235e-17 5.7457884814e-20 -1.4739037156e-03
 
Elt 1
 -1.5350155298e-03 3.5196706775e-17 0.0000000000e+00 
 3.5196706775e-17 5.2113008951e-03 0.0000000000e+00 
 0.0000000000e+00 0.0000000000e+00 -1.5350155298e-03
 
Elt 2
 -1.5350155298e-03 -1.0417331040e-16 1.5363144784e-16 
 -1.0417331040e-16 5.2113008951e-03 -4.6173373077e-20 
 1.5363144784e-16 -4.6173373077e-20 -1.5350155298e-03
 
Elt 1
 -1.6415079391e-03 3.0905435076e-17 0.0000000000e+00 
 3.0905435076e-17 5.6440024474e-03 0.0000000000e+00 
 0.0000000000e+00 0.0000000000e+00 -1.6415079391e-03
 
Elt 2
 -1.6415079391e-03 -6.6912503597e-18 9.5918010947e-18 
 -6.6912503597e-18 5.6440024474e-03 1.3226687947e-16 
 9.5884129629e-18 1.3226687947e-16 -1.6415079391e-03
 
Elt 1
 -1.8128144391e-03 -8.6080110663e-17 0.0000000000e+00 
 -8.6080110663e-17 6.0764668820e-03 0.0000000000e+00 
 0.0000000000e+00 0.0000000000e+00 -1.8128144391e-03
 
Elt 2
 -1.8128144391e-03 -3.6559140652e-17 5.7760870739e-17 
 -3.6559140652e-17 6.0764668820e-03 1.3903592479e-16 
 5.7787975793e-17 1.3903592479e-16 -1.8128144391e-03
 
Elt 1
 -1.9995903887e-03 -2.7014392843e-16 0.0000000000e+00 
 -2.7014392843e-16 6.5086689373e-03 0.0000000000e+00 
 0.0000000000e+00 0.0000000000e+00 -1.9995903887e-03
 
Elt 2
 -1.9995903887e-03 2.7265147135e-17 3.8272336689e-17 
 2.7265147135e-17 6.5086689373e-03 2.0832745418e-16 
 3.8272336689e-17 2.0832745418e-16 -1.9995903887e-03
 
Elt 1
 -2.1415841820e-03 4.5267275045e-17 0.0000000000e+00 
 4.5267275045e-17 6.9406059076e-03 0.0000000000e+00 
 0.0000000000e+00 0.0000000000e+00 -2.1415841820e-03
 
Elt 2
 -2.1415841820e-03 -1.3060275869e-16 0.0000000000e+00 
 -1.3060275869e-16 6.9406059076e-03 0.0000000000e+00 
 0.0000000000e+00 0.0000000000e+00 -2.1415841820e-03
 
Elt 1
 -2.2308105150e-03 2.5454040210e-17 0.0000000000e+00 
 2.5454040210e-17 7.3722983545e-03 0.0000000000e+00 
 0.0000000000e+00 0.0000000000e+00 -2.2308105150e-03
 
Elt 2
 -2.2308105150e-03 -2.0138981844e-17 0.0000000000e+00 
 -2.0138981844e-17 7.3722983545e-03 0.0000000000e+00 
 0.0000000000e+00 0.0000000000e+00 -2.2308105150e-03
 
Elt 1
 -2.3144131706e-03 1.4053837313e-17 0.0000000000e+00 
 1.4053837313e-17 7.8037667949e-03 0.0000000000e+00 
 0.0000000000e+00 0.0000000000e+00 -2.3144131706e-03
 
Elt 2
 -2.3144131706e-03 -3.1473298171e-16 1.4430730916e-16 
 -3.1473298171e-16 7.8037667949e-03 -4.4221940489e-20 
 1.4430730916e-16 -4.4221940489e-20 -2.3144131706e-03
 
Elt 1
 -2.4404196530e-03 -1.1495530466e-18 0.0000000000e+00 
 -1.1495530466e-18 8.2350108511e-03 0.0000000000e+00 
 0.0000000000e+00 0.0000000000e+00 -2.4404196530e-03
 
Elt 2
 -2.4404196530e-03 -1.4442153225e-16 1.5395670849e-16 
 -1.4442153225e-16 8.2350108511e-03 7.5195585221e-20 
 1.5417354893e-16 7.5195585221e-20 -2.4404196530e-03
 
Elt 1
 -2.6081069714e-03 -1.0434249571e-17 0.0000000000e+00 
 -1.0434249571e-17 8.6660120861e-03 0.0000000000e+00 
 0.0000000000e+00 0.0000000000e+00 -2.6081069714e-03
 
Elt 2
 -2.6081069714e-03 4.6926604669e-17 9.9746599869e-17 
 4.6926604669e-17 8.6660120861e-03 -3.2429287469e-17 
 1.0018028074e-16 -3.2429287469e-17 -2.6081069714e-03
 
Elt 1
 -2.7737500566e-03 1.2604022254e-16 -6.6136332522e-17 
 1.2604022254e-16 9.0967551670e-03 -1.3967799067e-17 
 -6.6136332522e-17 -1.3967799067e-17 -2.7737500566e-03
 
Elt 2
 -2.7737500566e-03 -3.6848108661e-17 4.2934406030e-17 
 -3.6848108661e-17 9.0967551670e-03 1.5321248908e-16 
 4.3151246465e-17 1.5321248908e-16 -2.7737500566e-03
 
Elt 1
 -2.9001830400e-03 2.3841786760e-16 -5.8817967857e-17 
 2.3841786760e-16 9.5272436318e-03 -1.8613088135e-20 
 -5.8872177966e-17 -1.8613088135e-20 -2.9001830400e-03
 
Elt 2
 -2.9001830400e-03 -3.7860834794e-16 0.0000000000e+00 
 -3.7860834794e-16 9.5272436318e-03 0.0000000000e+00 
 0.0000000000e+00 0.0000000000e+00 -2.9001830400e-03
 
Elt 1
 -2.9945010807e-03 1.4493486635e-16 0.0000000000e+00 
 1.4493486635e-16 9.9574945448e-03 0.0000000000e+00 
 0.0000000000e+00 0.0000000000e+00 -2.9945010807e-03
 
Elt 2
 -2.9945010807e-03 5.3293833379e-17 -4.5753331679e-17 
 5.3293833379e-17 9.9574945448e-03 1.2626629157e-16 
 -4.5753331679e-17 1.2626629157e-16 -2.9945010807e-03
 
Elt 1
 -3.0961825202e-03 2.1546942316e-16 5.0740661672e-17 
 2.1546942316e-16 1.0387519748e-02 -1.2922717969e-21 
 5.0740661672e-17 -1.2922717969e-21 -3.0961825202e-03
 
Elt 2
 -3.0961825202e-03 5.9067960741e-17 1.3032110113e-16 
 5.9067960741e-17 1.0387519748e-02 1.5741049403e-16 
 1.3032110113e-16 1.5741049403e-16 -3.0961825202e-03
 
Elt 1
 -3.2329588151e-03 1.1014782274e-16 4.9656459500e-17 
 1.1014782274e-16 1.0817314452e-02 -1.9942504391e-20 
 4.9656459500e-17 -1.9942504391e-20 -3.2329588151e-03
 
Elt 2
 -3.2329588151e-03 5.1095508791e-17 9.9746599869e-17 
 5.1095508791e-17 1.0817314452e-02 8.0252222261e-20 
 9.9746599869e-17 8.0252222261e-20 -3.2329588151e-03
 
Elt 1
 -3.3933399257e-03 -1.0100197479e-16 5.1824863845e-17 
 -1.0100197479e-16 1.1246864187e-02 -3.4620702701e-17 
 5.1824863845e-17 -3.4620702701e-17 -3.3933399257e-03
 
Elt 2
 -3.3933399257e-03 1.7629670354e-16 1.5308934675e-16 
 1.7629670354e-16 1.1246864187e-02 -2.5279859533e-17 
 1.5330618719e-16 -2.5279859533e-17 -3.3933399257e-03
 
Elt 1
 -3.5425377168e-03 3.3682652786e-17 3.6429192996e-17 
 3.3682652786e-17 1.1676161045e-02 -4.5296189523e-17 
 3.6429192996e-17 -4.5296189523e-17 -3.5425377168e-03
 
Elt 2
 -3.5425377168e-03 -1.1273051579e-16 1.5406512871e-16 
 -1.1273051579e-16 1.1676161045e-02 1.4260278100e-16 
 1.5417354893e-16 1.4260278100e-16 -3.5425377168e-03
 
Elt 1
 -3.6608706964e-03 -1.9810126024e-17 0.0000000000e+00 
 -1.9810126024e-17 1.2105211447e-02 0.0000000000e+00 
 0.0000000000e+00 0.0000000000e+00 -3.6608706964e-03
 
Elt 2
 -3.6608706964e-03 2.3863430992e-17 -1.0907073855e-16 
 2.3863430992e-17 1.2105211447e-02 1.8060069657e-16 
 -1.0907073855e-16 1.8060069657e-16 -3.6608706964e-03
 
Elt 1
 -3.7625835406e-03 1.6604899810e-17 -4.6403852982e-17 
 1.6604899810e-17 1.2534028271e-02 5.7403504589e-17 
 -4.6620693417e-17 5.7403504589e-17 -3.7625835406e-03
 
Elt 2
 -3.7625835406e-03 -3.4123966048e-17 -2.1684043450e-19 
 -3.4123966048e-17 1.2534028271e-02 2.0529924130e-16 
 2.1684043450e-19 2.0529924130e-16 -3.7625835406e-03
 
Elt 1
 -3.8776007317e-03 -1.1352751211e-16 -3.5116982050e-31 
 -1.1352751211e-16 1.2962617129e-02 6.8020388821e-17 
 -3.5116982050e-31 6.8020388821e-17 -3.8776007317e-03
 
Elt 2
 -3.8776007317e-03 -1.9647010551e-17 3.6754453647e-17 
 -1.9647010551e-17 1.2962617129e-02 1.2100109153e-16 
 3.6754453647e-17 1.2100109153e-16 -3.8776007317e-03
 
Elt 1
 -4.0189009784e-03 -2.6254341964e-16 -5.6378512969e-17 
 -2.6254341964e-16 1.3390971584e-02 -3.3958497388e-20 
 -5.6378512969e-17 -3.3958497388e-20 -4.0189009784e-03
 
Elt 2
 -4.0189009784e-03 5.3853438621e-17 -6.4835289915e-17 
 5.3853438621e-17 1.3390971584e-02 -4.3598662882e-20 
 -6.4835289915e-17 -4.3598662882e-20 -4.0189009784e-03
 
Elt 1
 -4.1708045871e-03 -1.2933494592e-16 0.0000000000e+00 
 -1.2933494592e-16 1.3819081348e-02 0.0000000000e+00 
 0.0000000000e+00 0.0000000000e+00 -4.1708045871e-03
 
Elt 2
 -4.1708045871e-03 -9.5065741035e-17 1.3379054808e-16 
 -9.5065741035e-17 1.3819081348e-02 9.1587871894e-17 
 1.3379054808e-16 9.1587871894e-17 -4.1708045871e-03
 
Elt 1
 -4.3081929310e-03 -7.0538754059e-17 0.0000000000e+00 
 -7.0538754059e-17 1.4246943617e-02 0.0000000000e+00 
 0.0000000000e+00 0.0000000000e+00 -4.3081929310e-03
 
Elt 2
 -4.3081929310e-03 -8.2278055024e-18 1.2620113288e-16 
 -8.2278055024e-18 1.4246943617e-02 5.1844737468e-17 
 1.2641797331e-16 5.1844737468e-17 -4.3081929310e-03
 
Elt 1
 -4.4235460018e-03 -3.8851124757e-17 0.0000000000e+00 
 -3.8851124757e-17 1.4674565468e-02 0.0000000000e+00 
 0.0000000000e+00 0.0000000000e+00 -4.4235460018e-03
 
Elt 2
 -4.4235460018e-03 3.4591717833e-16 0.0000000000e+00 
 3.4591717833e-16 1.4674565468e-02 0.0000000000e+00 
 0.0000000000e+00 0.0000000000e+00 -4.4235460018e-03
 
Elt 1
 -4.5329321495e-03 9.8566514967e-17 0.0000000000e+00 
 9.8566514967e-17 1.5101955755e-02 0.0000000000e+00 
 0.0000000000e+00 0.0000000000e+00 -4.5329321495e-03
 
Elt 2
 -4.5329321495e-03 6.4475174234e-17 1.4831885720e-16 
 6.4475174234e-17 1.5101955755e-02 2.0240548990e-16 
 1.4875253807e-16 2.0240548990e-16 -4.5329321495e-03
 
Elt 1
 -4.6568884965e-03 1.2219596360e-16 -4.3151246465e-17 
 1.2219596360e-16 1.5529116006e-02 -7.3088149846e-17 
 -4.3368086899e-17 -7.3088149846e-17 -4.6568884965e-03
 
Elt 2
 -4.6568884965e-03 1.5492559597e-17 0.0000000000e+00 
 1.5492559597e-17 1.5529116006e-02 -1.3945046727e-20 
 0.0000000000e+00 -1.3945046727e-20 -4.6568884965e-03
 
Elt 1
 -4.7986210611e-03 3.4648206644e-17 -6.0064800356e-17 
 3.4648206644e-17 1.5956039875e-02 -7.6775430671e-17 
 -6.0281640790e-17 -7.6775430671e-17 -4.7986210611e-03
 
Elt 2
 -4.7986210611e-03 4.3149497379e-17 0.0000000000e+00 
 4.3149497379e-17 1.5956039875e-02 0.0000000000e+00 
 0.0000000000e+00 0.0000000000e+00 -4.7986210611e-03
 
Elt 1
 -4.9424609267e-03 -7.7452056848e-17 -3.3393426913e-17 
 -7.7452056848e-17 1.6382720824e-02 -9.2615503097e-17 
 -3.3176586478e-17 -9.2615503097e-17 -4.9424609267e-03
 
Elt 2
 -4.9424609267e-03 -7.3085198687e-17 0.0000000000e+00 
 -7.3085198687e-17 1.6382720824e-02 0.0000000000e+00 
 0.0000000000e+00 0.0000000000e+00 -4.9424609267e-03
 
Elt 1
 -5.0721090388e-03 -3.8809574126e-18 0.0000000000e+00 
 -3.8809574126e-18 1.6809159209e-02 0.0000000000e+00 
 0.0000000000e+00 0.0000000000e+00 -5.0721090388e-03
 
Elt 2
 -5.0721090388e-03 -9.0262764536e-17 0.0000000000e+00 
 -9.0262764536e-17 1.6809159209e-02 0.0000000000e+00 
 0.0000000000e+00 0.0000000000e+00 -5.0721090388e-03
 
Elt 1
 -5.1876568817e-03 -4.4973193041e-18 -1.9003004717e-32 
 -4.4973193041e-18 1.7235361452e-02 1.2365092171e-16 
 -1.9003004717e-32 1.2365092171e-16 -5.1876568817e-03
 
Elt 2
 -5.1876568817e-03 -4.2059306404e-17 -5.4210108625e-20 
 -4.2059306404e-17 1.7235361452e-02 2.1046968686e-16 
 5.4210108624e-20 2.1046968686e-16 -5.1876568817e-03
 
Elt 1
 -5.3037970530e-03 2.2378217630e-18 1.9190378453e-17 
 2.2378217630e-18 1.7661333000e-02 1.4111171202e-16 
 1.9081958236e-17 1.4111171202e-16 -5.3037970530e-03
 
Elt 2
 -5.3037970530e-03 -2.6952501591e-17 5.5727991666e-17 
 -2.6952501591e-17 1.7661333000e-02 1.7766782326e-16 
 5.5727991666e-17 1.7766782326e-16 -5.3037970530e-03
 
Elt 1
 -5.4330164187e-03 -4.7935740128e-17 -1.2243103324e-31 
 -4.7935740128e-17 1.8087073029e-02 7.8336624409e-17 
 4.3368086899e-19 7.8336624409e-17 -5.4330164187e-03
 
Elt 2
 -5.4330164187e-03 -7.2002754389e-17 5.5511151231e-17 
 -7.2002754389e-17 1.8087073029e-02 2.6879569117e-16 
 5.5944832100e-17 2.6879569117e-16 -5.4330164187e-03
 
Elt 1
 -5.5728163320e-03 -7.4502068546e-17 1.0842021725e-19 
 -7.4502068546e-17 1.8512576225e-02 -5.9260499482e-17 
 5.4210108624e-20 -5.9260499482e-17 -5.5728163320e-03
 
Elt 2
 -5.5728163320e-03 -5.1373352916e-17 6.9388939039e-17 
 -5.1373352916e-17 1.8512576225e-02 -1.8792328698e-20 
 6.9388939039e-17 -1.8792328698e-20 -5.5728163320e-03
 
Elt 1
 -5.7098670125e-03 -1.4805015571e-16 -5.2475385148e-17 
 -1.4805015571e-16 1.8937839057e-02 -1.8365172050e-16 
 -5.2909066017e-17 -1.8365172050e-16 -5.7098670125e-03
 
Elt 2
 -5.7098670125e-03 2.0899544217e-17 5.6378512969e-17 
 2.0899544217e-17 1.8937839057e-02 -8.1474772834e-17 
 5.5944832100e-17 -8.1474772834e-17 -5.7098670125e-03
 
Elt 1
 -5.8350260804e-03 6.4847815350e-17 -1.8214596498e-17 
 6.4847815350e-17 1.9362863537e-02 -1.5678985195e-16 
 -1.8214596498e-17 -1.5678985195e-16 -5.8350260804e-03
 
Elt 2
 -5.8350260804e-03 1.2201775398e-16 1.4224732503e-16 
 1.2201775398e-16 1.9362863537e-02 -1.0121439158e-16 
 1.4224732503e-16 -1.0121439158e-16 -5.8350260804e-03
 
Elt 1
 -5.9524399111e-03 1.2349298086e-16 0.0000000000e+00 
 1.2349298086e-16 1.9787654805e-02 0.0000000000e+00 
 0.0000000000e+00 0.0000000000e+00 -5.9524399111e-03
 
Elt 2
 -5.9524399111e-03 -2.1564126951e-16 7.0039460343e-17 
 -2.1564126951e-16 1.9787654805e-02 1.0140216985e-17 
 7.0147880560e-17 1.0140216985e-17 -5.9524399111e-03
 
Elt 1
 -6.0738412054e-03 1.6859475189e-16 -4.3151246465e-17 
 1.6859475189e-16 2.0212215713e-02 7.3169365735e-17 
 -4.3151246465e-17 7.3169365735e-17 -6.0738412054e-03
 
Elt 2
 -6.0738412054e-03 7.5934988539e-17 -1.0842021725e-19 
 7.5934988539e-17 2.0212215713e-02 9.1331023103e-17 
 2.0303640202e-31 9.1331023103e-17 -6.0738412054e-03
 
Elt 1
 -6.2055157268e-03 5.5868711838e-17 -4.3801767768e-17 
 5.5868711838e-17 2.0636544355e-02 1.4460905713e-16 
 -4.3801767768e-17 1.4460905713e-16 -6.2055157268e-03
 
Elt 2
 -6.2055157268e-03 1.2438886194e-16 -1.0885389812e-16 
 1.2438886194e-16 2.0636544355e-02 1.2421226694e-16 
 -1.0885389812e-16 1.2421226694e-16 -6.2055157268e-03
 
Elt 1
 -6.3423019343e-03 -3.8410003087e-17 5.2909066017e-17 
 -3.8410003087e-17 2.1060636822e-02 6.9468393430e-17 
 5.2909066017e-17 6.9468393430e-17 -6.3423019343e-03
 
Elt 2
 -6.3423019343e-03 -1.2861541602e-16 1.0581813203e-16 
 -1.2861541602e-16 2.1060636822e-02 2.2090334154e-16 
 1.0581813203e-16 2.2090334154e-16 -6.3423019343e-03
 
Elt 1
 -6.4741706873e-03 -1.3682820851e-16 1.0755285551e-16 
 -1.3682820851e-16 2.1484491761e-02 -9.6231213737e-20 
 1.0711917464e-16 -9.6231213737e-20 -6.4741706873e-03
 
Elt 2
 -6.4741706873e-03 -4.1935953883e-16 1.5655879371e-16 
 -4.1935953883e-16 2.1484491761e-02 9.1546825954e-20 
 1.5699247458e-16 9.1546825954e-20 -6.4741706873e-03
 
Elt 1
 -6.5972127499e-03 -2.8863029381e-16 5.3776427755e-17 
 -2.8863029381e-16 2.1908111782e-02 -2.5092855615e-19 
 5.3776427755e-17 -2.5092855615e-19 -6.5972127499e-03
 
Elt 2
 -6.5972127499e-03 -3.0789059425e-16 0.0000000000e+00 
 -3.0789059425e-16 2.1908111782e-02 0.0000000000e+00 
 0.0000000000e+00 0.0000000000e+00 -6.5972127499e-03
 
Elt 1
 -6.7170913989e-03 -2.3351198481e-17 0.0000000000e+00 
 -2.3351198481e-17 2.2331500582e-02 0.0000000000e+00 
 0.0000000000e+00 0.0000000000e+00 -6.7170913989e-03
 
Elt 2
 -6.7170913989e-03 8.9062694424e-17 1.0104764248e-16 
 8.9062694424e-17 2.2331500582e-02 1.2746884740e-16 
 1.0061396161e-16 1.2746884740e-16 -6.7170913989e-03
 
Elt 1
 -6.8421249938e-03 1.8310085764e-16 -1.0018028074e-16 
 1.8310085764e-16 2.2754659231e-02 2.9255150210e-20 
 -1.0061396161e-16 2.9255150210e-20 -6.8421249938e-03
 
Elt 2
 -6.8421249938e-03 2.6228431930e-17 -1.0581813203e-16 
 2.6228431930e-17 2.2754659231e-02 1.2315257791e-16 
 -1.0581813203e-16 1.2315257791e-16 -6.8421249938e-03
 
Elt 1
 -6.9743057726e-03 3.2929167575e-17 -7.4376269033e-17 
 3.2929167575e-17 2.3177585594e-02 -3.6650816254e-17 
 -7.4809949901e-17 -3.6650816254e-17 -6.9743057726e-03
 
Elt 2
 -6.9743057726e-03 1.4719234879e-16 -1.2793585635e-16 
 1.4719234879e-16 2.3177585594e-02 1.5365648944e-16 
 -1.2793585635e-16 1.5365648944e-16 -6.9743057726e-03
 
Elt 1
 -7.1078707900e-03 1.8964921870e-16 2.2334564753e-17 
 1.8964921870e-16 2.3600277168e-02 -6.6376137757e-17 
 2.2334564753e-17 -6.6376137757e-17 -7.1078707900e-03
 
Elt 2
 -7.1078707900e-03 3.2934844502e-16 5.9414279052e-17 
 3.2934844502e-16 2.3600277168e-02 -1.6424811446e-17 
 5.9414279052e-17 -1.6424811446e-17 -7.1078707900e-03
 
Elt 1
 -7.2361440617e-03 4.9510409384e-17 1.4441572938e-16 
 4.9510409384e-17 2.4022734001e-02 -4.5101358353e-17 
 1.4484941024e-16 -4.5101358353e-17 -7.2361440617e-03
 
Elt 2
 -7.2361440617e-03 -1.0976373070e-16 1.7303866673e-16 
 -1.0976373070e-16 2.4022734001e-02 -8.4872312677e-17 
 1.7347234760e-16 -8.4872312677e-17 -7.2361440617e-03
 
Elt 1
 -7.3586269767e-03 4.2275409420e-17 1.1058862159e-16 
 4.2275409420e-17 2.4444958640e-02 1.8859300514e-19 
 1.1015494072e-16 1.8859300514e-19 -7.3586269767e-03
 
Elt 2
 -7.3586269767e-03 -1.3097335387e-16 2.5587171271e-17 
 -1.3097335387e-16 2.4444958640e-02 1.4039569219e-16 
 2.5587171271e-17 1.4039569219e-16 -7.3586269767e-03
 
Elt 1
 -7.4808788568e-03 -1.9044375170e-16 -2.6660707995e-31 
 -1.9044375170e-16 2.4866953463e-02 5.9048865600e-17 
 -4.3368086899e-19 5.9048865600e-17 -7.4808788568e-03
 
Elt 2
 -7.4808788568e-03 -2.8605751278e-16 4.5102810375e-17 
 -2.8605751278e-16 2.4866953463e-02 1.1594919529e-16 
 4.5102810375e-17 1.1594919529e-16 -7.4808788568e-03
 
Elt 1
 -7.6080568249e-03 -6.1043621538e-17 -1.3964523982e-16 
 -6.1043621538e-17 2.5288718467e-02 1.3788527075e-16 
 -1.3964523982e-16 1.3788527075e-16 -7.6080568249e-03
 
Elt 2
 -7.6080568249e-03 -2.4800382582e-16 -3.5128150389e-17 
 -2.4800382582e-16 2.5288718467e-02 2.8794933306e-16 
 -3.5128150389e-17 2.8794933306e-16 -7.6080568249e-03
 
Elt 1
 -7.7395466875e-03 -6.9618300631e-17 -1.1102230246e-16 
 -6.9618300631e-17 2.5710251787e-02 1.3113628514e-16 
 -1.1145598333e-16 1.3113628514e-16 -7.7395466875e-03
 
Elt 2
 -7.7395466875e-03 -1.5676409163e-16 -7.5243630770e-17 
 -1.5676409163e-16 2.5710251787e-02 2.8104585532e-16 
 -7.5243630770e-17 2.8104585532e-16 -7.7395466875e-03
 
Elt 1
 -7.8702081672e-03 -7.7056508691e-17 -1.0668549377e-16 
 -7.7056508691e-17 2.6131552108e-02 8.9359239498e-17 
 -1.0581813203e-16 8.9359239498e-17 -7.8702081672e-03
 
Elt 2
 -7.8702081672e-03 6.2215286835e-17 -5.3776427755e-17 
 6.2215286835e-17 2.6131552108e-02 1.2070680108e-16 
 -5.4210108624e-17 1.2070680108e-16 -7.8702081672e-03
 
Elt 1
 -7.9962438761e-03 5.5391963646e-17 1.0755285551e-16 
 5.5391963646e-17 2.6552620254e-02 5.6677934292e-19 
 1.0711917464e-16 5.6677934292e-19 -7.9962438761e-03
 
Elt 2
 -7.9962438761e-03 2.0093874438e-17 2.7582103268e-16 
 2.0093874438e-17 2.6552620254e-02 -7.7941017820e-17 
 2.7495367094e-16 -7.7941017820e-17 -7.9962438761e-03
 
Elt 1
 -8.1190487033e-03 1.0194121094e-16 1.0104764248e-16 
 1.0194121094e-16 2.6973458353e-02 -1.7243160111e-16 
 1.0018028074e-16 -1.7243160111e-16 -8.1190487033e-03
 
Elt 2
 -8.1190487033e-03 -1.1266399871e-16 1.7911019889e-16 
 -1.1266399871e-16 2.6973458353e-02 2.5324585865e-20 
 1.7954387976e-16 2.5324585865e-20 -8.1190487033e-03
 
Elt 1
 -8.2432030896e-03 3.2739069517e-17 1.1015494072e-16 
 3.2739069517e-17 2.7394067733e-02 -2.2189677666e-16 
 1.1015494072e-16 -2.2189677666e-16 -8.2432030896e-03
 
Elt 2
 -8.2432030896e-03 -1.6114257014e-16 1.5916087892e-16 
 -1.6114257014e-16 2.7394067733e-02 -2.1365780644e-16 
 1.5916087892e-16 -2.1365780644e-16 -8.2432030896e-03
 
Elt 1
 -8.3713252634e-03 4.8306542576e-17 -1.3963887427e-31 
 4.8306542576e-17 2.7814447867e-02 -1.3646633662e-16 
 8.6736173799e-19 -1.3646633662e-16 -8.3713252634e-03
 
Elt 2
 -8.3713252634e-03 3.5962859928e-17 -1.4853569763e-17 
 3.5962859928e-17 2.7814447867e-02 -1.1221644233e-16 
 -1.4853569763e-17 -1.1221644233e-16 -8.3713252634e-03
 
Elt 1
 -8.5015217165e-03 -1.5312696362e-16 -1.4875253807e-16 
 -1.5312696362e-16 2.8234597390e-02 5.5955853245e-17 
 -1.4961989980e-16 5.5955853245e-17 -8.5015217165e-03
 
Elt 2
 -8.5015217165e-03 4.8502178998e-19 -1.1492543028e-17 
 4.8502178998e-19 2.8234597390e-02 1.0949266154e-16 
 -1.1492543028e-17 1.0949266154e-16 -8.5015217165e-03
 
Elt 1
 -8.6298502066e-03 -1.6485119567e-18 -1.1102230246e-16 
 -1.6485119567e-18 2.8654515878e-02 1.8881238791e-16 
 -1.1102230246e-16 1.8881238791e-16 -8.6298502066e-03
 
Elt 2
 -8.6298502066e-03 -6.0306281585e-17 -1.1102230246e-16 
 -6.0306281585e-17 2.8654515878e-02 2.2143312421e-16 
 -1.1102230246e-16 2.2143312421e-16 -8.6298502066e-03
 
Elt 1
 -8.7546836245e-03 -7.3015070451e-17 2.2551405188e-17 
 -7.3015070451e-17 2.9074204458e-02 2.0335995397e-16 
 2.2551405188e-17 2.0335995397e-16 -8.7546836245e-03
 
Elt 2
 -8.7546836245e-03 3.5198131146e-17 5.2041704279e-17 
 3.5198131146e-17 2.9074204458e-02 2.8295485956e-16 
 5.2041704279e-17 2.8295485956e-16 -8.7546836245e-03
 
Elt 1
 -8.8781820862e-03 -1.6062393793e-16 1.6393136848e-16 
 -1.6062393793e-16 2.9493664720e-02 1.4385379522e-16 
 1.6306400674e-16 1.4385379522e-16 -8.8781820862e-03
 
Elt 2
 -8.8781820862e-03 -1.7639352832e-16 1.0061396161e-16 
 -1.7639352832e-16 2.9493664720e-02 2.4752242365e-16 
 1.0148132334e-16 2.4752242365e-16 -8.8781820862e-03
 
Elt 1
 -9.0036218197e-03 -1.0998629084e-16 1.4311468677e-16 
 -1.0998629084e-16 2.9912897249e-02 -1.7353509192e-19 
 1.4268100590e-16 -1.7353509192e-19 -9.0036218197e-03
 
Elt 2
 -9.0036218197e-03 -3.9569763221e-17 1.4311468677e-16 
 -3.9569763221e-17 2.9912897249e-02 1.4840573758e-16 
 1.4311468677e-16 1.4840573758e-16 -9.0036218197e-03
 
Elt 1
 -9.1318253281e-03 -6.4365758225e-17 1.9111973929e-31 
 -6.4365758225e-17 3.0331901380e-02 -1.5214125639e-16 
 1.9111973929e-31 -1.5214125639e-16 -9.1318253281e-03
 
Elt 2
 -9.1318253281e-03 -1.3786049846e-16 4.1850203858e-17 
 -1.3786049846e-16 3.0331901380e-02 -1.2261981638e-16 
 4.2067044292e-17 -1.2261981638e-16 -9.1318253281e-03
 
Elt 1
 -9.2605503173e-03 1.9000991434e-16 -1.6566609196e-16 
 1.9000991434e-16 3.0750676288e-02 -1.5157326109e-16 
 -1.6566609196e-16 -1.5157326109e-16 -9.2605503173e-03
 
Elt 2
 -9.2605503173e-03 3.4417575250e-17 -1.5439038936e-16 
 3.4417575250e-17 3.0750676288e-02 -1.6818191707e-16 
 -1.5439038936e-16 -1.6818191707e-16 -9.2605503173e-03
 
Elt 1
 -9.3871754281e-03 3.7531234414e-16 -1.6653345369e-16 
 3.7531234414e-16 3.1169222134e-02 -9.8284496997e-17 
 -1.6653345369e-16 -9.8284496997e-17 -9.3871754281e-03
 
Elt 2
 -9.3871754281e-03 8.3388708420e-17 -1.0148132334e-16 
 8.3388708420e-17 3.1169222134e-02 6.1114739905e-17 
 -1.0148132334e-16 6.1114739905e-17 -9.3871754281e-03
 
Elt 1
 -9.5115064074e-03 3.6436389337e-16 0.0000000000e+00 
 3.6436389337e-16 3.1587540049e-02 0.0000000000e+00 
 0.0000000000e+00 0.0000000000e+00 -9.5115064074e-03
 
Elt 2
 -9.5115064074e-03 1.8926041978e-16 -2.4502969098e-17 
 1.8926041978e-16 3.1587540049e-02 1.8629338291e-16 
 -2.4502969098e-17 1.8629338291e-16 -9.5115064074e-03
 
Elt 1
 -9.6357275109e-03 7.3834477688e-17 9.3675067703e-17 
 7.3834477688e-17 3.2005631098e-02 1.8538840044e-19 
 9.4542429441e-17 1.8538840044e-19 -9.6357275109e-03
 
Elt 2
 -9.6357275109e-03 6.0167892573e-17 2.5413698923e-16 
 6.0167892573e-17 3.2005631098e-02 -1.7626185343e-19 
 2.5326962749e-16 -1.7626185343e-19 -9.6357275109e-03
 
Elt 1
 -9.7618456886e-03 -7.8303258222e-17 1.6913553891e-16 
 -7.8303258222e-17 3.2423495420e-02 5.8987433371e-17 
 1.6826817717e-16 5.8987433371e-17 -9.7618456886e-03
 
Elt 2
 -9.7618456886e-03 -1.6128180870e-17 2.2811613709e-16 
 -1.6128180870e-17 3.2423495420e-02 3.4616035310e-17 
 2.2811613709e-16 3.4616035310e-17 -9.7618456886e-03
 
Elt 1
 -9.8895883984e-03 -2.2223176799e-16 1.0842021725e-16 
 -2.2223176799e-16 3.2841132439e-02 6.0164740365e-17 
 1.0928757899e-16 6.0164740365e-17 -9.8895883984e-03
 
Elt 2
 -9.8895883984e-03 -1.4303927302e-16 1.1188966420e-16 
 -1.4303927302e-16 3.2841132439e-02 1.3015635131e-16 
 1.1102230246e-16 1.3015635131e-16 -9.8895883984e-03
 
Elt 1
 -1.0016930285e-02 -1.9084872503e-16 8.6736173799e-19 
 -1.9084872503e-16 3.3258541803e-02 5.4895025989e-17 
 8.6736173799e-19 5.4895025989e-17 -1.0016930285e-02
 
Elt 2
 -1.0016930285e-02 -2.3973055947e-16 5.5511151231e-17 
 -2.3973055947e-16 3.3258541803e-02 3.1431176692e-31 
 5.5511151231e-17 3.1431176692e-31 -1.0016930285e-02
 
Elt 1
 -1.0142418688e-02 1.3675000287e-16 -1.1015494072e-16 
 1.3675000287e-16 3.3675723992e-02 6.2281062998e-17 
 -1.0928757899e-16 6.2281062998e-17 -1.0142418688e-02
 
Elt 2
 -1.0142418688e-02 -2.4918977970e-16 -7.0689981646e-17 
 -2.4918977970e-16 3.3675723992e-02 1.9430017565e-16 
 -7.0689981646e-17 1.9430017565e-16 -1.0142418688e-02
 
Elt 1
 -1.0266650642e-02 1.5501858184e-16 -1.6132928327e-16 
 1.5501858184e-16 3.4092679979e-02 4.4876403268e-17 
 -1.6132928327e-16 4.4876403268e-17 -1.0266650642e-02
 
Elt 2
 -1.0266650642e-02 -1.4950073024e-17 -8.6736173799e-19 
 -1.4950073024e-17 3.4092679979e-02 4.8345311160e-17 
 8.6736173799e-19 4.8345311160e-17 -1.0266650642e-02
 
Elt 1
 -1.0391426292e-02 2.8164251391e-16 0.0000000000e+00 
 2.8164251391e-16 3.4509410404e-02 0.0000000000e+00 
 0.0000000000e+00 0.0000000000e+00 -1.0391426292e-02
 
Elt 2
 -1.0391426292e-02 9.1082269979e-17 0.0000000000e+00 
 9.1082269979e-17 3.4509410404e-02 0.0000000000e+00 
 0.0000000000e+00 0.0000000000e+00 -1.0391426292e-02
 
Elt 1
 -1.0517716692e-02 2.0764303572e-16 1.0495077030e-16 
 2.0764303572e-16 3.4925915190e-02 -6.0269711831e-17 
 1.0495077030e-16 -6.0269711831e-17 -1.0517716692e-02
 
Elt 2
 -1.0517716692e-02 4.7002196425e-17 5.5511151231e-17 
 4.7002196425e-17 3.4925915190e-02 2.5087513780e-19 
 5.5511151231e-17 2.5087513780e-19 -1.0517716692e-02
 
Elt 1
 -1.0644722057e-02 -8.7338356310e-17 1.3704315460e-16 
 -8.7338356310e-17 3.5342193957e-02 -1.1966835457e-16 
 1.3617579286e-16 -1.1966835457e-16 -1.0644722057e-02
 
Elt 2
 -1.0644722057e-02 4.3046896202e-17 2.4806545706e-16 
 4.3046896202e-17 3.5342193957e-02 -1.4657151125e-16 
 2.4893281880e-16 -1.4657151125e-16 -1.0644722057e-02
 
Elt 1
 -1.0770905067e-02 -9.0835859459e-18 1.1882855810e-16 
 -9.0835859459e-18 3.5758246711e-02 -1.3135214388e-16 
 1.1839487724e-16 -1.3135214388e-16 -1.0770905067e-02
 
Elt 2
 -1.0770905067e-02 -1.4447995575e-16 5.4643789493e-17 
 -1.4447995575e-16 3.5758246711e-02 -7.7327631954e-17 
 5.4643789493e-17 -7.7327631954e-17 -1.0770905067e-02
 
Elt 1
 -1.0895698155e-02 -6.6249192063e-17 -4.3368086899e-19 
 -6.6249192063e-17 3.6174074054e-02 -6.0951057276e-17 
 6.5998253342e-32 -6.0951057276e-17 -1.0895698155e-02
 
Elt 2
 -1.0895698155e-02 -1.6458897450e-16 0.0000000000e+00 
 -1.6458897450e-16 3.6174074054e-02 0.0000000000e+00 
 0.0000000000e+00 0.0000000000e+00 -1.0895698155e-02
 
Elt 1
 -1.1020003792e-02 -1.0432720154e-16 -1.5872719805e-16 
 -1.0432720154e-16 3.6589676737e-02 1.3581385917e-16 
 -1.5872719805e-16 1.3581385917e-16 -1.1020003792e-02
 
Elt 2
 -1.1020003792e-02 -3.7291514725e-17 -9.9746599869e-17 
 -3.7291514725e-17 3.6589676737e-02 2.5149026754e-16 
 -9.9746599869e-17 2.5149026754e-16 -1.1020003792e-02
 
Elt 1
 -1.1145082635e-02 -1.0619812320e-17 -2.0556473190e-16 
 -1.0619812320e-17 3.7005055102e-02 2.4554634549e-16 
 -2.0556473190e-16 2.4554634549e-16 -1.1145082635e-02
 
Elt 2
 -1.1145082635e-02 -3.2206048025e-17 -1.4831885720e-16 
 -3.2206048025e-17 3.7005055102e-02 3.6665056577e-16 
 -1.4745149546e-16 3.6665056577e-16 -1.1145082635e-02
 
Elt 1
 -1.1271177727e-02 3.8305420704e-17 5.5294310797e-17 
 3.8305420704e-17 3.7420209020e-02 2.0289647113e-16 
 5.5077470362e-17 2.0289647113e-16 -1.1271177727e-02
 
Elt 2
 -1.1271177727e-02 -3.5006451526e-17 1.3877787808e-16 
 -3.5006451526e-17 3.7420209020e-02 2.2732493463e-16 
 1.3877787808e-16 2.2732493463e-16 -1.1271177727e-02
 
Elt 1
 -1.1397363295e-02 -1.5904919220e-16 1.7520707107e-16 
 -1.5904919220e-16 3.7835138330e-02 -2.9081122947e-20 
 1.7433970934e-16 -2.9081122947e-20 -1.1397363295e-02
 
Elt 2
 -1.1397363295e-02 -4.5014629291e-17 3.4954678041e-16 
 -4.5014629291e-17 3.7835138330e-02 7.6016757313e-17 
 3.4954678041e-16 7.6016757313e-17 -1.1397363295e-02
 
Elt 1
 -1.1522651128e-02 -1.2612210529e-16 2.2551405188e-16 
 -1.2612210529e-16 3.8249843268e-02 -1.2845219824e-16 
 2.2464669014e-16 -1.2845219824e-16 -1.1522651128e-02
 
Elt 2
 -1.1522651128e-02 -3.1010623282e-17 2.7408630920e-16 
 -3.1010623282e-17 3.8249843268e-02 -1.7130771045e-16 
 2.7495367094e-16 -1.7130771045e-16 -1.1522651128e-02
 
Elt 1
 -1.1647047500e-02 -4.4154036620e-17 3.4043948216e-17 
 -4.4154036620e-17 3.8664324429e-02 -2.2633588746e-16 
 3.4477629085e-17 -2.2633588746e-16 -1.1647047500e-02
 
Elt 2
 -1.1647047500e-02 -1.2757815702e-16 3.5561831258e-17 
 -1.2757815702e-16 3.8664324429e-02 -2.1996610239e-16 
 3.5995512127e-17 -2.1996610239e-16 -1.1647047500e-02
 
Elt 1
 -1.1771441986e-02 -5.3828947718e-17 -2.0990154059e-16 
 -5.3828947718e-17 3.9078582349e-02 -1.6404275641e-16 
 -2.0816681712e-16 -1.6404275641e-16 -1.1771441986e-02
 
Elt 2
 -1.1771441986e-02 -1.0240143030e-17 -8.8904578144e-17 
 -1.0240143030e-17 3.9078582349e-02 -1.5014681110e-16 
 -8.8904578144e-17 -1.5014681110e-16 -1.1771441986e-02
 
