Elt 1
 0.0000000000e+00 0.0000000000e+00 0.0000000000e+00 
 0.0000000000e+00 0.0000000000e+00 0.0000000000e+00 
 0.0000000000e+00 0.0000000000e+00 0.0000000000e+00
 
Elt 1
 0.0000000000e+00 0.0000000000e+00 0.0000000000e+00 
 0.0000000000e+00 0.0000000000e+00 0.0000000000e+00 
 0.0000000000e+00 0.0000000000e+00 0.0000000000e+00
 
Elt 1
 0.0000000000e+00 0.0000000000e+00 0.0000000000e+00 
 0.0000000000e+00 5.4451424225e-04 0.0000000000e+00 
 0.0000000000e+00 0.0000000000e+00 0.0000000000e+00
 
Elt 1
 -2.9910773768e-04 -3.7247633280e-17 0.0000000000e+00 
 -3.7247633280e-17 1.0887321501e-03 0.0000000000e+00 
 0.0000000000e+00 0.0000000000e+00 -2.9910773768e-04
 
Elt 1
 -6.4871922820e-04 -2.7636776069e-18 0.0000000000e+00 
 -2.7636776069e-18 1.6326540459e-03 0.0000000000e+00 
 0.0000000000e+00 0.0000000000e+00 -6.4871922820e-04
 
Elt 1
 -7.0738186526e-04 6.1633842372e-17 0.0000000000e+00 
 6.1633842372e-17 2.1761177171e-03 0.0000000000e+00 
 0.0000000000e+00 0.0000000000e+00 -7.0738186526e-04
 
Elt 1
 -6.6639066976e-04 -1.3701131433e-16 0.0000000000e+00 
 -1.3701131433e-16 2.7190963829e-03 0.0000000000e+00 
 0.0000000000e+00 0.0000000000e+00 -6.6639066976e-04
 
Elt 1
 -8.9996079758e-04 -7.8972012166e-17 0.0000000000e+00 
 -7.8972012166e-17 3.2617485570e-03 0.0000000000e+00 
 0.0000000000e+00 0.0000000000e+00 -8.9996079758e-04
 
Elt 1
 -1.2785115301e-03 -9.7780115927e-19 1.2549640147e-17 
 -9.7780115927e-19 3.8041286458e-03 6.7682261788e-17 
 1.2549640147e-17 6.7682261788e-17 -1.2785115301e-03
 
Elt 1
 -1.4058190381e-03 -1.8476492890e-16 9.7903456175e-17 
 -1.8476492890e-16 4.3460881519e-03 3.4722652909e-17 
 9.8011876393e-17 3.4722652909e-17 -1.4058190381e-03
 
Elt 1
 -1.3468704504e-03 -1.6254884077e-16 5.3071696343e-17 
 -1.6254884077e-16 4.8875491433e-03 -4.3387545251e-17 
 5.3125906452e-17 -4.3387545251e-17 -1.3468704504e-03
 
Elt 1
 -1.5089987918e-03 1.7561951592e-16 -1.0787811616e-16 
 1.7561951592e-16 5.4286482415e-03 -4.8609765274e-17 
 -1.0776969595e-16 -4.8609765274e-17 -1.5089987918e-03
 
Elt 1
 -1.8930988718e-03 1.5662049513e-16 -1.6653345369e-16 
 1.5662049513e-16 5.9694865820e-03 4.2977422040e-20 
 -1.6653345369e-16 4.2977422040e-20 -1.8930988718e-03
 
Elt 1
 -2.0909791492e-03 -3.1923363510e-17 -3.4911309954e-17 
 -3.1923363510e-17 6.5099449674e-03 5.5538687700e-17 
 -3.4965520063e-17 5.5538687700e-17 -2.0909791492e-03
 
Elt 1
 -2.0371289173e-03 1.0768981136e-16 1.0007186052e-16 
 1.0768981136e-16 7.0499040331e-03 1.1748087993e-19 
 1.0018028074e-16 1.1748087993e-19 -2.0371289173e-03
 
Elt 1
 -2.1296881309e-03 -7.7466090609e-17 1.0907073855e-16 
 -7.7466090609e-17 7.5894649502e-03 -8.9470635084e-20 
 1.0928757899e-16 -8.9470635084e-20 -2.1296881309e-03
 
Elt 1
 -2.4971859546e-03 -1.4444902996e-16 0.0000000000e+00 
 -1.4444902996e-16 8.1287639311e-03 0.0000000000e+00 
 0.0000000000e+00 0.0000000000e+00 -2.4971859546e-03
 
Elt 1
 -2.7603277551e-03 3.1007551442e-17 -1.0039712117e-16 
 3.1007551442e-17 8.6677223508e-03 7.3109852604e-17 
 -1.0039712117e-16 7.3109852604e-17 -2.7603277551e-03
 
Elt 1
 -2.7322332027e-03 1.2792295923e-16 2.1684043450e-19 
 1.2792295923e-16 9.2061925812e-03 8.5374598402e-17 
 4.3368086899e-19 8.5374598402e-17 -2.7322332027e-03
 
Elt 1
 -2.7636755127e-03 7.8125388740e-18 0.0000000000e+00 
 7.8125388740e-18 9.7442314564e-03 0.0000000000e+00 
 0.0000000000e+00 0.0000000000e+00 -2.7636755127e-03
 
Elt 1
 -3.0957711525e-03 -5.1428395830e-17 8.8904578144e-17 
 -5.1428395830e-17 1.0281996105e-02 -8.8929967299e-17 
 8.8687737709e-17 -8.8929967299e-17 -3.0957711525e-03
 
Elt 1
 -3.4130983441e-03 -8.7945508441e-17 4.3368086899e-19 
 -8.7945508441e-17 1.0819454824e-02 -1.1309895658e-16 
 2.1684043450e-19 -1.1309895658e-16 -3.4130983441e-03
 
Elt 1
 -3.4272741779e-03 -1.9596295120e-16 -5.3342746886e-17 
 -1.9596295120e-16 1.1356446522e-02 -5.7235914766e-20 
 -5.3342746886e-17 -5.7235914766e-20 -3.4272741779e-03
 
Elt 1
 -3.4109249748e-03 7.6671183433e-17 -8.0664641633e-17 
 7.6671183433e-17 1.1892979777e-02 1.3217074096e-16 
 -8.0447801198e-17 1.3217074096e-16 -3.4109249748e-03
 
Elt 1
 -3.6935631878e-03 8.5069890680e-17 1.4474099003e-17 
 8.5069890680e-17 1.2429217718e-02 1.6699980489e-16 
 1.4419888894e-17 1.6699980489e-16 -3.6935631878e-03
 
Elt 1
 -4.0500644397e-03 -2.5656715796e-16 4.9005938196e-17 
 -2.5656715796e-16 1.2965177023e-02 9.5383632055e-20 
 4.9005938196e-17 9.5383632055e-20 -4.0500644397e-03
 
Elt 1
 -4.1178753799e-03 -1.2652842297e-16 5.6849146576e-31 
 -1.2652842297e-16 1.3500697889e-02 -1.0325748294e-16 
 5.6849146576e-31 -1.0325748294e-16 -4.1178753799e-03
 
Elt 1
 -4.0700193356e-03 -4.7049414055e-17 -3.4694469520e-17 
 -4.7049414055e-17 1.4035741400e-02 -1.0439407174e-16 
 -3.4694469520e-17 -1.0439407174e-16 -4.0700193356e-03
 
Elt 1
 -4.2945508420e-03 1.8343183750e-16 -5.1391182976e-17 
 1.8343183750e-16 1.4570462541e-02 -3.4737467962e-17 
 -5.1499603193e-17 -3.4737467962e-17 -4.2945508420e-03
 
Elt 1
 -4.6731879477e-03 1.7874858572e-16 -4.1416522989e-17 
 1.7874858572e-16 1.5104923477e-02 9.7580354458e-17 
 -4.1199682554e-17 9.7580354458e-17 -4.6731879477e-03
 
Elt 1
 -4.8005354301e-03 -4.7869339707e-17 -1.1918558304e-31 
 -4.7869339707e-17 1.5638979024e-02 6.5707636009e-17 
 -1.1918558304e-31 6.5707636009e-17 -4.8005354301e-03
 
Elt 1
 -4.7385506463e-03 -1.7919944196e-16 7.2858385991e-17 
 -1.7919944196e-16 1.6172547495e-02 -5.9194176165e-17 
 7.2641545557e-17 -5.9194176165e-17 -4.7385506463e-03
 
Elt 1
 -4.9017412409e-03 -1.4085413816e-16 5.5023260254e-18 
 -1.4085413816e-16 1.6705763532e-02 -7.3280778574e-17 
 5.5023260254e-18 -7.3280778574e-17 -4.9017412409e-03
 
Elt 1
 -5.2852143309e-03 6.0442765899e-17 -1.1145598333e-16 
 6.0442765899e-17 1.7238728428e-02 -2.3704633532e-19 
 -1.1102230246e-16 -2.3704633532e-19 -5.2852143309e-03
 
Elt 1
 -5.4728038110e-03 9.6464287427e-17 1.2739375527e-17 
 9.6464287427e-17 1.7771322524e-02 6.6156534628e-17 
 1.2739375527e-17 6.6156534628e-17 -5.4728038110e-03
 
Elt 1
 -5.4135324570e-03 1.2935568800e-16 0.0000000000e+00 
 1.2935568800e-16 1.8303429082e-02 0.0000000000e+00 
 0.0000000000e+00 0.0000000000e+00 -5.4135324570e-03
 
Elt 1
 -5.5170570708e-03 1.7693639041e-17 0.0000000000e+00 
 1.7693639041e-17 1.8835152925e-02 0.0000000000e+00 
 0.0000000000e+00 0.0000000000e+00 -5.5170570708e-03
 
Elt 1
 -5.8892733083e-03 -1.0903176312e-16 -6.5268970784e-17 
 -1.0903176312e-16 1.9366625679e-02 -5.0950380567e-17 
 -6.5268970784e-17 -5.0950380567e-17 -5.8892733083e-03
 
Elt 1
 -6.1333105712e-03 2.1414184616e-16 0.0000000000e+00 
 2.1414184616e-16 1.9897761146e-02 0.0000000000e+00 
 0.0000000000e+00 0.0000000000e+00 -6.1333105712e-03
 
Elt 1
 -6.0917817482e-03 -2.8691800154e-17 4.6837533851e-17 
 -2.8691800154e-17 2.0428417155e-02 7.8094916367e-17 
 4.7271214720e-17 7.8094916367e-17 -6.0917817482e-03
 
Elt 1
 -6.1413661205e-03 5.7232044415e-17 2.9923979961e-17 
 5.7232044415e-17 2.0958662337e-02 9.5843043932e-17 
 2.9707139526e-17 9.5843043932e-17 -6.1413661205e-03
 
Elt 1
 -6.4885276920e-03 1.3709984115e-17 0.0000000000e+00 
 1.3709984115e-17 2.1488648511e-02 0.0000000000e+00 
 0.0000000000e+00 0.0000000000e+00 -6.4885276920e-03
 
Elt 1
 -6.7816825202e-03 -1.0411638025e-17 -2.1684043450e-19 
 -1.0411638025e-17 2.2018327690e-02 -8.2010567658e-17 
 2.1684043450e-19 -8.2010567658e-17 -6.7816825202e-03
 
Elt 1
 -6.7702360343e-03 -1.1357268951e-16 4.0040770018e-31 
 -1.1357268951e-16 2.2547542752e-02 -1.3421729125e-16 
 -4.3368086899e-19 -1.3421729125e-16 -6.7702360343e-03
 
Elt 1
 -6.7746077509e-03 -1.3777442723e-16 4.2934406030e-17 
 -1.3777442723e-16 2.3076322898e-02 -3.2193369269e-17 
 4.2934406030e-17 -3.2193369269e-17 -6.7746077509e-03
 
Elt 1
 -7.0858961096e-03 -3.8947165252e-18 3.2458302539e-18 
 -3.8947165252e-18 2.3604829630e-02 6.1251671784e-17 
 3.2458302539e-18 6.1251671784e-17 -7.0858961096e-03
 
Elt 1
 -7.4183828473e-03 -5.7726794173e-17 -7.7195194681e-17 
 -5.7726794173e-17 2.4133054882e-02 1.4841672930e-16 
 -7.7195194681e-17 1.4841672930e-16 -7.4183828473e-03
 
Elt 1
 -7.4461881060e-03 1.3593317958e-17 -3.5128150389e-17 
 1.3593317958e-17 2.4660836985e-02 7.1616167070e-17 
 -3.5561831258e-17 7.1616167070e-17 -7.4461881060e-03
 
Elt 1
 -7.4159790615e-03 8.1314956358e-17 6.1582683397e-17 
 8.1314956358e-17 2.5188165368e-02 -4.9465815473e-17 
 6.2016364266e-17 -4.9465815473e-17 -7.4159790615e-03
 
Elt 1
 -7.6838601360e-03 1.2661936412e-16 2.9056618223e-17 
 1.2661936412e-16 2.5715201172e-02 -1.3509538473e-16 
 2.9056618223e-17 -1.3509538473e-16 -7.6838601360e-03
 
Elt 1
 -8.0445096790e-03 8.1330843404e-17 2.1684043450e-19 
 8.1330843404e-17 2.6241975264e-02 -1.1582421144e-16 
 4.3368086899e-19 -1.1582421144e-16 -8.0445096790e-03
 
Elt 1
 -8.1174350404e-03 -9.5012676828e-18 0.0000000000e+00 
 -9.5012676828e-18 2.6768331029e-02 0.0000000000e+00 
 0.0000000000e+00 0.0000000000e+00 -8.1174350404e-03
 
Elt 1
 -8.0641468177e-03 -6.0117574385e-18 -1.9407218887e-17 
 -6.0117574385e-18 2.7294220243e-02 1.3596217776e-16 
 -1.9353008779e-17 1.3596217776e-16 -8.0641468177e-03
 
Elt 1
 -8.2843542218e-03 -6.5225657312e-18 5.1608023410e-17 
 -6.5225657312e-18 2.7819794724e-02 1.2401892282e-16 
 5.1174342541e-17 1.2401892282e-16 -8.2843542218e-03
 
Elt 1
 -8.6615838695e-03 -1.9232046944e-17 3.9898639947e-17 
 -1.9232046944e-17 2.8345121108e-02 5.2440871531e-17 
 3.9898639947e-17 5.2440871531e-17 -8.6615838695e-03
 
Elt 1
 -8.7823484710e-03 7.4151492685e-18 3.0357660830e-17 
 7.4151492685e-18 2.8870056091e-02 -8.7734885452e-17 
 3.0357660830e-17 -8.7734885452e-17 -8.7823484710e-03
 
Elt 1
 -8.7174576339e-03 -1.0498096897e-17 9.9746599869e-18 
 -1.0498096897e-17 2.9394517834e-02 -6.7062237690e-17 
 1.0028870095e-17 -6.7062237690e-17 -8.7174576339e-03
 
Elt 1
 -8.8887283450e-03 1.6398310087e-16 -7.2858385991e-17 
 1.6398310087e-16 2.9918641379e-02 -4.9153206993e-17 
 -7.3292066860e-17 -4.9153206993e-17 -8.8887283450e-03
 
Elt 1
 -9.2713491470e-03 1.6141465977e-16 -1.1188966420e-16 
 1.6141465977e-16 3.0442524347e-02 8.2991944786e-17 
 -1.1102230246e-16 8.2991944786e-17 -9.2713491470e-03
 
Elt 1
 -9.4398795539e-03 1.5287504270e-17 2.7321894747e-17 
 1.5287504270e-17 3.0966043358e-02 5.5335400555e-17 
 2.6888213878e-17 5.5335400555e-17 -9.4398795539e-03
 
Elt 1
 -9.3741266882e-03 -2.3878383953e-16 9.2157184661e-17 
 -2.3878383953e-16 3.1489088326e-02 3.6495636960e-17 
 9.2374025096e-17 3.6495636960e-17 -9.3741266882e-03
 
Elt 1
 -9.4977684478e-03 -1.1908903882e-16 1.4918621893e-16 
 -1.1908903882e-16 3.2011771789e-02 -2.7828987836e-19 
 1.5005358067e-16 -2.7828987836e-19 -9.4977684478e-03
 
Elt 1
 -9.8756000867e-03 -1.0473682579e-16 0.0000000000e+00 
 -1.0473682579e-16 3.2534216538e-02 0.0000000000e+00 
 0.0000000000e+00 0.0000000000e+00 -9.8756000867e-03
 
Elt 1
 -1.0089515049e-02 -5.4761696873e-17 -1.3791051634e-16 
 -5.4761696873e-17 3.3056323940e-02 -3.7478965613e-17 
 -1.3791051634e-16 -3.7478965613e-17 -1.0089515049e-02
 
Elt 1
 -1.0032392973e-02 2.3928891797e-16 -1.1015494072e-16 
 2.3928891797e-16 3.3577961812e-02 -7.0675703179e-17 
 -1.1015494072e-16 -7.0675703179e-17 -1.0032392973e-02
 
Elt 1
 -1.0111757945e-02 -5.7166983486e-17 5.2041704279e-17 
 -5.7166983486e-17 3.4099216232e-02 -1.1569170406e-17 
 5.1824863845e-17 -1.1569170406e-17 -1.0111757945e-02
 
Elt 1
 -1.0476046301e-02 -9.1462814983e-17 4.7704895589e-17 
 -9.1462814983e-17 3.4620228840e-02 -1.4849415547e-19 
 4.7704895589e-17 -1.4849415547e-19 -1.0476046301e-02
 
Elt 1
 -1.0731201207e-02 -9.8547370843e-17 6.8521577301e-17 
 -9.8547370843e-17 3.5140928819e-02 6.7046429730e-17 
 6.8521577301e-17 6.7046429730e-17 -1.0731201207e-02
 
Elt 1
 -1.0690635833e-02 -2.8502641578e-17 -8.6736173799e-19 
 -2.8502641578e-17 3.5661168308e-02 1.3170412050e-19 
 0.0000000000e+00 1.3170412050e-19 -1.0690635833e-02
 
Elt 1
 -1.0730564154e-02 1.9253437421e-16 -1.0842021725e-16 
 1.9253437421e-16 3.6181004668e-02 3.8452902814e-17 
 -1.0842021725e-16 3.8452902814e-17 -1.0730564154e-02
 
Elt 1
 -1.1074215367e-02 9.8315187611e-18 -7.0906822081e-17 
 9.8315187611e-18 3.6700592009e-02 -4.0007285049e-20 
 -7.1123662515e-17 -4.0007285049e-20 -1.1074215367e-02
 
Elt 1
 -1.1365250547e-02 2.7350641707e-16 1.6219664500e-16 
 2.7350641707e-16 3.7219888790e-02 -4.2884246403e-17 
 1.6219664500e-16 -4.2884246403e-17 -1.1365250547e-02
 
Elt 1
 -1.1347452814e-02 1.0802249214e-16 1.3357370765e-16 
 1.0802249214e-16 3.7738737755e-02 -4.8740733292e-17 
 1.3357370765e-16 -4.8740733292e-17 -1.1347452814e-02
 
Elt 1
 -1.1353735628e-02 -1.8351229801e-16 -1.7997756063e-17 
 -1.8351229801e-16 3.8257166791e-02 -8.0446004654e-17 
 -1.8214596498e-17 -8.0446004654e-17 -1.1353735628e-02
 
Elt 1
 -1.1671392636e-02 -8.0588242271e-17 -4.7704895589e-17 
 -8.0588242271e-17 3.8775336417e-02 5.9651929884e-17 
 -4.7704895589e-17 5.9651929884e-17 -1.1671392636e-02
 
Elt 1
 0.0000000000e+00 0.0000000000e+00 0.0000000000e+00 
 0.0000000000e+00 0.0000000000e+00 0.0000000000e+00 
 0.0000000000e+00 0.0000000000e+00 0.0000000000e+00
 
Elt 1
 0.0000000000e+00 0.0000000000e+00 0.0000000000e+00 
 0.0000000000e+00 0.0000000000e+00 0.0000000000e+00 
 0.0000000000e+00 0.0000000000e+00 0.0000000000e+00
 
Elt 1
 0.0000000000e+00 0.0000000000e+00 0.0000000000e+00 
 0.0000000000e+00 6.8059648795e-04 0.0000000000e+00 
 0.0000000000e+00 0.0000000000e+00 0.0000000000e+00
 
Elt 1
 -5.8439882738e-04 4.7806343901e-19 0.0000000000e+00 
 4.7806343901e-19 1.3607300794e-03 0.0000000000e+00 
 0.0000000000e+00 0.0000000000e+00 -5.8439882738e-04
 
Elt 1
 -6.6476535811e-04 -4.6191321156e-17 3.9437854024e-17 
 -4.6191321156e-17 2.0404014034e-03 -1.9855693066e-20 
 3.9383643916e-17 -1.9855693066e-20 -6.6476535811e-04
 
Elt 1
 -5.9483592075e-04 -1.9468918133e-16 0.0000000000e+00 
 -1.9468918133e-16 2.7192144094e-03 0.0000000000e+00 
 0.0000000000e+00 0.0000000000e+00 -5.9483592075e-04
 
Elt 1
 -1.1593980697e-03 2.3585360895e-16 -1.5276408610e-16 
 2.3585360895e-16 3.3975124447e-03 -4.1410946109e-20 
 -1.5281829621e-16 -4.1410946109e-20 -1.1593980697e-03
 
Elt 1
 -1.3229969706e-03 3.5343869858e-17 0.0000000000e+00 
 3.5343869858e-17 4.0753980901e-03 0.0000000000e+00 
 0.0000000000e+00 0.0000000000e+00 -1.3229969706e-03
 
Elt 1
 -1.2000924751e-03 1.4502754520e-16 1.0917915877e-16 
 1.4502754520e-16 4.7524423058e-03 3.9474399344e-20 
 1.0928757899e-16 3.9474399344e-20 -1.2000924751e-03
 
Elt 1
 -1.7280458337e-03 1.4826496775e-17 3.5344990823e-17 
 1.4826496775e-17 5.4289178005e-03 -6.5968900482e-17 
 3.5344990823e-17 -6.5968900482e-17 -1.7280458337e-03
 
Elt 1
 -1.9729181254e-03 -7.3472139166e-17 0.0000000000e+00 
 -7.3472139166e-17 6.1050190481e-03 0.0000000000e+00 
 0.0000000000e+00 0.0000000000e+00 -1.9729181254e-03
 
Elt 1
 -1.8143818267e-03 1.0840734029e-16 1.1123914290e-16 
 1.0840734029e-16 6.7803069974e-03 -1.9256826106e-20 
 1.1156440355e-16 -1.9256826106e-20 -1.8143818267e-03
 
Elt 1
 -2.2931206219e-03 1.1406888941e-17 0.0000000000e+00 
 1.1406888941e-17 7.4549740689e-03 0.0000000000e+00 
 0.0000000000e+00 0.0000000000e+00 -2.2931206219e-03
 
Elt 1
 -2.6135750992e-03 6.5061251336e-17 -1.0863705768e-16 
 6.5061251336e-17 8.1292931312e-03 -3.0806449726e-20 
 -1.0842021725e-16 -3.0806449726e-20 -2.6135750992e-03
 
Elt 1
 -2.4359090105e-03 1.8329784891e-17 -1.0842021725e-19 
 1.8329784891e-17 8.8028353742e-03 6.5893529732e-20 
 1.0842021725e-19 6.5893529732e-20 -2.4359090105e-03
 
Elt 1
 -2.8569793957e-03 -4.3078145047e-17 1.0896231833e-16 
 -4.3078145047e-17 9.4757086762e-03 4.3208826454e-17 
 1.0907073855e-16 4.3208826454e-17 -2.8569793957e-03
 
Elt 1
 -3.2447155893e-03 2.7994854731e-16 0.0000000000e+00 
 2.7994854731e-16 1.0148248961e-02 0.0000000000e+00 
 0.0000000000e+00 0.0000000000e+00 -3.2447155893e-03
 
Elt 1
 -3.0627057052e-03 -1.7391400164e-16 -5.5511151231e-17 
 -1.7391400164e-16 1.0820054397e-02 -6.9025329207e-31 
 -5.5511151231e-17 -6.9025329207e-31 -3.0627057052e-03
 
Elt 1
 -3.4214807678e-03 -7.4228494321e-17 -5.0740661672e-17 
 -7.4228494321e-17 1.1491148644e-02 -6.7730224097e-17 
 -5.0740661672e-17 -6.7730224097e-17 -3.4214807678e-03
 
Elt 1
 -3.8666404286e-03 1.0353475043e-16 0.0000000000e+00 
 1.0353475043e-16 1.2161914859e-02 0.0000000000e+00 
 0.0000000000e+00 0.0000000000e+00 -3.8666404286e-03
 
Elt 1
 -3.6928163751e-03 6.0759917617e-17 9.0856142054e-17 
 6.0759917617e-17 1.2831991078e-02 -2.3431349076e-20 
 9.0856142054e-17 -2.3431349076e-20 -3.6928163751e-03
 
Elt 1
 -3.9879694841e-03 1.5235378316e-16 0.0000000000e+00 
 1.5235378316e-16 1.3501320672e-02 0.0000000000e+00 
 0.0000000000e+00 0.0000000000e+00 -3.9879694841e-03
 
Elt 1
 -4.4800506283e-03 4.6263785355e-17 -1.0928757899e-16 
 4.6263785355e-17 1.4170318801e-02 -5.9043227559e-17 
 -1.0928757899e-16 -5.9043227559e-17 -4.4800506283e-03
 
Elt 1
 -4.3244324981e-03 -7.1134289973e-17 -4.7921736024e-17 
 -7.1134289973e-17 1.4838672442e-02 -5.7416668256e-17 
 -4.7921736024e-17 -5.7416668256e-17 -4.3244324981e-03
 
Elt 1
 -4.5573063165e-03 -4.2607598287e-17 9.9746599869e-17 
 -4.2607598287e-17 1.5506251211e-02 1.0286379790e-16 
 9.9746599869e-17 1.0286379790e-16 -4.5573063165e-03
 
Elt 1
 -5.0859050958e-03 -2.9405701600e-17 0.0000000000e+00 
 -2.9405701600e-17 1.6173488406e-02 0.0000000000e+00 
 0.0000000000e+00 0.0000000000e+00 -5.0859050958e-03
 
Elt 1
 -4.9559775366e-03 -5.3931673779e-17 5.0306980803e-17 
 -5.3931673779e-17 1.6840125485e-02 -9.7925128468e-17 
 5.0306980803e-17 -9.7925128468e-17 -4.9559775366e-03
 
Elt 1
 -5.1299277857e-03 -8.9241457374e-17 -1.6349768761e-16 
 -8.9241457374e-17 1.7505966516e-02 -5.9229201015e-17 
 -1.6349768761e-16 -5.9229201015e-17 -5.1299277857e-03
 
Elt 1
 -5.6852983342e-03 5.9500984717e-17 4.3368086899e-19 
 5.9500984717e-17 1.8171450928e-02 7.6665839239e-17 
 8.6736173799e-19 7.6665839239e-17 -5.6852983342e-03
 
Elt 1
 -5.5861495868e-03 -2.4878295992e-16 1.3834419721e-16 
 -2.4878295992e-16 1.8836377129e-02 3.6368021233e-17 
 1.3834419721e-16 3.6368021233e-17 -5.5861495868e-03
 
Elt 1
 -5.7059219871e-03 7.8105827020e-17 0.0000000000e+00 
 7.8105827020e-17 1.9500492687e-02 0.0000000000e+00 
 0.0000000000e+00 0.0000000000e+00 -5.7059219871e-03
 
Elt 1
 -6.2793625021e-03 -8.9759549272e-17 -1.0972125986e-16 
 -8.9759549272e-17 2.0164233273e-02 -6.6504825758e-17 
 -1.1015494072e-16 -6.6504825758e-17 -6.2793625021e-03
 
Elt 1
 -6.2139306561e-03 -8.0190961257e-17 0.0000000000e+00 
 -8.0190961257e-17 2.0827454185e-02 0.0000000000e+00 
 0.0000000000e+00 0.0000000000e+00 -6.2139306561e-03
 
Elt 1
 -6.2851095039e-03 1.1243012430e-16 4.8572257327e-17 
 1.1243012430e-16 2.1489855695e-02 1.2348570934e-16 
 4.8355416893e-17 1.2348570934e-16 -6.2851095039e-03
 
Elt 1
 -6.8691945412e-03 2.2908545888e-16 0.0000000000e+00 
 2.2908545888e-16 2.2151862021e-02 0.0000000000e+00 
 0.0000000000e+00 0.0000000000e+00 -6.8691945412e-03
 
Elt 1
 -6.8385718353e-03 -4.2400028961e-17 -5.1174342541e-17 
 -4.2400028961e-17 2.2813383312e-02 -1.1528662773e-16 
 -5.1391182976e-17 -1.1528662773e-16 -6.8385718353e-03
 
Elt 1
 -6.8671213749e-03 -2.7822882756e-17 -3.3827107782e-17 
 -2.7822882756e-17 2.3474081393e-02 -1.0324973599e-16 
 -3.3827107782e-17 -1.0324973599e-16 -6.8671213749e-03
 
Elt 1
 -7.4558065908e-03 -3.5393591819e-17 3.1658703437e-17 
 -3.5393591819e-17 2.4134363453e-02 9.8061443449e-17 
 3.1658703437e-17 9.8061443449e-17 -7.4558065908e-03
 
Elt 1
 -7.4595628479e-03 1.2627450542e-16 4.5536491244e-17 
 1.2627450542e-16 2.4794190996e-02 1.7988271604e-16 
 4.5536491244e-17 1.7988271604e-16 -7.4595628479e-03
 
Elt 1
 -7.4514689182e-03 7.9111319302e-17 -5.2475385148e-17 
 7.9111319302e-17 2.5453195521e-02 -7.5149705856e-17 
 -5.3342746886e-17 -7.5149705856e-17 -7.4514689182e-03
 
Elt 1
 -8.0400964357e-03 -7.2685900329e-17 -4.3693347551e-17 
 -7.2685900329e-17 2.6111763573e-02 -2.1695461779e-16 
 -4.3801767768e-17 -2.1695461779e-16 -8.0400964357e-03
 
Elt 1
 -8.0765930575e-03 -2.6226600875e-17 2.0003530082e-17 
 -2.6226600875e-17 2.6769903523e-02 -5.8278421461e-17 
 1.9949319974e-17 -5.8278421461e-17 -8.0765930575e-03
 
Elt 1
 -8.0376026400e-03 1.8013328878e-16 1.3357370765e-16 
 1.8013328878e-16 2.7427223706e-02 2.1021759024e-16 
 1.3314002678e-16 2.1021759024e-16 -8.0376026400e-03
 
Elt 1
 -8.6228340506e-03 6.3479436667e-18 2.6020852140e-17 
 6.3479436667e-18 2.8084088138e-02 1.5330524931e-16 
 2.6020852140e-17 1.5330524931e-16 -8.6228340506e-03
 
Elt 1
 -8.6895094091e-03 -1.9051939787e-16 -8.4567769454e-17 
 -1.9051939787e-16 2.8740546968e-02 -1.3454951718e-16 
 -8.4567769454e-17 -1.3454951718e-16 -8.6895094091e-03
 
Elt 1
 -8.6249593519e-03 -7.1087844367e-17 -1.3552527156e-20 
 -7.1087844367e-17 2.9396191453e-02 -1.5775610236e-16 
 -2.7105054312e-20 -1.5775610236e-16 -8.6249593519e-03
 
Elt 1
 -9.2046601950e-03 2.4552160300e-16 1.0972125986e-16 
 2.4552160300e-16 3.0051362679e-02 5.0540194561e-17 
 1.0972125986e-16 5.0540194561e-17 -9.2046601950e-03
 
Elt 1
 -9.2982752144e-03 2.2383675660e-16 4.6837533851e-17 
 2.2383675660e-16 3.0706147188e-02 1.7490770744e-16 
 4.6837533851e-17 1.7490770744e-16 -9.2982752144e-03
 
Elt 1
 -9.2129979705e-03 -1.9349804679e-16 -1.0234868508e-16 
 -1.9349804679e-16 3.1360124137e-02 -7.9409148487e-21 
 -1.0234868508e-16 -7.9409148487e-21 -9.2129979705e-03
 
Elt 1
 -9.7860932812e-03 -1.5241885112e-16 -3.6646033430e-17 
 -1.5241885112e-16 3.2013612522e-02 -1.1626075516e-16 
 -3.6537613213e-17 -1.1626075516e-16 -9.7860932812e-03
 
Elt 1
 -9.9029323257e-03 1.1357712285e-16 0.0000000000e+00 
 1.1357712285e-16 3.2666729813e-02 0.0000000000e+00 
 0.0000000000e+00 0.0000000000e+00 -9.9029323257e-03
 
Elt 1
 -9.8012253198e-03 2.0056688405e-16 4.3151246465e-17 
 2.0056688405e-16 3.3319046996e-02 6.8444567369e-17 
 4.3368086899e-17 6.8444567369e-17 -9.8012253198e-03
 
Elt 1
 -1.0367541219e-02 -2.1990170751e-17 0.0000000000e+00 
 -2.1990170751e-17 3.3970862801e-02 0.0000000000e+00 
 0.0000000000e+00 0.0000000000e+00 -1.0367541219e-02
 
Elt 1
 -1.0503568158e-02 -1.1186152710e-16 -1.0755285551e-16 
 -1.1186152710e-16 3.4622320251e-02 -1.1173917709e-16 
 -1.0711917464e-16 -1.1173917709e-16 -1.0503568158e-02
 
Elt 1
 -1.0389213699e-02 1.9203715501e-16 7.8496237288e-17 
 1.9203715501e-16 3.5272985115e-02 -1.0128882836e-19 
 7.7195194681e-17 -1.0128882836e-19 -1.0389213699e-02
 
Elt 1
 -1.0949315512e-02 1.4958158010e-16 9.5409791179e-17 
 1.4958158010e-16 3.5923138474e-02 1.4880997543e-16 
 9.4976110310e-17 1.4880997543e-16 -1.0949315512e-02
 
Elt 1
 -1.1100288215e-02 1.7571505575e-16 2.5082482542e-31 
 1.7571505575e-16 3.6572943688e-02 8.8120719136e-17 
 2.5082482542e-31 8.8120719136e-17 -1.1100288215e-02
 
Elt 1
 -1.0976612100e-02 -5.3419955079e-17 -6.0064800356e-17 
 -5.3419955079e-17 3.7221963429e-02 -1.6332830377e-16 
 -5.9847959921e-17 -1.6332830377e-16 -1.0976612100e-02
 
Elt 1
 -1.1531645458e-02 -1.0112850648e-16 1.2229800506e-16 
 -1.0112850648e-16 3.7870464334e-02 -1.4632091842e-16 
 1.2229800506e-16 -1.4632091842e-16 -1.1531645458e-02
 
Elt 1
 -1.1693194242e-02 -1.7086088967e-17 8.0773061850e-18 
 -1.7086088967e-17 3.8518625089e-02 6.3171780350e-17 
 8.0230960764e-18 6.3171780350e-17 -1.1693194242e-02
 
Elt 1
 -1.1563152871e-02 1.9712605076e-17 -5.2909066017e-17 
 1.9712605076e-17 3.9166006703e-02 1.5832103657e-16 
 -5.2909066017e-17 1.5832103657e-16 -1.1563152871e-02
 
Elt 1
 0.0000000000e+00 0.0000000000e+00 0.0000000000e+00 
 0.0000000000e+00 0.0000000000e+00 0.0000000000e+00 
 0.0000000000e+00 0.0000000000e+00 0.0000000000e+00
 
