
b:
0001 0000 0000 
0000 0001 0000 
0000 0000 0001 


F:
0001 0000 0000 
0000 0001 0000 
0000 0000 0001 



b:
0001 0000 0000 
0000 0001 0000 
0000 0000 0001 


F:
0001 0000 0000 
0000 0001 0000 
0000 0000 0001 



b:
0001 -2.6360e-17 0000 
-2.6360e-17 1.0001e+00 0000 
0000 0000 0001 


F:
0001 0000 0000 
-2.6360e-17 1.0001e+00 0000 
0000 0000 0001 



b:
9.9993e-01 8.6071e-17 3.8888e-17 
8.6071e-17 1.0002e+00 -9.7081e-34 
3.8888e-17 -9.7081e-34 9.9993e-01 


F:
9.9997e-01 1.1102e-16 0000 
-2.4964e-17 1.0001e+00 0000 
3.8889e-17 0000 9.9997e-01 



b:
9.9987e-01 2.3354e-17 4.3682e-17 
2.3354e-17 1.0003e+00 -1.1104e-16 
4.3682e-17 -1.1104e-16 9.9987e-01 


F:
9.9994e-01 0000 1.1102e-16 
2.3356e-17 1.0002e+00 0000 
-6.7338e-17 -1.1102e-16 9.9994e-01 



b:
9.9987e-01 2.0943e-17 9.5022e-17 
2.0943e-17 1.0004e+00 8.2765e-34 
9.5022e-17 8.2765e-34 9.9987e-01 


F:
9.9993e-01 0000 5.5511e-17 
2.0944e-17 1.0002e+00 0000 
3.9517e-17 0000 9.9993e-01 



b:
9.9986e-01 1.9929e-17 -1.5494e-16 
1.9929e-17 1.0005e+00 1.1105e-16 
-1.5494e-16 1.1105e-16 9.9986e-01 


F:
9.9993e-01 0000 -1.6653e-16 
1.9930e-17 1.0003e+00 0000 
1.1587e-17 1.1102e-16 9.9993e-01 



b:
9.9980e-01 -1.2841e-16 5.2270e-17 
-1.2841e-16 1.0007e+00 1.1106e-16 
5.2270e-17 1.1106e-16 9.9980e-01 


F:
9.9990e-01 -1.1102e-16 0000 
-1.7352e-17 1.0003e+00 0000 
5.2275e-17 1.1102e-16 9.9990e-01 



b:
9.9975e-01 -2.4306e-17 2.1537e-16 
-2.4306e-17 1.0008e+00 1.1106e-16 
2.1537e-16 1.1106e-16 9.9975e-01 


F:
9.9987e-01 -5.5511e-17 1.1102e-16 
3.1230e-17 1.0004e+00 0000 
1.0437e-16 1.1102e-16 9.9987e-01 



b:
9.9973e-01 7.4351e-17 -9.3638e-17 
7.4351e-17 1.0009e+00 -3.3321e-16 
-9.3638e-17 -3.3321e-16 9.9973e-01 


F:
9.9987e-01 5.5511e-17 0000 
1.8818e-17 1.0004e+00 0000 
-9.3650e-17 -3.3307e-16 9.9987e-01 



b:
9.9972e-01 2.0256e-16 -1.7369e-16 
2.0256e-16 1.0010e+00 -1.1108e-16 
-1.7369e-16 -1.1108e-16 9.9972e-01 


F:
9.9986e-01 1.6653e-16 0000 
3.5953e-17 1.0005e+00 0000 
-1.7371e-16 -1.1102e-16 9.9986e-01 



b:
9.9967e-01 1.3612e-17 -2.8701e-16 
1.3612e-17 1.0011e+00 -1.6408e-33 
-2.8701e-16 -1.6408e-33 9.9967e-01 


F:
9.9984e-01 0000 -1.6653e-16 
1.3614e-17 1.0005e+00 0000 
-1.2053e-16 0000 9.9984e-01 



b:
9.9962e-01 -1.5987e-16 1.0073e-16 
-1.5987e-16 1.0012e+00 3.3327e-16 
1.0073e-16 3.3327e-16 9.9962e-01 


F:
9.9981e-01 -1.6653e-16 -1.1102e-16 
6.7650e-18 1.0006e+00 0000 
2.1178e-16 3.3307e-16 9.9981e-01 



b:
9.9960e-01 -9.0610e-17 3.7875e-16 
-9.0610e-17 1.0013e+00 2.2219e-16 
3.7875e-16 2.2219e-16 9.9960e-01 


F:
9.9980e-01 -1.1102e-16 5.5511e-17 
2.0488e-17 1.0007e+00 0000 
3.2332e-16 2.2204e-16 9.9980e-01 



b:
9.9959e-01 -1.2335e-16 2.9466e-16 
-1.2335e-16 1.0014e+00 -2.9297e-33 
2.9466e-16 -2.9297e-33 9.9959e-01 


F:
9.9979e-01 -1.1102e-16 5.5511e-17 
-1.2248e-17 1.0007e+00 0000 
2.3921e-16 0000 9.9979e-01 



b:
9.9954e-01 1.2960e-16 -1.6292e-16 
1.2960e-16 1.0015e+00 -2.2221e-16 
-1.6292e-16 -2.2221e-16 9.9954e-01 


F:
9.9977e-01 1.6653e-16 0000 
-3.7065e-17 1.0008e+00 0000 
-1.6296e-16 -2.2204e-16 9.9977e-01 



b:
9.9950e-01 2.0983e-16 -1.2338e-16 
2.0983e-16 1.0016e+00 -2.2223e-16 
-1.2338e-16 -2.2223e-16 9.9950e-01 


F:
9.9975e-01 2.2204e-16 1.1102e-16 
-1.2401e-17 1.0008e+00 0000 
-2.3444e-16 -2.2204e-16 9.9975e-01 



b:
9.9947e-01 2.4914e-16 -1.7141e-16 
2.4914e-16 1.0017e+00 -2.2224e-16 
-1.7141e-16 -2.2224e-16 9.9947e-01 


F:
9.9974e-01 2.2204e-16 5.5511e-17 
2.6906e-17 1.0009e+00 0000 
-2.2696e-16 -2.2204e-16 9.9974e-01 



b:
9.9945e-01 -4.2475e-17 -1.5413e-16 
-4.2475e-17 1.0019e+00 -2.2225e-16 
-1.5413e-16 -2.2225e-16 9.9945e-01 


F:
9.9973e-01 -5.5511e-17 0000 
1.3091e-17 1.0009e+00 0000 
-1.5417e-16 -2.2204e-16 9.9973e-01 



b:
9.9941e-01 -3.7133e-16 -1.9932e-16 
-3.7133e-16 1.0020e+00 1.1113e-16 
-1.9932e-16 1.1113e-16 9.9941e-01 


F:
9.9971e-01 -3.8858e-16 -1.6653e-16 
1.7634e-17 1.0010e+00 0000 
-3.2843e-17 1.1102e-16 9.9971e-01 



b:
9.9937e-01 -5.4676e-16 6.8972e-17 
-5.4676e-16 1.0021e+00 2.2227e-16 
6.8972e-17 2.2227e-16 9.9937e-01 


F:
9.9968e-01 -4.9960e-16 0000 
-4.6656e-17 1.0010e+00 0000 
6.8994e-17 2.2204e-16 9.9968e-01 



b:
9.9934e-01 -8.5930e-17 1.8378e-16 
-8.5930e-17 1.0022e+00 4.4457e-16 
1.8378e-16 4.4457e-16 9.9934e-01 


F:
9.9967e-01 -5.5511e-17 5.5511e-17 
-3.0369e-17 1.0011e+00 0000 
1.2832e-16 4.4409e-16 9.9967e-01 



b:
9.9932e-01 2.9423e-16 -1.7773e-17 
2.9423e-16 1.0023e+00 2.8750e-33 
-1.7773e-17 2.8750e-33 9.9932e-01 


F:
9.9966e-01 3.3307e-16 5.5511e-17 
-3.9227e-17 1.0011e+00 0000 
-7.3290e-17 0000 9.9966e-01 



b:
9.9928e-01 2.8413e-16 6.1437e-18 
2.8413e-16 1.0024e+00 -2.2231e-16 
6.1437e-18 -2.2231e-16 9.9928e-01 


F:
9.9964e-01 3.3307e-16 5.5511e-17 
-4.9356e-17 1.0012e+00 0000 
-4.9365e-17 -2.2204e-16 9.9964e-01 



b:
9.9924e-01 3.5347e-16 2.1611e-16 
3.5347e-16 1.0025e+00 -3.3348e-16 
2.1611e-16 -3.3348e-16 9.9924e-01 


F:
9.9962e-01 3.8858e-16 1.6653e-16 
-3.5604e-17 1.0013e+00 0000 
4.9663e-17 -3.3307e-16 9.9962e-01 



b:
9.9921e-01 2.2075e-16 2.1605e-16 
2.2075e-16 1.0026e+00 -2.2233e-16 
2.1605e-16 -2.2233e-16 9.9921e-01 


F:
9.9961e-01 1.6653e-16 1.1102e-16 
5.4024e-17 1.0013e+00 0000 
1.0511e-16 -2.2204e-16 9.9961e-01 



b:
9.9919e-01 -2.2312e-16 -2.4678e-16 
-2.2312e-16 1.0027e+00 2.2235e-16 
-2.4678e-16 2.2235e-16 9.9919e-01 


F:
9.9959e-01 -2.7756e-16 -2.2204e-16 
5.4835e-17 1.0014e+00 0000 
-2.4831e-17 2.2204e-16 9.9959e-01 



b:
9.9915e-01 -5.9844e-16 -5.7761e-16 
-5.9844e-16 1.0028e+00 2.2236e-16 
-5.7761e-16 2.2236e-16 9.9915e-01 


F:
9.9958e-01 -6.1062e-16 -3.8858e-16 
1.3052e-17 1.0014e+00 0000 
-1.8928e-16 2.2204e-16 9.9958e-01 



b:
9.9911e-01 -7.0168e-16 -4.4074e-16 
-7.0168e-16 1.0029e+00 -3.4365e-33 
-4.4074e-16 -3.4365e-33 9.9911e-01 


F:
9.9956e-01 -7.2164e-16 -2.7756e-16 
2.1034e-17 1.0015e+00 0000 
-1.6338e-16 0000 9.9956e-01 



b:
9.9908e-01 3.6033e-17 2.1776e-16 
3.6033e-17 1.0031e+00 1.1119e-16 
2.1776e-16 1.1119e-16 9.9908e-01 


F:
9.9954e-01 0000 1.1102e-16 
3.6050e-17 1.0015e+00 0000 
1.0684e-16 1.1102e-16 9.9954e-01 



b:
9.9906e-01 4.9058e-16 3.9284e-16 
4.9058e-16 1.0032e+00 1.1120e-16 
3.9284e-16 1.1120e-16 9.9906e-01 


F:
9.9953e-01 4.9960e-16 2.2204e-16 
-9.8163e-18 1.0016e+00 0000 
1.7098e-16 1.1102e-16 9.9953e-01 



b:
9.9902e-01 7.9747e-16 4.4752e-16 
7.9747e-16 1.0033e+00 -1.1120e-16 
4.4752e-16 -1.1120e-16 9.9902e-01 


F:
9.9951e-01 7.7716e-16 2.2204e-16 
1.9057e-17 1.0016e+00 0000 
2.2570e-16 -1.1102e-16 9.9951e-01 



b:
9.9898e-01 2.0979e-16 -8.3331e-19 
2.0979e-16 1.0034e+00 -1.1121e-16 
-8.3331e-19 -1.1121e-16 9.9898e-01 


F:
9.9949e-01 2.2204e-16 -1.6653e-16 
-1.2633e-17 1.0017e+00 0000 
1.6570e-16 -1.1102e-16 9.9949e-01 



b:
9.9895e-01 -3.9203e-16 -1.4069e-16 
-3.9203e-16 1.0035e+00 -1.1122e-16 
-1.4069e-16 -1.1122e-16 9.9895e-01 


F:
9.9948e-01 -4.4409e-16 -2.7756e-16 
5.2862e-17 1.0017e+00 0000 
1.3679e-16 -1.1102e-16 9.9948e-01 



b:
9.9892e-01 -6.5624e-16 -1.2348e-19 
-6.5624e-16 1.0036e+00 -2.4673e-33 
-1.2348e-19 -2.4673e-33 9.9892e-01 


F:
9.9946e-01 -6.1062e-16 -5.5511e-17 
-4.4546e-17 1.0018e+00 0000 
5.5388e-17 0000 9.9946e-01 



b:
9.9889e-01 -4.2770e-16 -3.9077e-17 
-4.2770e-16 1.0037e+00 1.1123e-16 
-3.9077e-17 1.1123e-16 9.9889e-01 


F:
9.9945e-01 -4.4409e-16 5.5511e-17 
1.7223e-17 1.0019e+00 0000 
-9.4609e-17 1.1102e-16 9.9945e-01 



b:
9.9885e-01 1.6416e-16 -4.8696e-17 
1.6416e-16 1.0038e+00 1.1123e-16 
-4.8696e-17 1.1123e-16 9.9885e-01 


F:
9.9943e-01 1.6653e-16 1.6653e-16 
-2.6931e-18 1.0019e+00 0000 
-2.1526e-16 1.1102e-16 9.9943e-01 



b:
9.9882e-01 6.0650e-16 -2.4487e-16 
6.0650e-16 1.0039e+00 -1.5126e-32 
-2.4487e-16 -1.5126e-32 9.9882e-01 


F:
9.9941e-01 5.5511e-16 5.5511e-17 
5.0330e-17 1.0020e+00 0000 
-3.0053e-16 0000 9.9941e-01 



b:
9.9879e-01 6.0940e-16 -1.7310e-16 
6.0940e-16 1.0040e+00 -2.2249e-16 
-1.7310e-16 -2.2249e-16 9.9879e-01 


F:
9.9940e-01 5.5511e-16 5.5511e-17 
5.3198e-17 1.0020e+00 0000 
-2.2872e-16 -2.2204e-16 9.9940e-01 



b:
9.9876e-01 1.2014e-17 1.4220e-16 
1.2014e-17 1.0041e+00 -3.3376e-16 
1.4220e-16 -3.3376e-16 9.9876e-01 


F:
9.9938e-01 0000 1.6653e-16 
1.2022e-17 1.0021e+00 0000 
-2.4243e-17 -3.3307e-16 9.9938e-01 



b:
9.9872e-01 -6.2585e-16 2.6494e-16 
-6.2585e-16 1.0043e+00 -1.1126e-16 
2.6494e-16 -1.1126e-16 9.9872e-01 


F:
9.9936e-01 -6.6613e-16 5.5511e-17 
4.1722e-17 1.0021e+00 0000 
2.0960e-16 -1.1102e-16 9.9936e-01 



b:
9.9869e-01 -3.4466e-16 3.8493e-16 
-3.4466e-16 1.0044e+00 4.4506e-16 
3.8493e-16 4.4506e-16 9.9869e-01 


F:
9.9935e-01 -3.8858e-16 0000 
4.4797e-17 1.0022e+00 0000 
3.8518e-16 4.4409e-16 9.9935e-01 



b:
9.9866e-01 2.3776e-17 -1.2987e-16 
2.3776e-17 1.0045e+00 7.7889e-16 
-1.2987e-16 7.7889e-16 9.9866e-01 


F:
9.9933e-01 5.5511e-17 -3.8858e-16 
-3.1881e-17 1.0022e+00 0000 
2.5863e-16 7.7716e-16 9.9933e-01 



b:
9.9863e-01 2.5997e-16 -5.3856e-16 
2.5997e-16 1.0046e+00 3.3383e-16 
-5.3856e-16 3.3383e-16 9.9863e-01 


F:
9.9931e-01 2.7756e-16 -4.4409e-16 
-1.8233e-17 1.0023e+00 0000 
-9.4835e-17 3.3307e-16 9.9931e-01 



b:
9.9859e-01 1.3435e-16 -3.9242e-16 
1.3435e-16 1.0047e+00 -7.7898e-16 
-3.9242e-16 -7.7898e-16 9.9859e-01 


F:
9.9930e-01 1.1102e-16 -2.2204e-16 
2.3080e-17 1.0023e+00 0000 
-1.7065e-16 -7.7716e-16 9.9930e-01 



b:
9.9856e-01 -9.0015e-17 1.4154e-16 
-9.0015e-17 1.0048e+00 -1.1129e-15 
1.4154e-16 -1.1129e-15 9.9856e-01 


F:
9.9928e-01 -5.5511e-17 2.2204e-16 
-3.4396e-17 1.0024e+00 0000 
-8.0399e-17 -1.1102e-15 9.9928e-01 



b:
9.9853e-01 1.6340e-16 6.4710e-16 
1.6340e-16 1.0049e+00 -2.2259e-16 
6.4710e-16 -2.2259e-16 9.9853e-01 


F:
9.9927e-01 1.6653e-16 6.1062e-16 
-3.5396e-18 1.0025e+00 0000 
3.6954e-17 -2.2204e-16 9.9927e-01 



b:
9.9850e-01 4.0982e-16 3.0574e-16 
4.0982e-16 1.0050e+00 6.6780e-16 
3.0574e-16 6.6780e-16 9.9850e-01 


F:
9.9925e-01 3.8858e-16 4.4409e-16 
2.0287e-17 1.0025e+00 0000 
-1.3812e-16 6.6613e-16 9.9925e-01 



b:
9.9846e-01 1.6466e-16 -1.8133e-16 
1.6466e-16 1.0051e+00 1.0018e-15 
-1.8133e-16 1.0018e-15 9.9846e-01 


F:
9.9923e-01 1.1102e-16 5.5511e-17 
5.3398e-17 1.0026e+00 0000 
-2.3698e-16 9.9920e-16 9.9923e-01 



b:
9.9843e-01 -3.8194e-16 -4.7983e-16 
-3.8194e-16 1.0052e+00 5.5656e-16 
-4.7983e-16 5.5656e-16 9.9843e-01 


F:
9.9922e-01 -3.8858e-16 -3.3307e-16 
7.6588e-18 1.0026e+00 0000 
-1.4714e-16 5.5511e-16 9.9922e-01 



b:
9.9840e-01 -6.8689e-16 -1.4615e-16 
-6.8689e-16 1.0053e+00 -4.4527e-16 
-1.4615e-16 -4.4527e-16 9.9840e-01 


F:
9.9920e-01 -7.2164e-16 -3.3307e-16 
3.6705e-17 1.0027e+00 0000 
1.8680e-16 -4.4409e-16 9.9920e-01 



b:
9.9837e-01 -4.2043e-16 2.0014e-16 
-4.2043e-16 1.0055e+00 -8.9060e-16 
2.0014e-16 -8.9060e-16 9.9837e-01 


F:
9.9918e-01 -3.8858e-16 -2.7756e-16 
-3.0822e-17 1.0027e+00 0000 
4.7786e-16 -8.8818e-16 9.9918e-01 



b:
9.9833e-01 5.2411e-16 1.9165e-17 
5.2411e-16 1.0056e+00 -3.3399e-16 
1.9165e-17 -3.3399e-16 9.9833e-01 


F:
9.9917e-01 4.9960e-16 -2.7756e-16 
2.3138e-17 1.0028e+00 0000 
2.9674e-16 -3.3307e-16 9.9917e-01 



b:
9.9830e-01 8.3500e-16 -2.9271e-16 
8.3500e-16 1.0057e+00 2.2267e-16 
-2.9271e-16 2.2267e-16 9.9830e-01 


F:
9.9915e-01 8.3267e-16 -1.6653e-16 
-2.0045e-20 1.0028e+00 0000 
-1.2642e-16 2.2204e-16 9.9915e-01 



b:
9.9827e-01 5.9562e-16 -2.7687e-16 
5.9562e-16 1.0058e+00 5.5671e-16 
-2.7687e-16 5.5671e-16 9.9827e-01 


F:
9.9914e-01 5.5511e-16 5.5511e-17 
3.8940e-17 1.0029e+00 0000 
-3.3262e-16 5.5511e-16 9.9914e-01 



b:
9.9824e-01 -3.7084e-16 6.1590e-17 
-3.7084e-16 1.0059e+00 2.2270e-16 
6.1590e-17 2.2270e-16 9.9824e-01 


F:
9.9912e-01 -3.8858e-16 3.8858e-16 
1.8893e-17 1.0029e+00 0000 
-3.2693e-16 2.2204e-16 9.9912e-01 



b:
9.9821e-01 -9.0699e-16 5.6496e-16 
-9.0699e-16 1.0060e+00 4.0954e-34 
5.6496e-16 4.0954e-34 9.9821e-01 


F:
9.9910e-01 -9.4369e-16 5.5511e-16 
3.9558e-17 1.0030e+00 0000 
1.0353e-17 0000 9.9910e-01 



b:
9.9817e-01 -5.6330e-16 5.7138e-16 
-5.6330e-16 1.0061e+00 -1.1136e-16 
5.7138e-16 -1.1136e-16 9.9817e-01 


F:
9.9909e-01 -5.5511e-16 3.3307e-16 
-6.5012e-18 1.0030e+00 0000 
2.3884e-16 -1.1102e-16 9.9909e-01 



b:
9.9814e-01 2.2085e-16 -1.5765e-16 
2.2085e-16 1.0062e+00 -1.1137e-16 
-1.5765e-16 -1.1137e-16 9.9814e-01 


F:
9.9907e-01 2.7756e-16 -2.7756e-16 
-5.7623e-17 1.0031e+00 0000 
1.1976e-16 -1.1102e-16 9.9907e-01 



b:
9.9811e-01 7.3666e-16 -9.0807e-16 
7.3666e-16 1.0063e+00 3.2783e-33 
-9.0807e-16 3.2783e-33 9.9811e-01 


F:
9.9905e-01 7.7716e-16 -8.3267e-16 
-4.2986e-17 1.0032e+00 0000 
-7.6265e-17 0000 9.9905e-01 



b:
9.9808e-01 5.6777e-16 -6.4877e-16 
5.6777e-16 1.0064e+00 1.8224e-34 
-6.4877e-16 1.8224e-34 9.9808e-01 


F:
9.9904e-01 5.5511e-16 -6.6613e-16 
1.0890e-17 1.0032e+00 0000 
1.6736e-17 0000 9.9904e-01 



b:
9.9804e-01 -1.4891e-16 3.4956e-16 
-1.4891e-16 1.0065e+00 -1.1138e-16 
3.4956e-16 -1.1138e-16 9.9804e-01 


F:
9.9902e-01 -1.6653e-16 5.5511e-17 
1.8183e-17 1.0033e+00 0000 
2.9439e-16 -1.1102e-16 9.9902e-01 



b:
9.9801e-01 -8.2370e-16 9.8393e-16 
-8.2370e-16 1.0067e+00 -1.1139e-16 
9.8393e-16 -1.1139e-16 9.9801e-01 


F:
9.9900e-01 -8.3267e-16 6.1062e-16 
1.1741e-17 1.0033e+00 0000 
3.7429e-16 -1.1102e-16 9.9900e-01 



b:
9.9798e-01 -3.8072e-16 5.7175e-16 
-3.8072e-16 1.0068e+00 2.2279e-16 
5.7175e-16 2.2279e-16 9.9798e-01 


F:
9.9899e-01 -3.8858e-16 6.6613e-16 
9.1833e-18 1.0034e+00 0000 
-9.3809e-17 2.2204e-16 9.9899e-01 



b:
9.9795e-01 2.3623e-16 -2.3862e-16 
2.3623e-16 1.0069e+00 5.5702e-16 
-2.3862e-16 5.5702e-16 9.9795e-01 


F:
9.9897e-01 2.7756e-16 2.7756e-16 
-4.2324e-17 1.0034e+00 0000 
-5.1643e-16 5.5511e-16 9.9897e-01 



b:
9.9791e-01 6.7876e-16 -6.3453e-16 
6.7876e-16 1.0070e+00 1.1141e-16 
-6.3453e-16 1.1141e-16 9.9791e-01 


F:
9.9896e-01 7.2164e-16 0000 
-4.5445e-17 1.0035e+00 0000 
-6.3519e-16 1.1102e-16 9.9896e-01 



b:
9.9788e-01 5.7405e-16 -2.0539e-16 
5.7405e-16 1.0071e+00 -4.4566e-16 
-2.0539e-16 -4.4566e-16 9.9788e-01 


F:
9.9894e-01 5.5511e-16 -1.1102e-16 
1.6991e-17 1.0035e+00 0000 
-9.4582e-17 -4.4409e-16 9.9894e-01 



b:
9.9785e-01 -7.2131e-17 4.4395e-17 
-7.2131e-17 1.0072e+00 -8.9137e-16 
4.4395e-17 -8.9137e-16 9.9785e-01 


F:
9.9892e-01 -5.5511e-17 -2.7756e-16 
-1.6438e-17 1.0036e+00 0000 
3.2200e-16 -8.8818e-16 9.9892e-01 



b:
9.9782e-01 -6.8024e-16 7.7118e-17 
-6.8024e-16 1.0073e+00 -4.4571e-16 
7.7118e-17 -4.4571e-16 9.9782e-01 


F:
9.9891e-01 -7.2164e-16 -4.4409e-16 
4.4081e-17 1.0036e+00 0000 
5.2129e-16 -4.4409e-16 9.9891e-01 



b:
9.9778e-01 -5.4595e-16 -1.6886e-16 
-5.4595e-16 1.0074e+00 4.4573e-16 
-1.6886e-16 4.4573e-16 9.9778e-01 


F:
9.9889e-01 -5.5511e-16 -3.8858e-16 
1.1224e-17 1.0037e+00 0000 
2.1953e-16 4.4409e-16 9.9889e-01 



b:
9.9775e-01 5.9266e-17 2.1553e-17 
5.9266e-17 1.0075e+00 1.3373e-15 
2.1553e-17 1.3373e-15 9.9775e-01 


F:
9.9887e-01 5.5511e-17 -1.1102e-16 
3.5502e-18 1.0038e+00 0000 
1.3260e-16 1.3323e-15 9.9887e-01 



b:
9.9772e-01 4.5633e-16 5.3311e-16 
4.5633e-16 1.0076e+00 1.0030e-15 
5.3311e-16 1.0030e-15 9.9772e-01 


F:
9.9886e-01 4.4409e-16 4.4409e-16 
1.0557e-17 1.0038e+00 0000 
8.9627e-17 9.9920e-16 9.9886e-01 



b:
9.9769e-01 4.1084e-16 6.2842e-16 
4.1084e-16 1.0077e+00 -1.1145e-16 
6.2842e-16 -1.1145e-16 9.9769e-01 


F:
9.9884e-01 4.4409e-16 5.5511e-16 
-3.5011e-17 1.0039e+00 0000 
7.4033e-17 -1.1102e-16 9.9884e-01 



b:
9.9765e-01 6.6316e-17 1.2172e-17 
6.6316e-17 1.0079e+00 -1.1146e-15 
1.2172e-17 -1.1146e-15 9.9765e-01 


F:
9.9883e-01 1.1102e-16 2.7756e-16 
-4.5194e-17 1.0039e+00 0000 
-2.6537e-16 -1.1102e-15 9.9883e-01 



b:
9.9762e-01 -1.2156e-16 -8.9317e-16 
-1.2156e-16 1.0080e+00 -1.6720e-15 
-8.9317e-16 -1.6720e-15 9.9762e-01 


F:
9.9881e-01 -1.1102e-16 -2.2204e-16 
-1.0110e-17 1.0040e+00 0000 
-6.7219e-16 -1.6653e-15 9.9881e-01 



b:
9.9759e-01 -1.1564e-16 -1.0466e-15 
-1.1564e-16 1.0081e+00 -4.4588e-16 
-1.0466e-15 -4.4588e-16 9.9759e-01 


F:
9.9879e-01 -1.1102e-16 -5.5511e-16 
-4.1781e-18 1.0040e+00 0000 
-4.9272e-16 -4.4409e-16 9.9879e-01 



b:
9.9756e-01 1.0011e-16 -1.1857e-16 
1.0011e-16 1.0082e+00 7.8033e-16 
-1.1857e-16 7.8033e-16 9.9756e-01 


F:
9.9878e-01 1.1102e-16 -1.1102e-16 
-1.1382e-17 1.0041e+00 0000 
-7.6960e-18 7.7716e-16 9.9878e-01 



b:
9.9752e-01 5.6598e-17 8.0417e-16 
5.6598e-17 1.0083e+00 1.2263e-15 
8.0417e-16 1.2263e-15 9.9752e-01 


F:
9.9876e-01 1.1102e-16 2.2204e-16 
-5.4952e-17 1.0041e+00 0000 
5.8312e-16 1.2212e-15 9.9876e-01 



b:
9.9749e-01 -2.7900e-16 9.2433e-16 
-2.7900e-16 1.0084e+00 7.8041e-16 
9.2433e-16 7.8041e-16 9.9749e-01 


F:
9.9874e-01 -2.2204e-16 2.7756e-16 
-5.6096e-17 1.0042e+00 0000 
6.4793e-16 7.7716e-16 9.9874e-01 



b:
9.9746e-01 -2.9550e-16 2.0482e-16 
-2.9550e-16 1.0085e+00 -2.5102e-33 
2.0482e-16 -2.5102e-33 9.9746e-01 


F:
9.9873e-01 -2.7756e-16 5.5511e-17 
-1.6783e-17 1.0042e+00 0000 
1.4956e-16 0000 9.9873e-01 



b:
9.9743e-01 -4.1092e-17 -6.3567e-16 
-4.1092e-17 1.0086e+00 -8.9200e-16 
-6.3567e-16 -8.9200e-16 9.9743e-01 


F:
9.9871e-01 -5.5511e-17 -2.7756e-16 
1.4677e-17 1.0043e+00 0000 
-3.5894e-16 -8.8818e-16 9.9871e-01 



b:
9.9739e-01 5.1999e-16 -4.1447e-16 
5.1999e-16 1.0087e+00 -4.4602e-16 
-4.1447e-16 -4.4602e-16 9.9739e-01 


F:
9.9870e-01 5.5511e-16 -5.5511e-17 
-3.7592e-17 1.0044e+00 0000 
-3.5950e-16 -4.4409e-16 9.9870e-01 



b:
9.9736e-01 5.3952e-16 1.8782e-16 
5.3952e-16 1.0088e+00 1.1151e-16 
1.8782e-16 1.1151e-16 9.9736e-01 


F:
9.9868e-01 5.5511e-16 2.2204e-16 
-1.8061e-17 1.0044e+00 0000 
-3.3981e-17 1.1102e-16 9.9868e-01 



b:
9.9733e-01 -1.7258e-16 5.6946e-17 
-1.7258e-16 1.0089e+00 3.3455e-16 
5.6946e-17 3.3455e-16 9.9733e-01 


F:
9.9866e-01 -2.2204e-16 0000 
5.0522e-17 1.0045e+00 0000 
5.7022e-17 3.3307e-16 9.9866e-01 



b:
9.9730e-01 -8.0985e-16 -4.2977e-16 
-8.0985e-16 1.0091e+00 4.4655e-33 
-4.2977e-16 4.4655e-33 9.9730e-01 


F:
9.9865e-01 -7.7716e-16 -2.7756e-16 
-2.9226e-17 1.0045e+00 0000 
-1.5279e-16 0000 9.9865e-01 



b:
9.9726e-01 -6.4155e-16 -3.7335e-16 
-6.4155e-16 1.0092e+00 -1.1153e-16 
-3.7335e-16 -1.1153e-16 9.9726e-01 


F:
9.9863e-01 -6.1062e-16 -2.7756e-16 
-2.8172e-17 1.0046e+00 0000 
-9.6306e-17 -1.1102e-16 9.9863e-01 



b:
9.9723e-01 3.1164e-16 3.1223e-16 
3.1164e-16 1.0093e+00 -1.1154e-16 
3.1223e-16 -1.1154e-16 9.9723e-01 


F:
9.9861e-01 3.3307e-16 2.2204e-16 
-2.3004e-17 1.0046e+00 0000 
9.0621e-17 -1.1102e-16 9.9861e-01 



b:
9.9720e-01 1.1077e-15 9.8608e-16 
1.1077e-15 1.0094e+00 2.2308e-16 
9.8608e-16 2.2308e-16 9.9720e-01 


F:
9.9860e-01 1.1102e-15 5.5511e-16 
-7.6847e-18 1.0047e+00 0000 
4.3235e-16 2.2204e-16 9.9860e-01 



b:
9.9717e-01 9.7955e-16 6.3953e-16 
9.7955e-16 1.0095e+00 1.1155e-16 
6.3953e-16 1.1155e-16 9.9717e-01 


F:
9.9858e-01 9.9920e-16 5.5511e-16 
-2.4418e-17 1.0047e+00 0000 
8.5329e-17 1.1102e-16 9.9858e-01 



b:
9.9713e-01 -2.2446e-16 -4.3242e-16 
-2.2446e-16 1.0096e+00 -1.1155e-16 
-4.3242e-16 -1.1155e-16 9.9713e-01 


F:
9.9857e-01 -2.2204e-16 -1.6653e-16 
-1.3501e-18 1.0048e+00 0000 
-2.6650e-16 -1.1102e-16 9.9857e-01 



b:
9.9710e-01 -1.3728e-15 -1.1260e-15 
-1.3728e-15 1.0097e+00 -3.3468e-16 
-1.1260e-15 -3.3468e-16 9.9710e-01 


F:
9.9855e-01 -1.3323e-15 -7.2164e-16 
-3.4144e-17 1.0048e+00 0000 
-4.0597e-16 -3.3307e-16 9.9855e-01 



b:
9.9707e-01 -1.2493e-15 -6.1275e-16 
-1.2493e-15 1.0098e+00 1.1157e-16 
-6.1275e-16 1.1157e-16 9.9707e-01 


F:
9.9853e-01 -1.2768e-15 -6.1062e-16 
3.3787e-17 1.0049e+00 0000 
-3.0230e-18 1.1102e-16 9.9853e-01 



b:
9.9704e-01 -3.0027e-16 2.1825e-16 
-3.0027e-16 1.0099e+00 6.6943e-16 
2.1825e-16 6.6943e-16 9.9704e-01 


F:
9.9852e-01 -2.7756e-16 -1.6653e-16 
-2.1372e-17 1.0050e+00 0000 
3.8511e-16 6.6613e-16 9.9852e-01 



b:
9.9700e-01 7.4804e-16 8.0881e-16 
7.4804e-16 1.0100e+00 4.4631e-16 
8.0881e-16 4.4631e-16 9.9700e-01 


F:
9.9850e-01 7.2164e-16 2.7756e-16 
2.2812e-17 1.0050e+00 0000 
5.3247e-16 4.4409e-16 9.9850e-01 



b:
9.9697e-01 1.2004e-15 4.0722e-16 
1.2004e-15 1.0101e+00 -2.2317e-16 
4.0722e-16 -2.2317e-16 9.9697e-01 


F:
9.9848e-01 1.1657e-15 3.3307e-16 
2.8854e-17 1.0051e+00 0000 
7.4775e-17 -2.2204e-16 9.9848e-01 



b:
9.9694e-01 7.1186e-16 6.3626e-18 
7.1186e-16 1.0103e+00 -8.9272e-16 
6.3626e-18 -8.9272e-16 9.9694e-01 


F:
9.9847e-01 6.6613e-16 3.3307e-16 
4.2387e-17 1.0051e+00 0000 
-3.2669e-16 -8.8818e-16 9.9847e-01 



b:
9.9691e-01 2.5242e-17 -6.5071e-17 
2.5242e-17 1.0104e+00 -7.8117e-16 
-6.5071e-17 -7.8117e-16 9.9691e-01 


F:
9.9845e-01 0000 2.7756e-16 
2.5281e-17 1.0052e+00 0000 
-3.4273e-16 -7.7716e-16 9.9845e-01 



b:
9.9687e-01 -5.0718e-16 -7.6785e-17 
-5.0718e-16 1.0105e+00 1.1160e-16 
-7.6785e-17 1.1160e-16 9.9687e-01 


F:
9.9844e-01 -4.4409e-16 2.2204e-16 
-6.0865e-17 1.0052e+00 0000 
-2.9895e-16 1.1102e-16 9.9844e-01 



b:
9.9684e-01 -4.5166e-16 -2.8077e-16 
-4.5166e-16 1.0106e+00 6.6965e-16 
-2.8077e-16 6.6965e-16 9.9684e-01 


F:
9.9842e-01 -4.9960e-16 -1.1102e-16 
5.0661e-17 1.0053e+00 0000 
-1.7019e-16 6.6613e-16 9.9842e-01 



b:
9.9681e-01 -6.0387e-16 -3.5754e-16 
-6.0387e-16 1.0107e+00 7.8130e-16 
-3.5754e-16 7.8130e-16 9.9681e-01 


F:
9.9840e-01 -5.5511e-16 -4.9960e-16 
-4.5874e-17 1.0053e+00 0000 
1.4149e-16 7.7716e-16 9.9840e-01 



b:
9.9678e-01 -4.1940e-16 -3.7464e-16 
-4.1940e-16 1.0108e+00 2.2324e-16 
-3.7464e-16 2.2324e-16 9.9678e-01 


F:
9.9839e-01 -3.8858e-16 -6.1062e-16 
-2.8777e-17 1.0054e+00 0000 
2.3538e-16 2.2204e-16 9.9839e-01 



b:
9.9675e-01 2.8468e-16 3.5595e-16 
2.8468e-16 1.0109e+00 -2.2325e-16 
3.5595e-16 -2.2325e-16 9.9675e-01 


F:
9.9837e-01 2.2204e-16 -1.6653e-16 
6.1527e-17 1.0054e+00 0000 
5.2307e-16 -2.2204e-16 9.9837e-01 



b:
9.9671e-01 4.0349e-16 7.4165e-16 
4.0349e-16 1.0110e+00 -5.5816e-16 
7.4165e-16 -5.5816e-16 9.9671e-01 


F:
9.9836e-01 4.4409e-16 2.2204e-16 
-4.3109e-17 1.0055e+00 0000 
5.2082e-16 -5.5511e-16 9.9836e-01 



b:
9.9668e-01 5.7233e-16 5.4895e-16 
5.7233e-16 1.0111e+00 -2.2328e-16 
5.4895e-16 -2.2328e-16 9.9668e-01 


F:
9.9834e-01 5.5511e-16 4.9960e-16 
1.4164e-17 1.0056e+00 0000 
5.0266e-17 -2.2204e-16 9.9834e-01 



b:
9.9665e-01 2.7334e-16 -2.4602e-17 
2.7334e-16 1.0112e+00 3.3493e-16 
-2.4602e-17 3.3493e-16 9.9665e-01 


F:
9.9832e-01 2.2204e-16 3.8858e-16 
5.0134e-17 1.0056e+00 0000 
-4.1322e-16 3.3307e-16 9.9832e-01 



b:
9.9662e-01 -3.0405e-16 -8.3588e-16 
-3.0405e-16 1.0114e+00 4.4660e-16 
-8.3588e-16 4.4660e-16 9.9662e-01 


F:
9.9831e-01 -2.7756e-16 -5.5511e-17 
-2.4961e-17 1.0057e+00 0000 
-7.8178e-16 4.4409e-16 9.9831e-01 



b:
9.9658e-01 -6.8883e-16 -8.7495e-16 
-6.8883e-16 1.0115e+00 1.2380e-32 
-8.7495e-16 1.2380e-32 9.9658e-01 


F:
9.9829e-01 -6.6613e-16 -2.2204e-16 
-1.8918e-17 1.0057e+00 0000 
-6.5440e-16 0000 9.9829e-01 



b:
9.9655e-01 -2.8649e-16 -1.3074e-17 
-2.8649e-16 1.0116e+00 -3.3499e-16 
-1.3074e-17 -3.3499e-16 9.9655e-01 


F:
9.9827e-01 -3.3307e-16 0000 
4.8579e-17 1.0058e+00 0000 
-1.3097e-17 -3.3307e-16 9.9827e-01 



b:
9.9652e-01 2.6888e-16 4.5348e-16 
2.6888e-16 1.0117e+00 -6.7001e-16 
4.5348e-16 -6.7001e-16 9.9652e-01 


F:
9.9826e-01 2.2204e-16 1.1102e-16 
4.5625e-17 1.0058e+00 0000 
3.4324e-16 -6.6613e-16 9.9826e-01 



b:
9.9649e-01 7.9720e-16 5.5285e-16 
7.9720e-16 1.0118e+00 -3.3502e-16 
5.5285e-16 -3.3502e-16 9.9649e-01 


F:
9.9824e-01 7.7716e-16 1.1102e-16 
1.5499e-17 1.0059e+00 0000 
4.4280e-16 -3.3307e-16 9.9824e-01 



b:
9.9645e-01 6.0864e-16 -2.5107e-18 
6.0864e-16 1.0119e+00 2.2336e-16 
-2.5107e-18 2.2336e-16 9.9645e-01 


F:
9.9823e-01 6.6613e-16 -1.6653e-16 
-6.1556e-17 1.0059e+00 0000 
1.6402e-16 2.2204e-16 9.9823e-01 



b:
9.9642e-01 -1.2863e-17 -3.3180e-17 
-1.2863e-17 1.0120e+00 6.7012e-16 
-3.3180e-17 6.7012e-16 9.9642e-01 


F:
9.9821e-01 0000 -1.6653e-16 
-1.2886e-17 1.0060e+00 0000 
1.3329e-16 6.6613e-16 9.9821e-01 



b:
9.9639e-01 -5.6517e-16 -7.4436e-17 
-5.6517e-16 1.0121e+00 7.8185e-16 
-7.4436e-17 7.8185e-16 9.9639e-01 


F:
9.9819e-01 -6.1062e-16 -1.1102e-16 
4.9228e-17 1.0060e+00 0000 
3.6452e-17 7.7716e-16 9.9819e-01 



b:
9.9636e-01 -9.8221e-16 1.4363e-16 
-9.8221e-16 1.0122e+00 3.3510e-16 
1.4363e-16 3.3510e-16 9.9636e-01 


F:
9.9818e-01 -9.9920e-16 -5.5511e-17 
2.3120e-17 1.0061e+00 0000 
1.9940e-16 3.3307e-16 9.9818e-01 



b:
9.9632e-01 -7.2462e-16 -2.7161e-16 
-7.2462e-16 1.0123e+00 -4.4682e-16 
-2.7161e-16 -4.4682e-16 9.9632e-01 


F:
9.9816e-01 -6.6613e-16 -1.6653e-16 
-5.4489e-17 1.0061e+00 0000 
-1.0558e-16 -4.4409e-16 9.9816e-01 



b:
9.9629e-01 2.2936e-16 -6.1477e-16 
2.2936e-16 1.0124e+00 -6.7027e-16 
-6.1477e-16 -6.7027e-16 9.9629e-01 


F:
9.9814e-01 2.2204e-16 -3.3307e-16 
5.9459e-18 1.0062e+00 0000 
-2.8284e-16 -6.6613e-16 9.9814e-01 



b:
9.9626e-01 1.0343e-15 -4.7015e-16 
1.0343e-15 1.0126e+00 -6.7030e-16 
-4.7015e-16 -6.7030e-16 9.9626e-01 


F:
9.9813e-01 9.9920e-16 -1.6653e-16 
2.8881e-17 1.0063e+00 0000 
-3.0450e-16 -6.6613e-16 9.9813e-01 



b:
9.9623e-01 1.0418e-15 2.5806e-16 
1.0418e-15 1.0127e+00 -2.2345e-16 
2.5806e-16 -2.2345e-16 9.9623e-01 


F:
9.9811e-01 9.9920e-16 3.3307e-16 
3.6389e-17 1.0063e+00 0000 
-7.4515e-17 -2.2204e-16 9.9811e-01 



b:
9.9620e-01 1.3314e-16 1.0083e-15 
1.3314e-16 1.0128e+00 3.3519e-16 
1.0083e-15 3.3519e-16 9.9620e-01 


F:
9.9810e-01 1.6653e-16 7.7716e-16 
-3.4524e-17 1.0064e+00 0000 
2.3310e-16 3.3307e-16 9.9810e-01 



b:
9.9616e-01 -6.6962e-16 8.6471e-16 
-6.6962e-16 1.0129e+00 4.4694e-16 
8.6471e-16 4.4694e-16 9.9616e-01 


F:
9.9808e-01 -6.1062e-16 6.1062e-16 
-5.5187e-17 1.0064e+00 0000 
2.5575e-16 4.4409e-16 9.9808e-01 



b:
9.9613e-01 -7.2871e-16 -1.9712e-16 
-7.2871e-16 1.0130e+00 4.4696e-16 
-1.9712e-16 4.4696e-16 9.9613e-01 


F:
9.9806e-01 -7.7716e-16 -5.5511e-17 
5.3579e-17 1.0065e+00 0000 
-1.4199e-16 4.4409e-16 9.9806e-01 



b:
9.9610e-01 -1.9585e-16 -9.1321e-16 
-1.9585e-16 1.0131e+00 -8.4321e-33 
-9.1321e-16 -8.4321e-33 9.9610e-01 


F:
9.9805e-01 -2.2204e-16 -6.1062e-16 
2.7703e-17 1.0065e+00 0000 
-3.0437e-16 0000 9.9805e-01 



b:
9.9607e-01 3.1401e-16 -9.0161e-16 
3.1401e-16 1.0132e+00 -3.3526e-16 
-9.0161e-16 -3.3526e-16 9.9607e-01 


F:
9.9803e-01 3.3307e-16 -6.6613e-16 
-2.1293e-17 1.0066e+00 0000 
-2.3726e-16 -3.3307e-16 9.9803e-01 



b:
9.9603e-01 2.5857e-16 -3.1076e-16 
2.5857e-16 1.0133e+00 -5.5880e-16 
-3.1076e-16 -5.5880e-16 9.9603e-01 


F:
9.9801e-01 2.7756e-16 -3.8858e-16 
-2.0868e-17 1.0066e+00 0000 
7.7200e-17 -5.5511e-16 9.9801e-01 



b:
9.9600e-01 1.4456e-16 3.8214e-16 
1.4456e-16 1.0134e+00 -3.3530e-16 
3.8214e-16 -3.3530e-16 9.9600e-01 


F:
9.9800e-01 1.6653e-16 1.6653e-16 
-2.3132e-17 1.0067e+00 0000 
2.1638e-16 -3.3307e-16 9.9800e-01 



b:
9.9597e-01 -2.8978e-17 6.8289e-16 
-2.8978e-17 1.0135e+00 3.3531e-16 
6.8289e-16 3.3531e-16 9.9597e-01 


F:
9.9798e-01 -5.5511e-17 4.9960e-16 
2.6962e-17 1.0067e+00 0000 
1.8467e-16 3.3307e-16 9.9798e-01 



b:
9.9594e-01 -1.5061e-16 3.6484e-16 
-1.5061e-16 1.0136e+00 5.5889e-16 
3.6484e-16 5.5889e-16 9.9594e-01 


F:
9.9797e-01 -1.6653e-16 4.4409e-16 
1.7094e-17 1.0068e+00 0000 
-7.8509e-17 5.5511e-16 9.9797e-01 



b:
9.9590e-01 -2.5645e-16 1.8558e-16 
-2.5645e-16 1.0138e+00 8.9427e-16 
1.8558e-16 8.9427e-16 9.9590e-01 


F:
9.9795e-01 -2.2204e-16 2.2204e-16 
-3.2950e-17 1.0069e+00 0000 
-3.6087e-17 8.8818e-16 9.9795e-01 



b:
9.9587e-01 -2.3062e-17 2.3103e-17 
-2.3062e-17 1.0139e+00 2.2358e-16 
2.3103e-17 2.2358e-16 9.9587e-01 


F:
9.9793e-01 -5.5511e-17 -5.5511e-17 
3.2900e-17 1.0069e+00 0000 
7.8662e-17 2.2204e-16 9.9793e-01 



b:
9.9584e-01 9.7226e-17 -2.6654e-16 
9.7226e-17 1.0140e+00 -5.5898e-16 
-2.6654e-16 -5.5898e-16 9.9584e-01 


F:
9.9792e-01 1.1102e-16 -3.8858e-16 
-1.4600e-17 1.0070e+00 0000 
1.2148e-16 -5.5511e-16 9.9792e-01 



b:
9.9581e-01 2.1206e-16 -5.3703e-16 
2.1206e-16 1.0141e+00 -1.2298e-15 
-5.3703e-16 -1.2298e-15 9.9581e-01 


F:
9.9790e-01 1.6653e-16 -4.4409e-16 
4.4448e-17 1.0070e+00 0000 
-9.4068e-17 -1.2212e-15 9.9790e-01 



b:
9.9578e-01 5.9837e-17 -6.5308e-16 
5.9837e-17 1.0142e+00 -1.0063e-15 
-6.5308e-16 -1.0063e-15 9.9578e-01 


F:
9.9789e-01 5.5511e-17 -3.8858e-16 
3.9419e-18 1.0071e+00 0000 
-2.6589e-16 -9.9920e-16 9.9789e-01 



b:
9.9574e-01 -1.7962e-16 -4.5029e-16 
-1.7962e-16 1.0143e+00 1.1181e-16 
-4.5029e-16 1.1181e-16 9.9574e-01 


F:
9.9787e-01 -2.2204e-16 -1.6653e-16 
4.4098e-17 1.0071e+00 0000 
-2.8472e-16 1.1102e-16 9.9787e-01 



b:
9.9571e-01 -1.0969e-16 3.5983e-16 
-1.0969e-16 1.0144e+00 1.0064e-15 
3.5983e-16 1.0064e-15 9.9571e-01 


F:
9.9785e-01 -5.5511e-17 2.7756e-16 
-5.3892e-17 1.0072e+00 0000 
8.3047e-17 9.9920e-16 9.9785e-01 



b:
9.9568e-01 1.5808e-16 1.0280e-15 
1.5808e-16 1.0145e+00 1.4537e-15 
1.0280e-15 1.4537e-15 9.9568e-01 


F:
9.9784e-01 1.1102e-16 4.9960e-16 
4.6354e-17 1.0072e+00 0000 
5.3063e-16 1.4433e-15 9.9784e-01 



b:
9.9565e-01 -2.2357e-16 7.3592e-16 
-2.2357e-16 1.0146e+00 5.5916e-16 
7.3592e-16 5.5916e-16 9.9565e-01 


F:
9.9782e-01 -2.2204e-16 2.2204e-16 
9.8424e-20 1.0073e+00 0000 
5.1548e-16 5.5511e-16 9.9782e-01 



b:
9.9561e-01 -2.3879e-16 -1.2077e-16 
-2.3879e-16 1.0147e+00 -4.4735e-16 
-1.2077e-16 -4.4735e-16 9.9561e-01 


F:
9.9780e-01 -2.2204e-16 -2.7756e-16 
-1.5150e-17 1.0073e+00 0000 
1.5652e-16 -4.4409e-16 9.9780e-01 



b:
9.9558e-01 -8.9025e-17 -1.0275e-15 
-8.9025e-17 1.0149e+00 -1.1184e-15 
-1.0275e-15 -1.1184e-15 9.9558e-01 


F:
9.9779e-01 -1.1102e-16 -6.6613e-16 
2.2869e-17 1.0074e+00 0000 
-3.6367e-16 -1.1102e-15 9.9779e-01 



b:
9.9555e-01 1.8472e-16 -9.7523e-16 
1.8472e-16 1.0150e+00 -8.9480e-16 
-9.7523e-16 -8.9480e-16 9.9555e-01 


F:
9.9777e-01 1.6653e-16 -4.9960e-16 
1.6986e-17 1.0075e+00 0000 
-4.7780e-16 -8.8818e-16 9.9777e-01 



b:
9.9552e-01 4.6516e-16 -1.6871e-16 
4.6516e-16 1.0151e+00 -2.2371e-16 
-1.6871e-16 -2.2371e-16 9.9552e-01 


F:
9.9776e-01 4.4409e-16 2.2204e-16 
1.7777e-17 1.0075e+00 0000 
-3.9114e-16 -2.2204e-16 9.9776e-01 



b:
9.9548e-01 3.4284e-16 3.2959e-16 
3.4284e-16 1.0152e+00 5.5931e-16 
3.2959e-16 5.5931e-16 9.9548e-01 


F:
9.9774e-01 3.3307e-16 5.5511e-16 
7.2745e-18 1.0076e+00 0000 
-2.2478e-16 5.5511e-16 9.9774e-01 



b:
9.9545e-01 -1.8648e-16 6.3322e-16 
-1.8648e-16 1.0153e+00 5.5934e-16 
6.3322e-16 5.5934e-16 9.9545e-01 


F:
9.9772e-01 -2.2204e-16 5.5511e-16 
3.7345e-17 1.0076e+00 0000 
7.9556e-17 5.5511e-16 9.9772e-01 



b:
9.9542e-01 -2.7107e-16 7.0136e-16 
-2.7107e-16 1.0154e+00 4.4750e-16 
7.0136e-16 4.4750e-16 9.9542e-01 


F:
9.9771e-01 -2.7756e-16 4.4409e-16 
8.6358e-18 1.0077e+00 0000 
2.5888e-16 4.4409e-16 9.9771e-01 



b:
9.9539e-01 -1.5463e-17 2.8670e-16 
-1.5463e-17 1.0155e+00 -1.1188e-16 
2.8670e-16 -1.1188e-16 9.9539e-01 


F:
9.9769e-01 -5.5511e-17 5.5511e-17 
4.0570e-17 1.0077e+00 0000 
2.3186e-16 -1.1102e-16 9.9769e-01 



b:
9.9536e-01 3.7359e-16 -2.1654e-16 
3.7359e-16 1.0156e+00 -3.3566e-16 
-2.1654e-16 -3.3566e-16 9.9536e-01 


F:
9.9768e-01 3.8858e-16 -4.9960e-16 
-1.8050e-17 1.0078e+00 0000 
2.8255e-16 -3.3307e-16 9.9768e-01 



b:
9.9532e-01 2.5552e-16 -4.3811e-16 
2.5552e-16 1.0157e+00 -1.1189e-16 
-4.3811e-16 -1.1189e-16 9.9532e-01 


F:
9.9766e-01 2.7756e-16 -7.2164e-16 
-2.4263e-17 1.0078e+00 0000 
2.8250e-16 -1.1102e-16 9.9766e-01 



b:
9.9529e-01 -3.0193e-16 -8.0160e-16 
-3.0193e-16 1.0158e+00 -1.1190e-16 
-8.0160e-16 -1.1190e-16 9.9529e-01 


F:
9.9764e-01 -2.7756e-16 -7.2164e-16 
-2.2241e-17 1.0079e+00 0000 
-8.1848e-17 -1.1102e-16 9.9764e-01 



b:
9.9526e-01 -9.9883e-16 -5.7666e-16 
-9.9883e-16 1.0159e+00 -1.1190e-16 
-5.7666e-16 -1.1190e-16 9.9526e-01 


F:
9.9763e-01 -9.4369e-16 -3.3307e-16 
-4.7754e-17 1.0079e+00 0000 
-2.4496e-16 -1.1102e-16 9.9763e-01 



b:
9.9523e-01 -6.9364e-16 -5.5156e-17 
-6.9364e-16 1.0161e+00 3.3573e-16 
-5.5156e-17 3.3573e-16 9.9523e-01 


F:
9.9761e-01 -7.2164e-16 2.7756e-16 
3.3857e-17 1.0080e+00 0000 
-3.3284e-16 3.3307e-16 9.9761e-01 



b:
9.9519e-01 1.1530e-16 6.4699e-16 
1.1530e-16 1.0162e+00 3.3575e-16 
6.4699e-16 3.3575e-16 9.9519e-01 


F:
9.9759e-01 5.5511e-17 7.2164e-16 
5.9482e-17 1.0081e+00 0000 
-7.3093e-17 3.3307e-16 9.9759e-01 



b:
9.9516e-01 9.4778e-16 1.2203e-15 
9.4778e-16 1.0163e+00 1.1192e-16 
1.2203e-15 1.1192e-16 9.9516e-01 


F:
9.9758e-01 9.4369e-16 9.9920e-16 
-3.5660e-18 1.0081e+00 0000 
2.2402e-16 1.1102e-16 9.9758e-01 



b:
9.9513e-01 1.0850e-15 6.0966e-16 
1.0850e-15 1.0164e+00 -1.1193e-16 
6.0966e-16 -1.1193e-16 9.9513e-01 


F:
9.9756e-01 1.1102e-15 3.8858e-16 
-3.4346e-17 1.0082e+00 0000 
2.2257e-16 -1.1102e-16 9.9756e-01 



b:
9.9510e-01 4.8842e-16 -7.2028e-16 
4.8842e-16 1.0165e+00 -7.8354e-16 
-7.2028e-16 -7.8354e-16 9.9510e-01 


F:
9.9755e-01 4.4409e-16 -5.5511e-16 
4.0785e-17 1.0082e+00 0000 
-1.6694e-16 -7.7716e-16 9.9755e-01 



b:
9.9507e-01 -4.9672e-16 -1.1579e-15 
-4.9672e-16 1.0166e+00 -7.8358e-16 
-1.1579e-15 -7.8358e-16 9.9507e-01 


F:
9.9753e-01 -4.4409e-16 -8.8818e-16 
-4.9079e-17 1.0083e+00 0000 
-2.7257e-16 -7.7716e-16 9.9753e-01 



b:
9.9503e-01 -1.0498e-15 -6.4884e-16 
-1.0498e-15 1.0167e+00 1.1195e-16 
-6.4884e-16 1.1195e-16 9.9503e-01 


F:
9.9751e-01 -9.9920e-16 -7.2164e-16 
-4.2368e-17 1.0083e+00 0000 
7.1188e-17 1.1102e-16 9.9751e-01 



b:
9.9500e-01 -7.0645e-16 2.0825e-16 
-7.0645e-16 1.0168e+00 7.8367e-16 
2.0825e-16 7.8367e-16 9.9500e-01 


F:
9.9750e-01 -6.6613e-16 -5.5511e-17 
-3.4823e-17 1.0084e+00 0000 
2.6429e-16 7.7716e-16 9.9750e-01 



b:
9.9497e-01 -3.8454e-16 5.0711e-16 
-3.8454e-16 1.0169e+00 1.1196e-15 
5.0711e-16 1.1196e-15 9.9497e-01 


F:
9.9748e-01 -3.3307e-16 2.2204e-16 
-4.8784e-17 1.0084e+00 0000 
2.8635e-16 1.1102e-15 9.9748e-01 



b:
9.9494e-01 3.6587e-16 3.7342e-16 
3.6587e-16 1.0170e+00 3.3589e-16 
3.7342e-16 3.3589e-16 9.9494e-01 


F:
9.9747e-01 3.3307e-16 2.7756e-16 
3.0052e-17 1.0085e+00 0000 
9.6817e-17 3.3307e-16 9.9747e-01 



b:
9.9490e-01 7.4508e-16 2.6090e-16 
7.4508e-16 1.0172e+00 -3.3591e-16 
2.6090e-16 -3.3591e-16 9.9490e-01 


F:
9.9745e-01 7.2164e-16 3.3307e-16 
1.7315e-17 1.0085e+00 0000 
-7.1500e-17 -3.3307e-16 9.9745e-01 



b:
9.9487e-01 4.8054e-16 5.9870e-17 
4.8054e-16 1.0173e+00 -8.9581e-16 
5.9870e-17 -8.9581e-16 9.9487e-01 


F:
9.9743e-01 4.9960e-16 2.2204e-16 
-2.3413e-17 1.0086e+00 0000 
-1.6202e-16 -8.8818e-16 9.9743e-01 



b:
9.9484e-01 4.1344e-16 -5.4599e-17 
4.1344e-16 1.0174e+00 -5.5991e-16 
-5.4599e-17 -5.5991e-16 9.9484e-01 


F:
9.9742e-01 3.8858e-16 5.5511e-17 
2.1554e-17 1.0086e+00 0000 
-1.1025e-16 -5.5511e-16 9.9742e-01 



b:
9.9481e-01 3.2432e-17 -2.7441e-16 
3.2432e-17 1.0175e+00 1.1199e-16 
-2.7441e-16 1.1199e-16 9.9481e-01 


F:
9.9740e-01 0000 -5.5511e-17 
3.2517e-17 1.0087e+00 0000 
-2.1962e-16 1.1102e-16 9.9740e-01 



b:
9.9478e-01 -6.5980e-16 -3.1316e-16 
-6.5980e-16 1.0176e+00 2.2399e-16 
-3.1316e-16 2.2399e-16 9.9478e-01 


F:
9.9738e-01 -6.1062e-16 -2.2204e-16 
-4.3944e-17 1.0088e+00 0000 
-9.1939e-17 2.2204e-16 9.9738e-01 



b:
9.9474e-01 -6.8664e-16 -3.1837e-16 
-6.8664e-16 1.0177e+00 3.3600e-16 
-3.1837e-16 3.3600e-16 9.9474e-01 


F:
9.9737e-01 -6.6613e-16 -1.6653e-16 
-1.4673e-17 1.0088e+00 0000 
-1.5268e-16 3.3307e-16 9.9737e-01 



b:
9.9471e-01 -5.5543e-16 -2.2816e-16 
-5.5543e-16 1.0178e+00 -1.1201e-16 
-2.2816e-16 -1.1201e-16 9.9471e-01 


F:
9.9735e-01 -5.5511e-16 -1.6653e-16 
4.6165e-18 1.0089e+00 0000 
-6.2229e-17 -1.1102e-16 9.9735e-01 



b:
9.9468e-01 2.8588e-16 4.2951e-16 
2.8588e-16 1.0179e+00 -1.1201e-16 
4.2951e-16 -1.1201e-16 9.9468e-01 


F:
9.9734e-01 2.7756e-16 1.6653e-16 
5.8648e-18 1.0089e+00 0000 
2.6412e-16 -1.1102e-16 9.9734e-01 



b:
9.9465e-01 8.8213e-16 9.4391e-16 
8.8213e-16 1.0180e+00 1.1202e-16 
9.4391e-16 1.1202e-16 9.9465e-01 


F:
9.9732e-01 8.8818e-16 4.9960e-16 
-1.4055e-17 1.0090e+00 0000 
4.4685e-16 1.1102e-16 9.9732e-01 



b:
9.9461e-01 6.6220e-16 4.5424e-16 
6.6220e-16 1.0181e+00 3.3607e-16 
4.5424e-16 3.3607e-16 9.9461e-01 


F:
9.9730e-01 6.6613e-16 0000 
-9.9706e-18 1.0090e+00 0000 
4.5547e-16 3.3307e-16 9.9730e-01 



b:
9.9458e-01 -3.3596e-16 -4.8561e-16 
-3.3596e-16 1.0182e+00 2.2406e-16 
-4.8561e-16 2.2406e-16 9.9458e-01 


F:
9.9729e-01 -2.7756e-16 -4.9960e-16 
-5.6033e-17 1.0091e+00 0000 
1.2667e-17 2.2204e-16 9.9729e-01 



b:
9.9455e-01 -9.5140e-16 -8.5287e-16 
-9.5140e-16 1.0184e+00 1.3515e-32 
-8.5287e-16 1.3515e-32 9.9455e-01 


F:
9.9727e-01 -8.8818e-16 -6.1062e-16 
-5.5257e-17 1.0091e+00 0000 
-2.4458e-16 0000 9.9727e-01 



b:
9.9452e-01 -8.4969e-16 -2.9332e-16 
-8.4969e-16 1.0185e+00 -2.2409e-16 
-2.9332e-16 -2.2409e-16 9.9452e-01 


F:
9.9726e-01 -8.3267e-16 -1.1102e-16 
-9.3943e-18 1.0092e+00 0000 
-1.8311e-16 -2.2204e-16 9.9726e-01 



b:
9.9449e-01 -1.2865e-16 2.2035e-16 
-1.2865e-16 1.0186e+00 -4.4820e-16 
2.2035e-16 -4.4820e-16 9.9449e-01 


F:
9.9724e-01 -1.1102e-16 3.3307e-16 
-1.6652e-17 1.0092e+00 0000 
-1.1210e-16 -4.4409e-16 9.9724e-01 



b:
9.9445e-01 8.6689e-16 1.6430e-16 
8.6689e-16 1.0187e+00 -3.3616e-16 
1.6430e-16 -3.3616e-16 9.9445e-01 


F:
9.9722e-01 8.3267e-16 4.4409e-16 
2.6549e-17 1.0093e+00 0000 
-2.7934e-16 -3.3307e-16 9.9722e-01 



b:
9.9442e-01 1.1942e-15 9.5513e-17 
1.1942e-15 1.0188e+00 -2.2412e-16 
9.5513e-17 -2.2412e-16 9.9442e-01 


F:
9.9721e-01 1.2212e-15 3.8858e-16 
-3.8585e-17 1.0094e+00 0000 
-2.9280e-16 -2.2204e-16 9.9721e-01 



b:
9.9439e-01 6.7802e-16 1.5309e-16 
6.7802e-16 1.0189e+00 -3.8585e-34 
1.5309e-16 -3.8585e-34 9.9439e-01 


F:
9.9719e-01 6.6613e-16 2.2204e-16 
5.6307e-18 1.0094e+00 0000 
-6.8525e-17 0000 9.9719e-01 



b:
9.9436e-01 -5.6737e-16 7.2457e-17 
-5.6737e-16 1.0190e+00 1.1207e-16 
7.2457e-17 1.1207e-16 9.9436e-01 


F:
9.9717e-01 -4.9960e-16 -1.1102e-16 
-6.3224e-17 1.0095e+00 0000 
1.8368e-16 1.1102e-16 9.9717e-01 



b:
9.9433e-01 -1.1493e-15 7.4433e-17 
-1.1493e-15 1.0191e+00 3.3624e-16 
7.4433e-17 3.3624e-16 9.9433e-01 


F:
9.9716e-01 -1.1657e-15 -3.8858e-16 
2.7574e-17 1.0095e+00 0000 
4.6322e-16 3.3307e-16 9.9716e-01 



b:
9.9429e-01 -1.0322e-15 -1.4878e-16 
-1.0322e-15 1.0192e+00 6.7251e-16 
-1.4878e-16 6.7251e-16 9.9429e-01 


F:
9.9714e-01 -9.9920e-16 -6.1062e-16 
-2.3534e-17 1.0096e+00 0000 
4.6141e-16 6.6613e-16 9.9714e-01 



b:
9.9426e-01 -3.1992e-16 -1.2002e-16 
-3.1992e-16 1.0193e+00 5.6046e-16 
-1.2002e-16 5.6046e-16 9.9426e-01 


F:
9.9713e-01 -2.7756e-16 -4.9960e-16 
-3.9808e-17 1.0096e+00 0000 
3.7923e-16 5.5511e-16 9.9713e-01 



b:
9.9423e-01 4.1169e-16 -1.6988e-16 
4.1169e-16 1.0195e+00 -2.2419e-16 
-1.6988e-16 -2.2419e-16 9.9423e-01 


F:
9.9711e-01 4.4409e-16 -3.3307e-16 
-3.6805e-17 1.0097e+00 0000 
1.6270e-16 -2.2204e-16 9.9711e-01 



b:
9.9420e-01 7.3307e-16 -1.3769e-16 
7.3307e-16 1.0196e+00 -8.9683e-16 
-1.3769e-16 -8.9683e-16 9.9420e-01 


F:
9.9709e-01 7.2164e-16 5.5511e-17 
4.4102e-18 1.0097e+00 0000 
-1.9360e-16 -8.8818e-16 9.9709e-01 



b:
9.9416e-01 5.4107e-16 3.4134e-16 
5.4107e-16 1.0197e+00 -6.7266e-16 
3.4134e-16 -6.7266e-16 9.9416e-01 


F:
9.9708e-01 4.9960e-16 5.5511e-16 
3.6684e-17 1.0098e+00 0000 
-2.1277e-16 -6.6613e-16 9.9708e-01 



b:
9.9413e-01 2.0663e-16 4.1275e-16 
2.0663e-16 1.0198e+00 -3.3635e-16 
4.1275e-16 -3.3635e-16 9.9413e-01 


F:
9.9706e-01 2.2204e-16 7.2164e-16 
-1.7648e-17 1.0098e+00 0000 
-3.0768e-16 -3.3307e-16 9.9706e-01 



b:
9.9410e-01 -1.9162e-16 -5.0094e-17 
-1.9162e-16 1.0199e+00 4.4848e-16 
-5.0094e-17 4.4848e-16 9.9410e-01 


F:
9.9705e-01 -2.2204e-16 3.3307e-16 
3.2720e-17 1.0099e+00 0000 
-3.8331e-16 4.4409e-16 9.9705e-01 



b:
9.9407e-01 -4.9543e-16 -3.7312e-16 
-4.9543e-16 1.0200e+00 8.9702e-16 
-3.7312e-16 8.9702e-16 9.9407e-01 


F:
9.9703e-01 -4.4409e-16 -2.2204e-16 
-4.7061e-17 1.0100e+00 0000 
-1.5219e-16 8.8818e-16 9.9703e-01 



b:
9.9404e-01 -6.0900e-16 -4.5697e-16 
-6.0900e-16 1.0201e+00 6.7280e-16 
-4.5697e-16 6.7280e-16 9.9404e-01 


F:
9.9701e-01 -6.1062e-16 -7.2164e-16 
7.7588e-18 1.0100e+00 0000 
2.6331e-16 6.6613e-16 9.9701e-01 



b:
9.9400e-01 -3.6220e-16 -5.1765e-17 
-3.6220e-16 1.0202e+00 -2.2428e-16 
-5.1765e-17 -2.2428e-16 9.9400e-01 


F:
9.9700e-01 -3.3307e-16 -6.6613e-16 
-2.5856e-17 1.0101e+00 0000 
6.1421e-16 -2.2204e-16 9.9700e-01 



b:
9.9397e-01 1.7724e-16 1.9579e-16 
1.7724e-16 1.0203e+00 -7.8502e-16 
1.9579e-16 -7.8502e-16 9.9397e-01 


F:
9.9698e-01 1.6653e-16 -4.4409e-16 
9.0502e-18 1.0101e+00 0000 
6.4047e-16 -7.7716e-16 9.9698e-01 



b:
9.9394e-01 4.2475e-16 1.6979e-16 
4.2475e-16 1.0204e+00 -5.6076e-16 
1.6979e-16 -5.6076e-16 9.9394e-01 


F:
9.9697e-01 4.4409e-16 -1.1102e-16 
-2.3924e-17 1.0102e+00 0000 
