 P R O G R A M    F L a g S H y P 
 Finite element LArGe Strain HYperelasticity 
 Program 

Total mesh volume is:         1.00000 
'rm' is not recognized as an internal or external command, 
operable program or batch file. 
'rm' is not recognized as an internal or external command, 
operable program or batch file. 



Cauchy =

     0     0     0
     0     0     0
     0     0     0


c =

     0


T =

     0     0     0     0     0     0     0     0
     0     0     0     0     0     0     0     0
     0     0     0     0     0     0     0     0


T_internal =

     0
     0
     0
     0
     0
     0
     0
     0
     0
     0
     0
     0
     0
     0
     0
     0
     0
     0
     0
     0
     0
     0
     0
     0


Cauchy =

     0     0     0
     0     0     0
     0     0     0


c =

     0


T =

     0     0     0     0     0     0     0     0
     0     0     0     0     0     0     0     0
     0     0     0     0     0     0     0     0


T_internal =

     0
     0
     0
     0
     0
     0
     0
     0
     0
     0
     0
     0
     0
     0
     0
     0
     0
     0
     0
     0
     0
     0
     0
     0


Cauchy =

     0     0     0
     0     0     0
     0     0     0


c =

     0


T =

     0     0     0     0     0     0     0     0
     0     0     0     0     0     0     0     0
     0     0     0     0     0     0     0     0


T_internal =

     0
     0
     0
     0
     0
     0
     0
     0
     0
     0
     0
     0
     0
     0
     0
     0
     0
     0
     0
     0
     0
     0
     0
     0


Cauchy =

     0     0     0
     0     0     0
     0     0     0


c =

     0


T =

     0     0     0     0     0     0     0     0
     0     0     0     0     0     0     0     0
     0     0     0     0     0     0     0     0


T_internal =

     0
     0
     0
     0
     0
     0
     0
     0
     0
     0
     0
     0
     0
     0
     0
     0
     0
     0
     0
     0
     0
     0
     0
     0


Cauchy =

     0     0     0
     0     0     0
     0     0     0


c =

     0


T =

     0     0     0     0     0     0     0     0
     0     0     0     0     0     0     0     0
     0     0     0     0     0     0     0     0


T_internal =

     0
     0
     0
     0
     0
     0
     0
     0
     0
     0
     0
     0
     0
     0
     0
     0
     0
     0
     0
     0
     0
     0
     0
     0


Cauchy =

     0     0     0
     0     0     0
     0     0     0


c =

     0


T =

     0     0     0     0     0     0     0     0
     0     0     0     0     0     0     0     0
     0     0     0     0     0     0     0     0


T_internal =

     0
     0
     0
     0
     0
     0
     0
     0
     0
     0
     0
     0
     0
     0
     0
     0
     0
     0
     0
     0
     0
     0
     0
     0


Cauchy =

     0     0     0
     0     0     0
     0     0     0


c =

     0


T =

     0     0     0     0     0     0     0     0
     0     0     0     0     0     0     0     0
     0     0     0     0     0     0     0     0


T_internal =

     0
     0
     0
     0
     0
     0
     0
     0
     0
     0
     0
     0
     0
     0
     0
     0
     0
     0
     0
     0
     0
     0
     0
     0


Cauchy =

     0     0     0
     0     0     0
     0     0     0


c =

     0


T =

     0     0     0     0     0     0     0     0
     0     0     0     0     0     0     0     0
     0     0     0     0     0     0     0     0


T_internal =

     0
     0
     0
     0
     0
     0
     0
     0
     0
     0
     0
     0
     0
     0
     0
     0
     0
     0
     0
     0
     0
     0
     0
     0




Cauchy =

     0     0     0
     0     0     0
     0     0     0


c =

     0


T =

     0     0     0     0     0     0     0     0
     0     0     0     0     0     0     0     0
     0     0     0     0     0     0     0     0


T_internal =

     0
     0
     0
     0
     0
     0
     0
     0
     0
     0
     0
     0
     0
     0
     0
     0
     0
     0
     0
     0
     0
     0
     0
     0


Cauchy =

     0     0     0
     0     0     0
     0     0     0


c =

     0


T =

     0     0     0     0     0     0     0     0
     0     0     0     0     0     0     0     0
     0     0     0     0     0     0     0     0


T_internal =

     0
     0
     0
     0
     0
     0
     0
     0
     0
     0
     0
     0
     0
     0
     0
     0
     0
     0
     0
     0
     0
     0
     0
     0


Cauchy =

     0     0     0
     0     0     0
     0     0     0


c =

     0


T =

     0     0     0     0     0     0     0     0
     0     0     0     0     0     0     0     0
     0     0     0     0     0     0     0     0


T_internal =

     0
     0
     0
     0
     0
     0
     0
     0
     0
     0
     0
     0
     0
     0
     0
     0
     0
     0
     0
     0
     0
     0
     0
     0


Cauchy =

     0     0     0
     0     0     0
     0     0     0


c =

     0


T =

     0     0     0     0     0     0     0     0
     0     0     0     0     0     0     0     0
     0     0     0     0     0     0     0     0


T_internal =

     0
     0
     0
     0
     0
     0
     0
     0
     0
     0
     0
     0
     0
     0
     0
     0
     0
     0
     0
     0
     0
     0
     0
     0


Cauchy =

     0     0     0
     0     0     0
     0     0     0


c =

     0


T =

     0     0     0     0     0     0     0     0
     0     0     0     0     0     0     0     0
     0     0     0     0     0     0     0     0


T_internal =

     0
     0
     0
     0
     0
     0
     0
     0
     0
     0
     0
     0
     0
     0
     0
     0
     0
     0
     0
     0
     0
     0
     0
     0


Cauchy =

     0     0     0
     0     0     0
     0     0     0


c =

     0


T =

     0     0     0     0     0     0     0     0
     0     0     0     0     0     0     0     0
     0     0     0     0     0     0     0     0


T_internal =

     0
     0
     0
     0
     0
     0
     0
     0
     0
     0
     0
     0
     0
     0
     0
     0
     0
     0
     0
     0
     0
     0
     0
     0


Cauchy =

     0     0     0
     0     0     0
     0     0     0


c =

     0


T =

     0     0     0     0     0     0     0     0
     0     0     0     0     0     0     0     0
     0     0     0     0     0     0     0     0


T_internal =

     0
     0
     0
     0
     0
     0
     0
     0
     0
     0
     0
     0
     0
     0
     0
     0
     0
     0
     0
     0
     0
     0
     0
     0


Cauchy =

     0     0     0
     0     0     0
     0     0     0


c =

     0


T =

     0     0     0     0     0     0     0     0
     0     0     0     0     0     0     0     0
     0     0     0     0     0     0     0     0


T_internal =

     0
     0
     0
     0
     0
     0
     0
     0
     0
     0
     0
     0
     0
     0
     0
     0
     0
     0
     0
     0
     0
     0
     0
     0

Energy Violation!
'rm' is not recognized as an internal or external command, 
operable program or batch file. 
'rm' is not recognized as an internal or external command, 
operable program or batch file. 
step = 0     time = 0.00e+00 sec.     dt = 1.36e-04 sec.



Cauchy =

   1.0e+07 *

    0.6286         0         0
         0    1.4664    0.0000
         0    0.0000    0.6286


c =

     0


T =

   1.0e+06 *

   -3.9097    3.9097    1.0476   -1.0476   -1.0476    1.0476    0.2807   -0.2807
   -9.1207   -2.4439    2.4439    9.1207   -2.4439   -0.6548    0.6548    2.4439
   -3.9097   -1.0476   -0.2807   -1.0476    3.9097    1.0476    0.2807    1.0476


T_internal =

   1.0e+06 *

   -0.4887
   -1.1402
   -0.4887
    0.4887
   -0.3055
   -0.1310
    0.1310
    0.3055
   -0.0351
   -0.1310
    1.1402
   -0.1310
   -0.1310
   -0.3055
    0.4887
    0.1310
   -0.0819
    0.1310
    0.0351
    0.0819
    0.0351
   -0.0351
    0.3055
    0.1310


Cauchy =

   1.0e+07 *

    0.6286         0         0
         0    1.4664    0.0000
         0    0.0000    0.6286


c =

     0


T =

   1.0e+06 *

   -3.9097    3.9097    1.0476   -1.0476   -1.0476    1.0476    0.2807   -0.2807
   -2.4439   -9.1207    9.1207    2.4439   -0.6548   -2.4439    2.4439    0.6548
   -1.0476   -3.9097   -1.0476   -0.2807    1.0476    3.9097    1.0476    0.2807


T_internal =

   1.0e+06 *

   -0.9775
   -1.4457
   -0.6197
    0.9775
   -1.4457
   -0.6197
    0.2619
    1.4457
   -0.1660
   -0.2619
    1.4457
   -0.1660
   -0.2619
   -0.3874
    0.6197
    0.2619
   -0.3874
    0.6197
    0.0702
    0.3874
    0.1660
   -0.0702
    0.3874
    0.1660


Cauchy =

   1.0e+07 *

    0.6286         0         0
         0    1.4664    0.0000
         0    0.0000    0.6286


c =

     0


T =

   1.0e+06 *

   -1.0476    1.0476    3.9097   -3.9097   -0.2807    0.2807    1.0476   -1.0476
   -2.4439   -9.1207    9.1207    2.4439   -0.6548   -2.4439    2.4439    0.6548
   -0.2807   -1.0476   -3.9097   -1.0476    0.2807    1.0476    3.9097    1.0476


T_internal =

   1.0e+06 *

   -1.1084
   -1.7512
   -0.6548
    1.1084
   -2.5858
   -0.7507
    0.7507
    2.5858
   -0.6548
   -0.7507
    1.7512
   -0.2970
   -0.2970
   -0.4692
    0.6548
    0.2970
   -0.6929
    0.7507
    0.2011
    0.6929
    0.6548
   -0.2011
    0.4692
    0.2970


Cauchy =

   1.0e+07 *

    0.6286         0         0
         0    1.4664    0.0000
         0    0.0000    0.6286


c =

     0


T =

   1.0e+06 *

   -1.0476    1.0476    3.9097   -3.9097   -0.2807    0.2807    1.0476   -1.0476
   -9.1207   -2.4439    2.4439    9.1207   -2.4439   -0.6548    0.6548    2.4439
   -1.0476   -0.2807   -1.0476   -3.9097    1.0476    0.2807    1.0476    3.9097


T_internal =

   1.0e+06 *

   -1.2394
   -2.8913
   -0.7857
    1.2394
   -2.8913
   -0.7857
    1.2394
    2.8913
   -0.7857
   -1.2394
    2.8913
   -0.7857
   -0.3321
   -0.7747
    0.7857
    0.3321
   -0.7747
    0.7857
    0.3321
    0.7747
    0.7857
   -0.3321
    0.7747
    0.7857


Cauchy =

   1.0e+07 *

    0.6286         0         0
         0    1.4664    0.0000
         0    0.0000    0.6286


c =

     0


T =

   1.0e+06 *

   -1.0476    1.0476    0.2807   -0.2807   -3.9097    3.9097    1.0476   -1.0476
   -2.4439   -0.6548    0.6548    2.4439   -9.1207   -2.4439    2.4439    9.1207
   -3.9097   -1.0476   -0.2807   -1.0476    3.9097    1.0476    0.2807    1.0476


T_internal =

   1.0e+06 *

   -1.3703
   -3.1968
   -1.2745
    1.3703
   -2.9732
   -0.9167
    1.2745
    2.9732
   -0.8208
   -1.2745
    3.1968
   -0.9167
   -0.8208
   -1.9149
    1.2745
    0.8208
   -1.0802
    0.9167
    0.4630
    1.0802
    0.8208
   -0.4630
    1.9149
    0.9167


Cauchy =

   1.0e+07 *

    0.6286         0         0
         0    1.4664    0.0000
         0    0.0000    0.6286


c =

     0


T =

   1.0e+06 *

   -1.0476    1.0476    0.2807   -0.2807   -3.9097    3.9097    1.0476   -1.0476
   -0.6548   -2.4439    2.4439    0.6548   -2.4439   -9.1207    9.1207    2.4439
   -1.0476   -3.9097   -1.0476   -0.2807    1.0476    3.9097    1.0476    0.2807


T_internal =

   1.0e+06 *

   -1.5013
   -3.2787
   -1.4054
    1.5013
   -3.2787
   -1.4054
    1.3096
    3.2787
   -0.9518
   -1.3096
    3.2787
   -0.9518
   -1.3096
   -2.2204
    1.4054
    1.3096
   -2.2204
    1.4054
    0.5940
    2.2204
    0.9518
   -0.5940
    2.2204
    0.9518


Cauchy =

   1.0e+07 *

    0.6286         0         0
         0    1.4664    0.0000
         0    0.0000    0.6286


c =

     0


T =

   1.0e+06 *

   -0.2807    0.2807    1.0476   -1.0476   -1.0476    1.0476    3.9097   -3.9097
   -0.6548   -2.4439    2.4439    0.6548   -2.4439   -9.1207    9.1207    2.4439
   -0.2807   -1.0476   -3.9097   -1.0476    0.2807    1.0476    3.9097    1.0476


T_internal =

   1.0e+06 *

   -1.5364
   -3.3605
   -1.4405
    1.5364
   -3.5842
   -1.5364
    1.4405
    3.5842
   -1.4405
   -1.4405
    3.3605
   -1.0827
   -1.4405
   -2.5259
    1.4405
    1.4405
   -3.3605
    1.5364
    1.0827
    3.3605
    1.4405
   -1.0827
    2.5259
    1.0827


Cauchy =

   1.0e+07 *

    0.6286         0         0
         0    1.4664    0.0000
         0    0.0000    0.6286


c =

     0


T =

   1.0e+06 *

   -0.2807    0.2807    1.0476   -1.0476   -1.0476    1.0476    3.9097   -3.9097
   -2.4439   -0.6548    0.6548    2.4439   -9.1207   -2.4439    2.4439    9.1207
   -1.0476   -0.2807   -1.0476   -3.9097    1.0476    0.2807    1.0476    3.9097


T_internal =

   1.0e+06 *

   -1.5715
   -3.6660
   -1.5715
    1.5715
   -3.6660
   -1.5715
    1.5715
    3.6660
   -1.5715
   -1.5715
    3.6660
   -1.5715
   -1.5715
   -3.6660
    1.5715
    1.5715
   -3.6660
    1.5715
    1.5715
    3.6660
    1.5715
   -1.5715
    3.6660
    1.5715

'rm' is not recognized as an internal or external command, 
operable program or batch file. 
Energy Violation!
'rm' is not recognized as an internal or external command, 
operable program or batch file. 
step = 1     time = 1.36e-04 sec.     dt = 1.36e-04 sec.



Cauchy =

   1.0e+07 *

    0.1076    0.0000   -0.0000
    0.0000    2.2430   -0.0000
   -0.0000   -0.0000    0.1076


c =

     0


T =

   1.0e+07 *

   -0.0669    0.0669    0.0179   -0.0179   -0.0179    0.0179    0.0048   -0.0048
   -1.3950   -0.3738    0.3738    1.3950   -0.3738   -0.1002    0.1002    0.3738
   -0.0669   -0.0179   -0.0048   -0.0179    0.0669    0.0179    0.0048    0.0179


T_internal =

   1.0e+06 *

   -0.0836
   -1.7439
   -0.0836
    0.0836
   -0.4673
   -0.0224
    0.0224
    0.4673
   -0.0060
   -0.0224
    1.7439
   -0.0224
   -0.0224
   -0.4673
    0.0836
    0.0224
   -0.1252
    0.0224
    0.0060
    0.1252
    0.0060
   -0.0060
    0.4673
    0.0224


Cauchy =

   1.0e+07 *

    0.1076   -0.0000    0.0000
   -0.0000    2.2430   -0.0000
    0.0000   -0.0000    0.1076


c =

     0


T =

   1.0e+07 *

   -0.0669    0.0669    0.0179   -0.0179   -0.0179    0.0179    0.0048   -0.0048
   -0.3738   -1.3950    1.3950    0.3738   -0.1002   -0.3738    0.3738    0.1002
   -0.0179   -0.0669   -0.0179   -0.0048    0.0179    0.0669    0.0179    0.0048


T_internal =

   1.0e+06 *

   -0.1673
   -2.2111
   -0.1060
    0.1673
   -2.2111
   -0.1060
    0.0448
    2.2111
   -0.0284
   -0.0448
    2.2111
   -0.0284
   -0.0448
   -0.5925
    0.1060
    0.0448
   -0.5925
    0.1060
    0.0120
    0.5925
    0.0284
   -0.0120
    0.5925
    0.0284


Cauchy =

   1.0e+07 *

    0.1076    0.0000    0.0000
    0.0000    2.2430    0.0000
    0.0000    0.0000    0.1076


c =

     0


T =

   1.0e+07 *

   -0.0179    0.0179    0.0669   -0.0669   -0.0048    0.0048    0.0179   -0.0179
   -0.3738   -1.3950    1.3950    0.3738   -0.1002   -0.3738    0.3738    0.1002
   -0.0048   -0.0179   -0.0669   -0.0179    0.0048    0.0179    0.0669    0.0179


T_internal =

   1.0e+06 *

   -0.1897
   -2.6784
   -0.1120
    0.1897
   -3.9550
   -0.1285
    0.1285
    3.9550
   -0.1120
   -0.1285
    2.6784
   -0.0508
   -0.0508
   -0.7177
    0.1120
    0.0508
   -1.0597
    0.1285
    0.0344
    1.0597
    0.1120
   -0.0344
    0.7177
    0.0508


Cauchy =

   1.0e+07 *

    0.1076   -0.0000   -0.0000
   -0.0000    2.2430    0.0000
   -0.0000    0.0000    0.1076


c =

     0


T =

   1.0e+07 *

   -0.0179    0.0179    0.0669   -0.0669   -0.0048    0.0048    0.0179   -0.0179
   -1.3950   -0.3738    0.3738    1.3950   -0.3738   -0.1002    0.1002    0.3738
   -0.0179   -0.0048   -0.0179   -0.0669    0.0179    0.0048    0.0179    0.0669


T_internal =

   1.0e+06 *

   -0.2121
   -4.4223
   -0.1345
    0.2121
   -4.4223
   -0.1345
    0.2121
    4.4223
   -0.1345
   -0.2121
    4.4223
   -0.1345
   -0.0568
   -1.1849
    0.1345
    0.0568
   -1.1849
    0.1345
    0.0568
    1.1849
    0.1345
   -0.0568
    1.1849
    0.1345


Cauchy =

   1.0e+07 *

    0.1076    0.0000   -0.0000
    0.0000    2.2430    0.0000
   -0.0000    0.0000    0.1076


c =

     0


T =

   1.0e+07 *

   -0.0179    0.0179    0.0048   -0.0048   -0.0669    0.0669    0.0179   -0.0179
   -0.3738   -0.1002    0.1002    0.3738   -1.3950   -0.3738    0.3738    1.3950
   -0.0669   -0.0179   -0.0048   -0.0179    0.0669    0.0179    0.0048    0.0179


T_internal =

   1.0e+06 *

   -0.2345
   -4.8895
   -0.2181
    0.2345
   -4.5475
   -0.1569
    0.2181
    4.5475
   -0.1405
   -0.2181
    4.8895
   -0.1569
   -0.1405
   -2.9288
    0.2181
    0.1405
   -1.6522
    0.1569
    0.0792
    1.6522
    0.1405
   -0.0792
    2.9288
    0.1569


Cauchy =

   1.0e+07 *

    0.1076   -0.0000    0.0000
   -0.0000    2.2430    0.0000
    0.0000    0.0000    0.1076


c =

     0


T =

   1.0e+07 *

   -0.0179    0.0179    0.0048   -0.0048   -0.0669    0.0669    0.0179   -0.0179
   -0.1002   -0.3738    0.3738    0.1002   -0.3738   -1.3950    1.3950    0.3738
   -0.0179   -0.0669   -0.0179   -0.0048    0.0179    0.0669    0.0179    0.0048


T_internal =

   1.0e+06 *

   -0.2569
   -5.0147
   -0.2405
    0.2569
   -5.0147
   -0.2405
    0.2241
    5.0147
   -0.1629
   -0.2241
    5.0147
   -0.1629
   -0.2241
   -3.3961
    0.2405
    0.2241
   -3.3961
    0.2405
    0.1016
    3.3961
    0.1629
   -0.1016
    3.3961
    0.1629


Cauchy =

   1.0e+07 *

    0.1076    0.0000    0.0000
    0.0000    2.2430    0.0000
    0.0000    0.0000    0.1076


c =

     0


T =

   1.0e+07 *

   -0.0048    0.0048    0.0179   -0.0179   -0.0179    0.0179    0.0669   -0.0669
   -0.1002   -0.3738    0.3738    0.1002   -0.3738   -1.3950    1.3950    0.3738
   -0.0048   -0.0179   -0.0669   -0.0179    0.0048    0.0179    0.0669    0.0179


T_internal =

   1.0e+06 *

   -0.2629
   -5.1399
   -0.2465
    0.2629
   -5.4820
   -0.2629
    0.2465
    5.4820
   -0.2465
   -0.2465
    5.1399
   -0.1853
   -0.2465
   -3.8633
    0.2465
    0.2465
   -5.1399
    0.2629
    0.1853
    5.1399
    0.2465
   -0.1853
    3.8633
    0.1853


Cauchy =

   1.0e+07 *

    0.1076   -0.0000   -0.0000
   -0.0000    2.2430    0.0000
   -0.0000    0.0000    0.1076


c =

     0


T =

   1.0e+07 *

   -0.0048    0.0048    0.0179   -0.0179   -0.0179    0.0179    0.0669   -0.0669
   -0.3738   -0.1002    0.1002    0.3738   -1.3950   -0.3738    0.3738    1.3950
   -0.0179   -0.0048   -0.0179   -0.0669    0.0179    0.0048    0.0179    0.0669


T_internal =

   1.0e+06 *

   -0.2689
   -5.6072
   -0.2689
    0.2689
   -5.6072
   -0.2689
    0.2689
    5.6072
   -0.2689
   -0.2689
    5.6072
   -0.2689
   -0.2689
   -5.6072
    0.2689
    0.2689
   -5.6072
    0.2689
    0.2689
    5.6072
    0.2689
   -0.2689
    5.6072
    0.2689

Energy Violation!
step = 2     time = 2.72e-04 sec.     dt = 1.36e-04 sec.



Cauchy =

   1.0e+07 *

   -0.6102    0.0000    0.0000
    0.0000    2.9016    0.0000
    0.0000    0.0000   -0.6102


c =

     0


T =

   1.0e+07 *

    0.3796   -0.3796   -0.1017    0.1017    0.1017   -0.1017   -0.0273    0.0273
   -1.8045   -0.4835    0.4835    1.8045   -0.4835   -0.1296    0.1296    0.4835
    0.3796    0.1017    0.0273    0.1017   -0.3796   -0.1017   -0.0273   -0.1017


T_internal =

   1.0e+06 *

    0.4745
   -2.2557
    0.4745
   -0.4745
   -0.6044
    0.1271
   -0.1271
    0.6044
    0.0341
    0.1271
    2.2557
    0.1271
    0.1271
   -0.6044
   -0.4745
   -0.1271
   -0.1620
   -0.1271
   -0.0341
    0.1620
   -0.0341
    0.0341
    0.6044
   -0.1271


Cauchy =

   1.0e+07 *

   -0.6102   -0.0000   -0.0000
   -0.0000    2.9016    0.0000
   -0.0000    0.0000   -0.6102


c =

     0


T =

   1.0e+07 *

    0.3796   -0.3796   -0.1017    0.1017    0.1017   -0.1017   -0.0273    0.0273
   -0.4835   -1.8045    1.8045    0.4835   -0.1296   -0.4835    0.4835    0.1296
    0.1017    0.3796    0.1017    0.0273   -0.1017   -0.3796   -0.1017   -0.0273


T_internal =

   1.0e+06 *

    0.9490
   -2.8602
    0.6016
   -0.9490
   -2.8602
    0.6016
   -0.2543
    2.8602
    0.1612
    0.2543
    2.8602
    0.1612
    0.2543
   -0.7664
   -0.6016
   -0.2543
   -0.7664
   -0.6016
   -0.0681
    0.7664
   -0.1612
    0.0681
    0.7664
   -0.1612


Cauchy =

   1.0e+07 *

   -0.6102    0.0000   -0.0000
    0.0000    2.9016   -0.0000
   -0.0000   -0.0000   -0.6102


c =

     0


T =

   1.0e+07 *

    0.1017   -0.1017   -0.3796    0.3796    0.0273   -0.0273   -0.1017    0.1017
   -0.4835   -1.8045    1.8045    0.4835   -0.1296   -0.4835    0.4835    0.1296
    0.0273    0.1017    0.3796    0.1017   -0.0273   -0.1017   -0.3796   -0.1017


T_internal =

   1.0e+06 *

    1.0762
   -3.4646
    0.6357
   -1.0762
   -5.1159
    0.7288
   -0.7288
    5.1159
    0.6357
    0.7288
    3.4646
    0.2884
    0.2884
   -0.9283
   -0.6357
   -0.2884
   -1.3708
   -0.7288
   -0.1953
    1.3708
   -0.6357
    0.1953
    0.9283
   -0.2884


Cauchy =

   1.0e+07 *

   -0.6102   -0.0000    0.0000
   -0.0000    2.9016   -0.0000
    0.0000   -0.0000   -0.6102


c =

     0


T =

   1.0e+07 *

    0.1017   -0.1017   -0.3796    0.3796    0.0273   -0.0273   -0.1017    0.1017
   -1.8045   -0.4835    0.4835    1.8045   -0.4835   -0.1296    0.1296    0.4835
    0.1017    0.0273    0.1017    0.3796   -0.1017   -0.0273   -0.1017   -0.3796


T_internal =

   1.0e+06 *

    1.2033
   -5.7203
    0.7629
   -1.2033
   -5.7203
    0.7629
   -1.2033
    5.7203
    0.7629
    1.2033
    5.7203
    0.7629
    0.3224
   -1.5328
   -0.7629
   -0.3224
   -1.5328
   -0.7629
   -0.3224
    1.5328
   -0.7629
    0.3224
    1.5328
   -0.7629


Cauchy =

   1.0e+07 *

   -0.6102    0.0000    0.0000
    0.0000    2.9016   -0.0000
    0.0000   -0.0000   -0.6102


c =

     0


T =

   1.0e+07 *

    0.1017   -0.1017   -0.0273    0.0273    0.3796   -0.3796   -0.1017    0.1017
   -0.4835   -0.1296    0.1296    0.4835   -1.8045   -0.4835    0.4835    1.8045
    0.3796    0.1017    0.0273    0.1017   -0.3796   -0.1017   -0.0273   -0.1017


T_internal =

   1.0e+06 *

    1.3304
   -6.3247
    1.2374
   -1.3304
   -5.8823
    0.8900
   -1.2374
    5.8823
    0.7969
    1.2374
    6.3247
    0.8900
    0.7969
   -3.7885
   -1.2374
   -0.7969
   -2.1372
   -0.8900
   -0.4496
    2.1372
   -0.7969
    0.4496
    3.7885
   -0.8900


Cauchy =

   1.0e+07 *

   -0.6102   -0.0000   -0.0000
   -0.0000    2.9016   -0.0000
   -0.0000   -0.0000   -0.6102


c =

     0


T =

   1.0e+07 *

    0.1017   -0.1017   -0.0273    0.0273    0.3796   -0.3796   -0.1017    0.1017
   -0.1296   -0.4835    0.4835    0.1296   -0.4835   -1.8045    1.8045    0.4835
    0.1017    0.3796    0.1017    0.0273   -0.1017   -0.3796   -0.1017   -0.0273


T_internal =

   1.0e+06 *

    1.4576
   -6.4867
    1.3645
   -1.4576
   -6.4867
    1.3645
   -1.2714
    6.4867
    0.9241
    1.2714
    6.4867
    0.9241
    1.2714
   -4.3929
   -1.3645
   -1.2714
   -4.3929
   -1.3645
   -0.5767
    4.3929
   -0.9241
    0.5767
    4.3929
   -0.9241


Cauchy =

   1.0e+07 *

   -0.6102    0.0000   -0.0000
    0.0000    2.9016   -0.0000
   -0.0000   -0.0000   -0.6102


c =

     0


T =

   1.0e+07 *

    0.0273   -0.0273   -0.1017    0.1017    0.1017   -0.1017   -0.3796    0.3796
   -0.1296   -0.4835    0.4835    0.1296   -0.4835   -1.8045    1.8045    0.4835
    0.0273    0.1017    0.3796    0.1017   -0.0273   -0.1017   -0.3796   -0.1017


T_internal =

   1.0e+06 *

    1.4917
   -6.6486
    1.3986
   -1.4917
   -7.0911
    1.4917
   -1.3986
    7.0911
    1.3986
    1.3986
    6.6486
    1.0512
    1.3986
   -4.9973
   -1.3986
   -1.3986
   -6.6486
   -1.4917
   -1.0512
    6.6486
   -1.3986
    1.0512
    4.9973
   -1.0512


Cauchy =

   1.0e+07 *

   -0.6102   -0.0000    0.0000
   -0.0000    2.9016   -0.0000
    0.0000   -0.0000   -0.6102


c =

     0


T =

   1.0e+07 *

    0.0273   -0.0273   -0.1017    0.1017    0.1017   -0.1017   -0.3796    0.3796
   -0.4835   -0.1296    0.1296    0.4835   -1.8045   -0.4835    0.4835    1.8045
    0.1017    0.0273    0.1017    0.3796   -0.1017   -0.0273   -0.1017   -0.3796


T_internal =

   1.0e+06 *

    1.5257
   -7.2531
    1.5257
   -1.5257
   -7.2531
    1.5257
   -1.5257
    7.2531
    1.5257
    1.5257
    7.2531
    1.5257
    1.5257
   -7.2531
   -1.5257
   -1.5257
   -7.2531
   -1.5257
   -1.5257
    7.2531
   -1.5257
    1.5257
    7.2531
   -1.5257

Energy Violation!
step = 3     time = 4.08e-04 sec.     dt = 1.36e-04 sec.



Cauchy =

   1.0e+07 *

   -0.2120    0.0000    0.0000
    0.0000    4.2296    0.0000
    0.0000    0.0000   -0.2120


c =

     0


T =

   1.0e+07 *

    0.1319   -0.1319   -0.0353    0.0353    0.0353   -0.0353   -0.0095    0.0095
   -2.6303   -0.7048    0.7048    2.6303   -0.7048   -0.1888    0.1888    0.7048
    0.1319    0.0353    0.0095    0.0353   -0.1319   -0.0353   -0.0095   -0.0353


T_internal =

   1.0e+06 *

    0.1648
   -3.2881
    0.1648
   -0.1648
   -0.8810
    0.0442
   -0.0442
    0.8810
    0.0118
    0.0442
    3.2881
    0.0442
    0.0442
   -0.8810
   -0.1648
   -0.0442
   -0.2361
   -0.0442
   -0.0118
    0.2361
   -0.0118
    0.0118
    0.8810
   -0.0442


Cauchy =

   1.0e+07 *

   -0.2120    0.0000    0.0000
    0.0000    4.2296    0.0000
    0.0000    0.0000   -0.2120


c =

     0


T =

   1.0e+07 *

    0.1319   -0.1319   -0.0353    0.0353    0.0353   -0.0353   -0.0095    0.0095
   -0.7048   -2.6303    2.6303    0.7048   -0.1888   -0.7048    0.7048    0.1888
    0.0353    0.1319    0.0353    0.0095   -0.0353   -0.1319   -0.0353   -0.0095


T_internal =

   1.0e+06 *

    0.3297
   -4.1691
    0.2090
   -0.3297
   -4.1691
    0.2090
   -0.0883
    4.1691
    0.0560
    0.0883
    4.1691
    0.0560
    0.0883
   -1.1171
   -0.2090
   -0.0883
   -1.1171
   -0.2090
   -0.0237
    1.1171
   -0.0560
    0.0237
    1.1171
   -0.0560


Cauchy =

   1.0e+07 *

   -0.2120    0.0000    0.0000
    0.0000    4.2296    0.0000
    0.0000    0.0000   -0.2120


c =

     0


T =

   1.0e+07 *

    0.0353   -0.0353   -0.1319    0.1319    0.0095   -0.0095   -0.0353    0.0353
   -0.7048   -2.6303    2.6303    0.7048   -0.1888   -0.7048    0.7048    0.1888
    0.0095    0.0353    0.1319    0.0353   -0.0095   -0.0353   -0.1319   -0.0353


T_internal =

   1.0e+06 *

    0.3739
   -5.0502
    0.2209
   -0.3739
   -7.4572
    0.2532
   -0.2532
    7.4572
    0.2209
    0.2532
    5.0502
    0.1002
    0.1002
   -1.3532
   -0.2209
   -0.1002
   -1.9982
   -0.2532
   -0.0678
    1.9982
   -0.2209
    0.0678
    1.3532
   -0.1002


Cauchy =

   1.0e+07 *

   -0.2120    0.0000    0.0000
    0.0000    4.2296    0.0000
    0.0000    0.0000   -0.2120


c =

     0


T =

   1.0e+07 *

    0.0353   -0.0353   -0.1319    0.1319    0.0095   -0.0095   -0.0353    0.0353
   -2.6303   -0.7048    0.7048    2.6303   -0.7048   -0.1888    0.1888    0.7048
    0.0353    0.0095    0.0353    0.1319   -0.0353   -0.0095   -0.0353   -0.1319


T_internal =

   1.0e+06 *

    0.4180
   -8.3382
    0.2650
   -0.4180
   -8.3382
    0.2650
   -0.4180
    8.3382
    0.2650
    0.4180
    8.3382
    0.2650
    0.1120
   -2.2342
   -0.2650
   -0.1120
   -2.2342
   -0.2650
   -0.1120
    2.2342
   -0.2650
    0.1120
    2.2342
   -0.2650


Cauchy =

   1.0e+07 *

   -0.2120    0.0000    0.0000
    0.0000    4.2296    0.0000
    0.0000    0.0000   -0.2120


c =

     0


T =

   1.0e+07 *

    0.0353   -0.0353   -0.0095    0.0095    0.1319   -0.1319   -0.0353    0.0353
   -0.7048   -0.1888    0.1888    0.7048   -2.6303   -0.7048    0.7048    2.6303
    0.1319    0.0353    0.0095    0.0353   -0.1319   -0.0353   -0.0095   -0.0353


T_internal =

   1.0e+06 *

    0.4622
   -9.2193
    0.4299
   -0.4622
   -8.5743
    0.3092
   -0.4299
    8.5743
    0.2769
    0.4299
    9.2193
    0.3092
    0.2769
   -5.5223
   -0.4299
   -0.2769
   -3.1153
   -0.3092
   -0.1562
    3.1153
   -0.2769
    0.1562
    5.5223
   -0.3092


Cauchy =

   1.0e+07 *

   -0.2120    0.0000    0.0000
    0.0000    4.2296    0.0000
    0.0000    0.0000   -0.2120


c =

     0


T =

   1.0e+07 *

    0.0353   -0.0353   -0.0095    0.0095    0.1319   -0.1319   -0.0353    0.0353
   -0.1888   -0.7048    0.7048    0.1888   -0.7048   -2.6303    2.6303    0.7048
    0.0353    0.1319    0.0353    0.0095   -0.0353   -0.1319   -0.0353   -0.0095


T_internal =

   1.0e+06 *

    0.5064
   -9.4554
    0.4740
   -0.5064
   -9.4554
    0.4740
   -0.4417
    9.4554
    0.3210
    0.4417
    9.4554
    0.3210
    0.4417
   -6.4033
   -0.4740
   -0.4417
   -6.4033
   -0.4740
   -0.2004
    6.4033
   -0.3210
    0.2004
    6.4033
   -0.3210


Cauchy =

   1.0e+07 *

   -0.2120    0.0000    0.0000
    0.0000    4.2296    0.0000
    0.0000    0.0000   -0.2120


c =

     0


T =

   1.0e+07 *

    0.0095   -0.0095   -0.0353    0.0353    0.0353   -0.0353   -0.1319    0.1319
   -0.1888   -0.7048    0.7048    0.1888   -0.7048   -2.6303    2.6303    0.7048
    0.0095    0.0353    0.1319    0.0353   -0.0095   -0.0353   -0.1319   -0.0353


T_internal =

   1.0e+07 *

    0.0518
   -0.9691
    0.0486
   -0.0518
   -1.0336
    0.0518
   -0.0486
    1.0336
    0.0486
    0.0486
    0.9691
    0.0365
    0.0486
   -0.7284
   -0.0486
   -0.0486
   -0.9691
   -0.0518
   -0.0365
    0.9691
   -0.0486
    0.0365
    0.7284
   -0.0365


Cauchy =

   1.0e+07 *

   -0.2120    0.0000    0.0000
    0.0000    4.2296    0.0000
    0.0000    0.0000   -0.2120


c =

     0


T =

   1.0e+07 *

    0.0095   -0.0095   -0.0353    0.0353    0.0353   -0.0353   -0.1319    0.1319
   -0.7048   -0.1888    0.1888    0.7048   -2.6303   -0.7048    0.7048    2.6303
    0.0353    0.0095    0.0353    0.1319   -0.0353   -0.0095   -0.0353   -0.1319


T_internal =

   1.0e+07 *

    0.0530
   -1.0572
    0.0530
   -0.0530
   -1.0572
    0.0530
   -0.0530
    1.0572
    0.0530
    0.0530
    1.0572
    0.0530
    0.0530
   -1.0572
   -0.0530
   -0.0530
   -1.0572
   -0.0530
   -0.0530
    1.0572
   -0.0530
    0.0530
    1.0572
   -0.0530

Energy Violation!
step = 4     time = 5.45e-04 sec.     dt = 1.36e-04 sec.
K>> 