
F:
 1.0000E+00  0.0000E+00  0.0000E+00 
 0.0000E+00  1.0000E+00  0.0000E+00 
 0.0000E+00  0.0000E+00  1.0000E+00 


b:
 1.0000E+00  0.0000E+00  0.0000E+00 
 0.0000E+00  1.0000E+00  0.0000E+00 
 0.0000E+00  0.0000E+00  1.0000E+00 


 J=1 I1=3 

Cauchy:
 0.0000E+00  0.0000E+00  0.0000E+00 
 0.0000E+00  0.0000E+00  0.0000E+00 
 0.0000E+00  0.0000E+00  0.0000E+00 


F:
 1.0000E+00  0.0000E+00  0.0000E+00 
 0.0000E+00  1.0000E+00  0.0000E+00 
 0.0000E+00  0.0000E+00  1.0000E+00 


b:
 1.0000E+00  0.0000E+00  0.0000E+00 
 0.0000E+00  1.0000E+00  0.0000E+00 
 0.0000E+00  0.0000E+00  1.0000E+00 


 J=1 I1=3 

Cauchy:
 0.0000E+00  0.0000E+00  0.0000E+00 
 0.0000E+00  0.0000E+00  0.0000E+00 
 0.0000E+00  0.0000E+00  0.0000E+00 


F:
 1.0000E+00  0.0000E+00  0.0000E+00 
 0.0000E+00  1.0000E+00  0.0000E+00 
 0.0000E+00  0.0000E+00  1.0000E+00 


b:
 1.0000E+00  0.0000E+00  0.0000E+00 
 0.0000E+00  1.0000E+00  0.0000E+00 
 0.0000E+00  0.0000E+00  1.0000E+00 


 J=1 I1=3 

Cauchy:
 0.0000E+00  0.0000E+00  0.0000E+00 
 0.0000E+00  0.0000E+00  0.0000E+00 
 0.0000E+00  0.0000E+00  0.0000E+00 


F:
 1.0000E+00  0.0000E+00  0.0000E+00 
 0.0000E+00  1.0000E+00  0.0000E+00 
 0.0000E+00  0.0000E+00  1.0000E+00 


b:
 1.0000E+00  0.0000E+00  0.0000E+00 
 0.0000E+00  1.0000E+00  0.0000E+00 
 0.0000E+00  0.0000E+00  1.0000E+00 


 J=1 I1=3 

Cauchy:
 0.0000E+00  0.0000E+00  0.0000E+00 
 0.0000E+00  0.0000E+00  0.0000E+00 
 0.0000E+00  0.0000E+00  0.0000E+00 


F:
 1.0000E+00  0.0000E+00  0.0000E+00 
 0.0000E+00  1.0000E+00  0.0000E+00 
 0.0000E+00  0.0000E+00  1.0000E+00 


b:
 1.0000E+00  0.0000E+00  0.0000E+00 
 0.0000E+00  1.0000E+00  0.0000E+00 
 0.0000E+00  0.0000E+00  1.0000E+00 


 J=1 I1=3 

Cauchy:
 0.0000E+00  0.0000E+00  0.0000E+00 
 0.0000E+00  0.0000E+00  0.0000E+00 
 0.0000E+00  0.0000E+00  0.0000E+00 


F:
 1.0000E+00  0.0000E+00  0.0000E+00 
 0.0000E+00  1.0000E+00  0.0000E+00 
 0.0000E+00  0.0000E+00  1.0000E+00 


b:
 1.0000E+00  0.0000E+00  0.0000E+00 
 0.0000E+00  1.0000E+00  0.0000E+00 
 0.0000E+00  0.0000E+00  1.0000E+00 


 J=1 I1=3 

Cauchy:
 0.0000E+00  0.0000E+00  0.0000E+00 
 0.0000E+00  0.0000E+00  0.0000E+00 
 0.0000E+00  0.0000E+00  0.0000E+00 


F:
 1.0000E+00  0.0000E+00  0.0000E+00 
 0.0000E+00  1.0000E+00  0.0000E+00 
 0.0000E+00  0.0000E+00  1.0000E+00 


b:
 1.0000E+00  0.0000E+00  0.0000E+00 
 0.0000E+00  1.0000E+00  0.0000E+00 
 0.0000E+00  0.0000E+00  1.0000E+00 


 J=1 I1=3 

Cauchy:
 0.0000E+00  0.0000E+00  0.0000E+00 
 0.0000E+00  0.0000E+00  0.0000E+00 
 0.0000E+00  0.0000E+00  0.0000E+00 


F:
 1.0000E+00  0.0000E+00  0.0000E+00 
 0.0000E+00  1.0000E+00  0.0000E+00 
 0.0000E+00  0.0000E+00  1.0000E+00 


b:
 1.0000E+00  0.0000E+00  0.0000E+00 
 0.0000E+00  1.0000E+00  0.0000E+00 
 0.0000E+00  0.0000E+00  1.0000E+00 


 J=1 I1=3 

Cauchy:
 0.0000E+00  0.0000E+00  0.0000E+00 
 0.0000E+00  0.0000E+00  0.0000E+00 
 0.0000E+00  0.0000E+00  0.0000E+00 


F:
 1.0000E+00  0.0000E+00  0.0000E+00 
 0.0000E+00  1.0000E+00  0.0000E+00 
 0.0000E+00  0.0000E+00  1.0000E+00 


b:
 1.0000E+00  0.0000E+00  0.0000E+00 
 0.0000E+00  1.0000E+00  0.0000E+00 
 0.0000E+00  0.0000E+00  1.0000E+00 


 J=1 I1=3 

Cauchy:
 0.0000E+00  0.0000E+00  0.0000E+00 
 0.0000E+00  0.0000E+00  0.0000E+00 
 0.0000E+00  0.0000E+00  0.0000E+00 


F:
 1.0000E+00  0.0000E+00  0.0000E+00 
 0.0000E+00  1.0000E+00  0.0000E+00 
 0.0000E+00  0.0000E+00  1.0000E+00 


b:
 1.0000E+00  0.0000E+00  0.0000E+00 
 0.0000E+00  1.0000E+00  0.0000E+00 
 0.0000E+00  0.0000E+00  1.0000E+00 


 J=1 I1=3 

Cauchy:
 0.0000E+00  0.0000E+00  0.0000E+00 
 0.0000E+00  0.0000E+00  0.0000E+00 
 0.0000E+00  0.0000E+00  0.0000E+00 


F:
 1.0000E+00  0.0000E+00  0.0000E+00 
 0.0000E+00  1.0000E+00  0.0000E+00 
 0.0000E+00  0.0000E+00  1.0000E+00 


b:
 1.0000E+00  0.0000E+00  0.0000E+00 
 0.0000E+00  1.0000E+00  0.0000E+00 
 0.0000E+00  0.0000E+00  1.0000E+00 


 J=1 I1=3 

Cauchy:
 0.0000E+00  0.0000E+00  0.0000E+00 
 0.0000E+00  0.0000E+00  0.0000E+00 
 0.0000E+00  0.0000E+00  0.0000E+00 


F:
 1.0000E+00  0.0000E+00  0.0000E+00 
 0.0000E+00  1.0000E+00  0.0000E+00 
 0.0000E+00  0.0000E+00  1.0000E+00 


b:
 1.0000E+00  0.0000E+00  0.0000E+00 
 0.0000E+00  1.0000E+00  0.0000E+00 
 0.0000E+00  0.0000E+00  1.0000E+00 


 J=1 I1=3 

Cauchy:
 0.0000E+00  0.0000E+00  0.0000E+00 
 0.0000E+00  0.0000E+00  0.0000E+00 
 0.0000E+00  0.0000E+00  0.0000E+00 


F:
 1.0000E+00  0.0000E+00  0.0000E+00 
 0.0000E+00  1.0000E+00  0.0000E+00 
 0.0000E+00  0.0000E+00  1.0000E+00 


b:
 1.0000E+00  0.0000E+00  0.0000E+00 
 0.0000E+00  1.0000E+00  0.0000E+00 
 0.0000E+00  0.0000E+00  1.0000E+00 


 J=1 I1=3 

Cauchy:
 0.0000E+00  0.0000E+00  0.0000E+00 
 0.0000E+00  0.0000E+00  0.0000E+00 
 0.0000E+00  0.0000E+00  0.0000E+00 


F:
 1.0000E+00  0.0000E+00  0.0000E+00 
 0.0000E+00  1.0000E+00  0.0000E+00 
 0.0000E+00  0.0000E+00  1.0000E+00 


b:
 1.0000E+00  0.0000E+00  0.0000E+00 
 0.0000E+00  1.0000E+00  0.0000E+00 
 0.0000E+00  0.0000E+00  1.0000E+00 


 J=1 I1=3 

Cauchy:
 0.0000E+00  0.0000E+00  0.0000E+00 
 0.0000E+00  0.0000E+00  0.0000E+00 
 0.0000E+00  0.0000E+00  0.0000E+00 


F:
 1.0000E+00  0.0000E+00  0.0000E+00 
 0.0000E+00  1.0000E+00  0.0000E+00 
 0.0000E+00  0.0000E+00  1.0000E+00 


b:
 1.0000E+00  0.0000E+00  0.0000E+00 
 0.0000E+00  1.0000E+00  0.0000E+00 
 0.0000E+00  0.0000E+00  1.0000E+00 


 J=1 I1=3 

Cauchy:
 0.0000E+00  0.0000E+00  0.0000E+00 
 0.0000E+00  0.0000E+00  0.0000E+00 
 0.0000E+00  0.0000E+00  0.0000E+00 


F:
 1.0000E+00  0.0000E+00  0.0000E+00 
 0.0000E+00  1.0000E+00  0.0000E+00 
 0.0000E+00  0.0000E+00  1.0000E+00 


b:
 1.0000E+00  0.0000E+00  0.0000E+00 
 0.0000E+00  1.0000E+00  0.0000E+00 
 0.0000E+00  0.0000E+00  1.0000E+00 


 J=1 I1=3 

Cauchy:
 0.0000E+00  0.0000E+00  0.0000E+00 
 0.0000E+00  0.0000E+00  0.0000E+00 
 0.0000E+00  0.0000E+00  0.0000E+00 


F:
 1.0000E+00  0.0000E+00  0.0000E+00 
 0.0000E+00  1.0000E+00  0.0000E+00 
 0.0000E+00  0.0000E+00  1.0000E+00 


b:
 1.0000E+00  0.0000E+00  0.0000E+00 
 0.0000E+00  1.0000E+00  0.0000E+00 
 0.0000E+00  0.0000E+00  1.0000E+00 


 J=1 I1=3 

Cauchy:
 0.0000E+00  0.0000E+00  0.0000E+00 
 0.0000E+00  0.0000E+00  0.0000E+00 
 0.0000E+00  0.0000E+00  0.0000E+00 


F:
 1.0000E+00  0.0000E+00  0.0000E+00 
 0.0000E+00  1.0000E+00  0.0000E+00 
 0.0000E+00  0.0000E+00  1.0000E+00 


b:
 1.0000E+00  0.0000E+00  0.0000E+00 
 0.0000E+00  1.0000E+00  0.0000E+00 
 0.0000E+00  0.0000E+00  1.0000E+00 


 J=1 I1=3 

Cauchy:
 0.0000E+00  0.0000E+00  0.0000E+00 
 0.0000E+00  0.0000E+00  0.0000E+00 
 0.0000E+00  0.0000E+00  0.0000E+00 


F:
 1.0000E+00  0.0000E+00  0.0000E+00 
 0.0000E+00  1.0000E+00  0.0000E+00 
 0.0000E+00  0.0000E+00  1.0000E+00 


b:
 1.0000E+00  0.0000E+00  0.0000E+00 
 0.0000E+00  1.0000E+00  0.0000E+00 
 0.0000E+00  0.0000E+00  1.0000E+00 


 J=1 I1=3 

Cauchy:
 0.0000E+00  0.0000E+00  0.0000E+00 
 0.0000E+00  0.0000E+00  0.0000E+00 
 0.0000E+00  0.0000E+00  0.0000E+00 


F:
 1.0000E+00  0.0000E+00  0.0000E+00 
 0.0000E+00  1.0000E+00  0.0000E+00 
 0.0000E+00  0.0000E+00  1.0000E+00 


b:
 1.0000E+00  0.0000E+00  0.0000E+00 
 0.0000E+00  1.0000E+00  0.0000E+00 
 0.0000E+00  0.0000E+00  1.0000E+00 


 J=1 I1=3 

Cauchy:
 0.0000E+00  0.0000E+00  0.0000E+00 
 0.0000E+00  0.0000E+00  0.0000E+00 
 0.0000E+00  0.0000E+00  0.0000E+00 


F:
 1.0000E+00  0.0000E+00  0.0000E+00 
 0.0000E+00  1.0000E+00  0.0000E+00 
 0.0000E+00  0.0000E+00  1.0000E+00 


b:
 1.0000E+00  0.0000E+00  0.0000E+00 
 0.0000E+00  1.0000E+00  0.0000E+00 
 0.0000E+00  0.0000E+00  1.0000E+00 


 J=1 I1=3 

Cauchy:
 0.0000E+00  0.0000E+00  0.0000E+00 
 0.0000E+00  0.0000E+00  0.0000E+00 
 0.0000E+00  0.0000E+00  0.0000E+00 


F:
 1.0000E+00  0.0000E+00  0.0000E+00 
 0.0000E+00  1.0000E+00  0.0000E+00 
 0.0000E+00  0.0000E+00  1.0000E+00 


b:
 1.0000E+00  0.0000E+00  0.0000E+00 
 0.0000E+00  1.0000E+00  0.0000E+00 
 0.0000E+00  0.0000E+00  1.0000E+00 


 J=1 I1=3 

Cauchy:
 0.0000E+00  0.0000E+00  0.0000E+00 
 0.0000E+00  0.0000E+00  0.0000E+00 
 0.0000E+00  0.0000E+00  0.0000E+00 


F:
 1.0000E+00  0.0000E+00  0.0000E+00 
 0.0000E+00  1.0000E+00  0.0000E+00 
 0.0000E+00  0.0000E+00  1.0000E+00 


b:
 1.0000E+00  0.0000E+00  0.0000E+00 
 0.0000E+00  1.0000E+00  0.0000E+00 
 0.0000E+00  0.0000E+00  1.0000E+00 


 J=1 I1=3 

Cauchy:
 0.0000E+00  0.0000E+00  0.0000E+00 
 0.0000E+00  0.0000E+00  0.0000E+00 
 0.0000E+00  0.0000E+00  0.0000E+00 


F:
 1.0000E+00  0.0000E+00  0.0000E+00 
 0.0000E+00  1.0000E+00  0.0000E+00 
 0.0000E+00  0.0000E+00  1.0000E+00 


b:
 1.0000E+00  0.0000E+00  0.0000E+00 
 0.0000E+00  1.0000E+00  0.0000E+00 
 0.0000E+00  0.0000E+00  1.0000E+00 


 J=1 I1=3 

Cauchy:
 0.0000E+00  0.0000E+00  0.0000E+00 
 0.0000E+00  0.0000E+00  0.0000E+00 
 0.0000E+00  0.0000E+00  0.0000E+00 


F:
 1.0000E+00  0.0000E+00  0.0000E+00 
 0.0000E+00  1.0000E+00  0.0000E+00 
 0.0000E+00  0.0000E+00  1.0000E+00 


b:
 1.0000E+00  0.0000E+00  0.0000E+00 
 0.0000E+00  1.0000E+00  0.0000E+00 
 0.0000E+00  0.0000E+00  1.0000E+00 


 J=1 I1=3 

Cauchy:
 0.0000E+00  0.0000E+00  0.0000E+00 
 0.0000E+00  0.0000E+00  0.0000E+00 
 0.0000E+00  0.0000E+00  0.0000E+00 


F:
 1.0000E+00  0.0000E+00  0.0000E+00 
 0.0000E+00  1.0000E+00  0.0000E+00 
 0.0000E+00  0.0000E+00  1.0000E+00 


b:
 1.0000E+00  0.0000E+00  0.0000E+00 
 0.0000E+00  1.0000E+00  0.0000E+00 
 0.0000E+00  0.0000E+00  1.0000E+00 


 J=1 I1=3 

Cauchy:
 0.0000E+00  0.0000E+00  0.0000E+00 
 0.0000E+00  0.0000E+00  0.0000E+00 
 0.0000E+00  0.0000E+00  0.0000E+00 


F:
 1.0000E+00  0.0000E+00  0.0000E+00 
 0.0000E+00  1.0000E+00  0.0000E+00 
 0.0000E+00  0.0000E+00  1.0000E+00 


b:
 1.0000E+00  0.0000E+00  0.0000E+00 
 0.0000E+00  1.0000E+00  0.0000E+00 
 0.0000E+00  0.0000E+00  1.0000E+00 


 J=1 I1=3 

Cauchy:
 0.0000E+00  0.0000E+00  0.0000E+00 
 0.0000E+00  0.0000E+00  0.0000E+00 
 0.0000E+00  0.0000E+00  0.0000E+00 


F:
 1.0000E+00  0.0000E+00  0.0000E+00 
 0.0000E+00  1.0000E+00  0.0000E+00 
 0.0000E+00  0.0000E+00  1.0000E+00 


b:
 1.0000E+00  0.0000E+00  0.0000E+00 
 0.0000E+00  1.0000E+00  0.0000E+00 
 0.0000E+00  0.0000E+00  1.0000E+00 


 J=1 I1=3 

Cauchy:
 0.0000E+00  0.0000E+00  0.0000E+00 
 0.0000E+00  0.0000E+00  0.0000E+00 
 0.0000E+00  0.0000E+00  0.0000E+00 


F:
 1.0000E+00  0.0000E+00  0.0000E+00 
 0.0000E+00  1.0000E+00  0.0000E+00 
 0.0000E+00  0.0000E+00  1.0000E+00 


b:
 1.0000E+00  0.0000E+00  0.0000E+00 
 0.0000E+00  1.0000E+00  0.0000E+00 
 0.0000E+00  0.0000E+00  1.0000E+00 


 J=1 I1=3 

Cauchy:
 0.0000E+00  0.0000E+00  0.0000E+00 
 0.0000E+00  0.0000E+00  0.0000E+00 
 0.0000E+00  0.0000E+00  0.0000E+00 


F:
 1.0000E+00  0.0000E+00  0.0000E+00 
 0.0000E+00  1.0000E+00  0.0000E+00 
 0.0000E+00  0.0000E+00  1.0000E+00 


b:
 1.0000E+00  0.0000E+00  0.0000E+00 
 0.0000E+00  1.0000E+00  0.0000E+00 
 0.0000E+00  0.0000E+00  1.0000E+00 


 J=1 I1=3 

Cauchy:
 0.0000E+00  0.0000E+00  0.0000E+00 
 0.0000E+00  0.0000E+00  0.0000E+00 
 0.0000E+00  0.0000E+00  0.0000E+00 


F:
 1.0000E+00  0.0000E+00  0.0000E+00 
 0.0000E+00  1.0000E+00  0.0000E+00 
 0.0000E+00  0.0000E+00  1.0000E+00 


b:
 1.0000E+00  0.0000E+00  0.0000E+00 
 0.0000E+00  1.0000E+00  0.0000E+00 
 0.0000E+00  0.0000E+00  1.0000E+00 


 J=1 I1=3 

Cauchy:
 0.0000E+00  0.0000E+00  0.0000E+00 
 0.0000E+00  0.0000E+00  0.0000E+00 
 0.0000E+00  0.0000E+00  0.0000E+00 


F:
 1.0000E+00  0.0000E+00  0.0000E+00 
 0.0000E+00  1.0000E+00  0.0000E+00 
 0.0000E+00  0.0000E+00  1.0000E+00 


b:
 1.0000E+00  0.0000E+00  0.0000E+00 
 0.0000E+00  1.0000E+00  0.0000E+00 
 0.0000E+00  0.0000E+00  1.0000E+00 


 J=1 I1=3 

Cauchy:
 0.0000E+00  0.0000E+00  0.0000E+00 
 0.0000E+00  0.0000E+00  0.0000E+00 
 0.0000E+00  0.0000E+00  0.0000E+00 


F:
 1.0000E+00  0.0000E+00  0.0000E+00 
 0.0000E+00  1.0000E+00  0.0000E+00 
 0.0000E+00  0.0000E+00  1.0000E+00 


b:
 1.0000E+00  0.0000E+00  0.0000E+00 
 0.0000E+00  1.0000E+00  0.0000E+00 
 0.0000E+00  0.0000E+00  1.0000E+00 


 J=1 I1=3 

Cauchy:
 0.0000E+00  0.0000E+00  0.0000E+00 
 0.0000E+00  0.0000E+00  0.0000E+00 
 0.0000E+00  0.0000E+00  0.0000E+00 


F:
 1.0000E+00  0.0000E+00  0.0000E+00 
 0.0000E+00  1.0000E+00  0.0000E+00 
 0.0000E+00  0.0000E+00  1.0000E+00 


b:
 1.0000E+00  0.0000E+00  0.0000E+00 
 0.0000E+00  1.0000E+00  0.0000E+00 
 0.0000E+00  0.0000E+00  1.0000E+00 


 J=1 I1=3 

Cauchy:
 0.0000E+00  0.0000E+00  0.0000E+00 
 0.0000E+00  0.0000E+00  0.0000E+00 
 0.0000E+00  0.0000E+00  0.0000E+00 


F:
 1.0000E+00  0.0000E+00  0.0000E+00 
 0.0000E+00  1.0000E+00  0.0000E+00 
 0.0000E+00  0.0000E+00  1.0000E+00 


b:
 1.0000E+00  0.0000E+00  0.0000E+00 
 0.0000E+00  1.0000E+00  0.0000E+00 
 0.0000E+00  0.0000E+00  1.0000E+00 


 J=1 I1=3 

Cauchy:
 0.0000E+00  0.0000E+00  0.0000E+00 
 0.0000E+00  0.0000E+00  0.0000E+00 
 0.0000E+00  0.0000E+00  0.0000E+00 


F:
 1.0000E+00  0.0000E+00  0.0000E+00 
 0.0000E+00  1.0000E+00  0.0000E+00 
 0.0000E+00  0.0000E+00  1.0000E+00 


b:
 1.0000E+00  0.0000E+00  0.0000E+00 
 0.0000E+00  1.0000E+00  0.0000E+00 
 0.0000E+00  0.0000E+00  1.0000E+00 


 J=1 I1=3 

Cauchy:
 0.0000E+00  0.0000E+00  0.0000E+00 
 0.0000E+00  0.0000E+00  0.0000E+00 
 0.0000E+00  0.0000E+00  0.0000E+00 


F:
 1.0000E+00  0.0000E+00  0.0000E+00 
 0.0000E+00  1.0000E+00  0.0000E+00 
 0.0000E+00  0.0000E+00  1.0000E+00 


b:
 1.0000E+00  0.0000E+00  0.0000E+00 
 0.0000E+00  1.0000E+00  0.0000E+00 
 0.0000E+00  0.0000E+00  1.0000E+00 


 J=1 I1=3 

Cauchy:
 0.0000E+00  0.0000E+00  0.0000E+00 
 0.0000E+00  0.0000E+00  0.0000E+00 
 0.0000E+00  0.0000E+00  0.0000E+00 


F:
 1.0000E+00  0.0000E+00  0.0000E+00 
 0.0000E+00  1.0000E+00  0.0000E+00 
 0.0000E+00  0.0000E+00  1.0000E+00 


b:
 1.0000E+00  0.0000E+00  0.0000E+00 
 0.0000E+00  1.0000E+00  0.0000E+00 
 0.0000E+00  0.0000E+00  1.0000E+00 


 J=1 I1=3 

Cauchy:
 0.0000E+00  0.0000E+00  0.0000E+00 
 0.0000E+00  0.0000E+00  0.0000E+00 
 0.0000E+00  0.0000E+00  0.0000E+00 


F:
 1.0000E+00  0.0000E+00  0.0000E+00 
 0.0000E+00  1.0000E+00  0.0000E+00 
 0.0000E+00  0.0000E+00  1.0000E+00 


b:
 1.0000E+00  0.0000E+00  0.0000E+00 
 0.0000E+00  1.0000E+00  0.0000E+00 
 0.0000E+00  0.0000E+00  1.0000E+00 


 J=1 I1=3 

Cauchy:
 0.0000E+00  0.0000E+00  0.0000E+00 
 0.0000E+00  0.0000E+00  0.0000E+00 
 0.0000E+00  0.0000E+00  0.0000E+00 


F:
 1.0000E+00  0.0000E+00  0.0000E+00 
 0.0000E+00  1.0000E+00  0.0000E+00 
 0.0000E+00  0.0000E+00  1.0000E+00 


b:
 1.0000E+00  0.0000E+00  0.0000E+00 
 0.0000E+00  1.0000E+00  0.0000E+00 
 0.0000E+00  0.0000E+00  1.0000E+00 


 J=1 I1=3 

Cauchy:
 0.0000E+00  0.0000E+00  0.0000E+00 
 0.0000E+00  0.0000E+00  0.0000E+00 
 0.0000E+00  0.0000E+00  0.0000E+00 


F:
 1.0000E+00  0.0000E+00  0.0000E+00 
 0.0000E+00  1.0000E+00  0.0000E+00 
 0.0000E+00  0.0000E+00  1.0000E+00 


b:
 1.0000E+00  0.0000E+00  0.0000E+00 
 0.0000E+00  1.0000E+00  0.0000E+00 
 0.0000E+00  0.0000E+00  1.0000E+00 


 J=1 I1=3 

Cauchy:
 0.0000E+00  0.0000E+00  0.0000E+00 
 0.0000E+00  0.0000E+00  0.0000E+00 
 0.0000E+00  0.0000E+00  0.0000E+00 


F:
 1.0000E+00  0.0000E+00  0.0000E+00 
 0.0000E+00  1.0000E+00  0.0000E+00 
 0.0000E+00  0.0000E+00  1.0000E+00 


b:
 1.0000E+00  0.0000E+00  0.0000E+00 
 0.0000E+00  1.0000E+00  0.0000E+00 
 0.0000E+00  0.0000E+00  1.0000E+00 


 J=1 I1=3 

Cauchy:
 0.0000E+00  0.0000E+00  0.0000E+00 
 0.0000E+00  0.0000E+00  0.0000E+00 
 0.0000E+00  0.0000E+00  0.0000E+00 


F:
 1.0000E+00  0.0000E+00  0.0000E+00 
 0.0000E+00  1.0000E+00  0.0000E+00 
 0.0000E+00  0.0000E+00  1.0000E+00 


b:
 1.0000E+00  0.0000E+00  0.0000E+00 
 0.0000E+00  1.0000E+00  0.0000E+00 
 0.0000E+00  0.0000E+00  1.0000E+00 


 J=1 I1=3 

Cauchy:
 0.0000E+00  0.0000E+00  0.0000E+00 
 0.0000E+00  0.0000E+00  0.0000E+00 
 0.0000E+00  0.0000E+00  0.0000E+00 


F:
 1.0000E+00  0.0000E+00  0.0000E+00 
 0.0000E+00  1.0000E+00  0.0000E+00 
 0.0000E+00  0.0000E+00  1.0000E+00 


b:
 1.0000E+00  0.0000E+00  0.0000E+00 
 0.0000E+00  1.0000E+00  0.0000E+00 
 0.0000E+00  0.0000E+00  1.0000E+00 


 J=1 I1=3 

Cauchy:
 0.0000E+00  0.0000E+00  0.0000E+00 
 0.0000E+00  0.0000E+00  0.0000E+00 
 0.0000E+00  0.0000E+00  0.0000E+00 


F:
 1.0000E+00  0.0000E+00  0.0000E+00 
 0.0000E+00  1.0000E+00  0.0000E+00 
 0.0000E+00  0.0000E+00  1.0000E+00 


b:
 1.0000E+00  0.0000E+00  0.0000E+00 
 0.0000E+00  1.0000E+00  0.0000E+00 
 0.0000E+00  0.0000E+00  1.0000E+00 


 J=1 I1=3 

Cauchy:
 0.0000E+00  0.0000E+00  0.0000E+00 
 0.0000E+00  0.0000E+00  0.0000E+00 
 0.0000E+00  0.0000E+00  0.0000E+00 


F:
 1.0000E+00  0.0000E+00  0.0000E+00 
 0.0000E+00  1.0000E+00  0.0000E+00 
 0.0000E+00  0.0000E+00  1.0000E+00 


b:
 1.0000E+00  0.0000E+00  0.0000E+00 
 0.0000E+00  1.0000E+00  0.0000E+00 
 0.0000E+00  0.0000E+00  1.0000E+00 


 J=1 I1=3 

Cauchy:
 0.0000E+00  0.0000E+00  0.0000E+00 
 0.0000E+00  0.0000E+00  0.0000E+00 
 0.0000E+00  0.0000E+00  0.0000E+00 


F:
 1.0000E+00  0.0000E+00  0.0000E+00 
 0.0000E+00  1.0000E+00  0.0000E+00 
 0.0000E+00  0.0000E+00  1.0000E+00 


b:
 1.0000E+00  0.0000E+00  0.0000E+00 
 0.0000E+00  1.0000E+00  0.0000E+00 
 0.0000E+00  0.0000E+00  1.0000E+00 


 J=1 I1=3 

Cauchy:
 0.0000E+00  0.0000E+00  0.0000E+00 
 0.0000E+00  0.0000E+00  0.0000E+00 
 0.0000E+00  0.0000E+00  0.0000E+00 


F:
 1.0000E+00  0.0000E+00  0.0000E+00 
 0.0000E+00  1.0000E+00  0.0000E+00 
 0.0000E+00  0.0000E+00  1.0000E+00 


b:
 1.0000E+00  0.0000E+00  0.0000E+00 
 0.0000E+00  1.0000E+00  0.0000E+00 
 0.0000E+00  0.0000E+00  1.0000E+00 


 J=1 I1=3 

Cauchy:
 0.0000E+00  0.0000E+00  0.0000E+00 
 0.0000E+00  0.0000E+00  0.0000E+00 
 0.0000E+00  0.0000E+00  0.0000E+00 


F:
 1.0000E+00  0.0000E+00  0.0000E+00 
 0.0000E+00  1.0001E+00  0.0000E+00 
 0.0000E+00  8.3329E-18  1.0000E+00 


b:
 1.0000E+00  0.0000E+00  0.0000E+00 
 0.0000E+00  1.0001E+00  8.3329E-18 
 0.0000E+00  8.3329E-18  1.0000E+00 


 J=1.000054e+00 I1=3.000109e+00 

Cauchy:
 6.2856E+06  0.0000E+00  0.0000E+00 
 0.0000E+00  1.4664E+07  6.4091E-07 
 0.0000E+00  6.4091E-07  6.2856E+06 


F:
 1.0000E+00  0.0000E+00  0.0000E+00 
 0.0000E+00  1.0001E+00  0.0000E+00 
 0.0000E+00  8.3329E-18  1.0000E+00 


b:
 1.0000E+00  0.0000E+00  0.0000E+00 
 0.0000E+00  1.0001E+00  8.3329E-18 
 0.0000E+00  8.3329E-18  1.0000E+00 


 J=1.000054e+00 I1=3.000109e+00 

Cauchy:
 6.2856E+06  0.0000E+00  0.0000E+00 
 0.0000E+00  1.4664E+07  6.4091E-07 
 0.0000E+00  6.4091E-07  6.2856E+06 


F:
 1.0000E+00  0.0000E+00  0.0000E+00 
 0.0000E+00  1.0001E+00  0.0000E+00 
 0.0000E+00  2.6360E-17  1.0000E+00 


b:
 1.0000E+00  0.0000E+00  0.0000E+00 
 0.0000E+00  1.0001E+00  2.6360E-17 
 0.0000E+00  2.6360E-17  1.0000E+00 


 J=1.000054e+00 I1=3.000109e+00 

Cauchy:
 6.2856E+06  0.0000E+00  0.0000E+00 
 0.0000E+00  1.4664E+07  2.0274E-06 
 0.0000E+00  2.0274E-06  6.2856E+06 


F:
 1.0000E+00  0.0000E+00  0.0000E+00 
 0.0000E+00  1.0001E+00  0.0000E+00 
 0.0000E+00  2.6360E-17  1.0000E+00 


b:
 1.0000E+00  0.0000E+00  0.0000E+00 
 0.0000E+00  1.0001E+00  2.6360E-17 
 0.0000E+00  2.6360E-17  1.0000E+00 


 J=1.000054e+00 I1=3.000109e+00 

Cauchy:
 6.2856E+06  0.0000E+00  0.0000E+00 
 0.0000E+00  1.4664E+07  2.0274E-06 
 0.0000E+00  2.0274E-06  6.2856E+06 


F:
 1.0000E+00  0.0000E+00  0.0000E+00 
 0.0000E+00  1.0001E+00  0.0000E+00 
 0.0000E+00  8.3329E-18  1.0000E+00 


b:
 1.0000E+00  0.0000E+00  0.0000E+00 
 0.0000E+00  1.0001E+00  8.3329E-18 
 0.0000E+00  8.3329E-18  1.0000E+00 


 J=1.000054e+00 I1=3.000109e+00 

Cauchy:
 6.2856E+06  0.0000E+00  0.0000E+00 
 0.0000E+00  1.4664E+07  6.4091E-07 
 0.0000E+00  6.4091E-07  6.2856E+06 


F:
 1.0000E+00  0.0000E+00  0.0000E+00 
 0.0000E+00  1.0001E+00  0.0000E+00 
 0.0000E+00  8.3329E-18  1.0000E+00 


b:
 1.0000E+00  0.0000E+00  0.0000E+00 
 0.0000E+00  1.0001E+00  8.3329E-18 
 0.0000E+00  8.3329E-18  1.0000E+00 


 J=1.000054e+00 I1=3.000109e+00 

Cauchy:
 6.2856E+06  0.0000E+00  0.0000E+00 
 0.0000E+00  1.4664E+07  6.4091E-07 
 0.0000E+00  6.4091E-07  6.2856E+06 


F:
 1.0000E+00  0.0000E+00  0.0000E+00 
 0.0000E+00  1.0001E+00  0.0000E+00 
 0.0000E+00  2.6360E-17  1.0000E+00 


b:
 1.0000E+00  0.0000E+00  0.0000E+00 
 0.0000E+00  1.0001E+00  2.6360E-17 
 0.0000E+00  2.6360E-17  1.0000E+00 


 J=1.000054e+00 I1=3.000109e+00 

Cauchy:
 6.2856E+06  0.0000E+00  0.0000E+00 
 0.0000E+00  1.4664E+07  2.0274E-06 
 0.0000E+00  2.0274E-06  6.2856E+06 


F:
 1.0000E+00  0.0000E+00  0.0000E+00 
 0.0000E+00  1.0001E+00  0.0000E+00 
 0.0000E+00  2.6360E-17  1.0000E+00 


b:
 1.0000E+00  0.0000E+00  0.0000E+00 
 0.0000E+00  1.0001E+00  2.6360E-17 
 0.0000E+00  2.6360E-17  1.0000E+00 


 J=1.000054e+00 I1=3.000109e+00 

Cauchy:
 6.2856E+06  0.0000E+00  0.0000E+00 
 0.0000E+00  1.4664E+07  2.0274E-06 
 0.0000E+00  2.0274E-06  6.2856E+06 


F:
 9.9997E-01  0.0000E+00  0.0000E+00 
 0.0000E+00  1.0001E+00  0.0000E+00 
-1.4734E-18 -1.1090E-17  9.9997E-01 


b:
 9.9994E-01  1.6339E-35 -1.4733E-18 
 1.6339E-35  1.0002E+00 -1.1089E-17 
-1.4733E-18 -1.1089E-17  9.9994E-01 


 J=1.000049e+00 I1=3.000098e+00 

Cauchy:
 1.0756E+06  1.2567E-24 -1.1332E-07 
 1.2567E-24  2.2430E+07 -8.5293E-07 
-1.1332E-07 -8.5293E-07  1.0756E+06 


F:
 9.9997E-01  0.0000E+00  0.0000E+00 
 0.0000E+00  1.0001E+00  0.0000E+00 
 8.4133E-18 -1.1090E-17  9.9997E-01 


b:
 9.9994E-01 -9.3302E-35  8.4131E-18 
-9.3302E-35  1.0002E+00 -1.1089E-17 
 8.4131E-18 -1.1089E-17  9.9994E-01 


 J=1.000049e+00 I1=3.000098e+00 

Cauchy:
 1.0756E+06 -7.1762E-24  6.4708E-07 
-7.1762E-24  2.2430E+07 -8.5293E-07 
 6.4708E-07 -8.5293E-07  1.0756E+06 


F:
 9.9997E-01  0.0000E+00  0.0000E+00 
 0.0000E+00  1.0001E+00  0.0000E+00 
 8.4133E-18  2.4964E-17  9.9997E-01 


b:
 9.9994E-01  2.1003E-34  8.4131E-18 
 2.1003E-34  1.0002E+00  2.4963E-17 
 8.4131E-18  2.4963E-17  9.9994E-01 


 J=1.000049e+00 I1=3.000098e+00 

Cauchy:
 1.0756E+06  1.6154E-23  6.4708E-07 
 1.6154E-23  2.2430E+07  1.9200E-06 
 6.4708E-07  1.9200E-06  1.0756E+06 


F:
 9.9997E-01  0.0000E+00  0.0000E+00 
 0.0000E+00  1.0001E+00  0.0000E+00 
-1.4734E-18  2.4964E-17  9.9997E-01 


b:
 9.9994E-01 -3.6781E-35 -1.4733E-18 
-3.6781E-35  1.0002E+00  2.4963E-17 
-1.4733E-18  2.4963E-17  9.9994E-01 


 J=1.000049e+00 I1=3.000098e+00 

Cauchy:
 1.0756E+06 -2.8290E-24 -1.1332E-07 
-2.8290E-24  2.2430E+07  1.9200E-06 
-1.1332E-07  1.9200E-06  1.0756E+06 


F:
 9.9997E-01  0.0000E+00  0.0000E+00 
 0.0000E+00  1.0001E+00  5.5511E-17 
-1.4734E-18 -1.1090E-17  9.9997E-01 


b:
 9.9994E-01  1.6339E-35 -1.4733E-18 
 1.6339E-35  1.0002E+00  4.4428E-17 
-1.4733E-18  4.4428E-17  9.9994E-01 


 J=1.000049e+00 I1=3.000098e+00 

Cauchy:
 1.0756E+06  1.2567E-24 -1.1332E-07 
 1.2567E-24  2.2430E+07  3.4171E-06 
-1.1332E-07  3.4171E-06  1.0756E+06 


F:
 9.9997E-01  0.0000E+00  0.0000E+00 
 0.0000E+00  1.0001E+00  5.5511E-17 
 8.4133E-18 -1.1090E-17  9.9997E-01 


b:
 9.9994E-01 -9.3302E-35  8.4131E-18 
-9.3302E-35  1.0002E+00  4.4428E-17 
 8.4131E-18  4.4428E-17  9.9994E-01 


 J=1.000049e+00 I1=3.000098e+00 

Cauchy:
 1.0756E+06 -7.1762E-24  6.4708E-07 
-7.1762E-24  2.2430E+07  3.4171E-06 
 6.4708E-07  3.4171E-06  1.0756E+06 


F:
 9.9997E-01  0.0000E+00  0.0000E+00 
 0.0000E+00  1.0001E+00  5.5511E-17 
 8.4133E-18  2.4964E-17  9.9997E-01 


b:
 9.9994E-01  2.1003E-34  8.4131E-18 
 2.1003E-34  1.0002E+00  8.0480E-17 
 8.4131E-18  8.0480E-17  9.9994E-01 


 J=1.000049e+00 I1=3.000098e+00 

Cauchy:
 1.0756E+06  1.6154E-23  6.4708E-07 
 1.6154E-23  2.2430E+07  6.1900E-06 
 6.4708E-07  6.1900E-06  1.0756E+06 


F:
 9.9997E-01  0.0000E+00  0.0000E+00 
 0.0000E+00  1.0001E+00  5.5511E-17 
-1.4734E-18  2.4964E-17  9.9997E-01 


b:
 9.9994E-01 -3.6781E-35 -1.4733E-18 
-3.6781E-35  1.0002E+00  8.0480E-17 
-1.4733E-18  8.0480E-17  9.9994E-01 


 J=1.000049e+00 I1=3.000098e+00 

Cauchy:
 1.0756E+06 -2.8290E-24 -1.1332E-07 
-2.8290E-24  2.2430E+07  6.1900E-06 
-1.1332E-07  6.1900E-06  1.0756E+06 


F:
 9.9994E-01  0.0000E+00  0.0000E+00 
 0.0000E+00  1.0002E+00  1.3878E-17 
 1.0146E-17  9.4722E-18  9.9994E-01 


b:
 9.9987E-01  9.6101E-35  1.0145E-17 
 9.6101E-35  1.0003E+00  2.3352E-17 
 1.0145E-17  2.3352E-17  9.9987E-01 


 J=1.000034e+00 I1=3.000067e+00 

Cauchy:
-6.1023E+06  7.3916E-24  7.8030E-07 
 7.3916E-24  2.9016E+07  1.7961E-06 
 7.8030E-07  1.7961E-06 -6.1023E+06 


F:
 9.9994E-01  0.0000E+00  0.0000E+00 
 0.0000E+00  1.0002E+00  1.3878E-17 
-3.7899E-17  9.4722E-18  9.9994E-01 


b:
 9.9987E-01 -3.5898E-34 -3.7896E-17 
-3.5898E-34  1.0003E+00  2.3352E-17 
-3.7896E-17  2.3352E-17  9.9987E-01 


 J=1.000034e+00 I1=3.000067e+00 

Cauchy:
-6.1023E+06 -2.7612E-23 -2.9148E-06 
-2.7612E-23  2.9016E+07  1.7961E-06 
-2.9148E-06  1.7961E-06 -6.1023E+06 


F:
 9.9994E-01  0.0000E+00  0.0000E+00 
 0.0000E+00  1.0002E+00  1.3878E-17 
-3.7899E-17 -2.3356E-17  9.9994E-01 


b:
 9.9987E-01  8.8515E-34 -3.7896E-17 
 8.8515E-34  1.0003E+00 -9.4740E-18 
-3.7896E-17 -9.4740E-18  9.9987E-01 


 J=1.000034e+00 I1=3.000067e+00 

Cauchy:
-6.1023E+06  6.8082E-23 -2.9148E-06 
 6.8082E-23  2.9016E+07 -7.2870E-07 
-2.9148E-06 -7.2870E-07 -6.1023E+06 


F:
 9.9994E-01  0.0000E+00  0.0000E+00 
 0.0000E+00  1.0002E+00  1.3878E-17 
 1.0146E-17 -2.3356E-17  9.9994E-01 


b:
 9.9987E-01 -2.3696E-34  1.0145E-17 
-2.3696E-34  1.0003E+00 -9.4740E-18 
 1.0145E-17 -9.4740E-18  9.9987E-01 


 J=1.000034e+00 I1=3.000067e+00 

Cauchy:
-6.1023E+06 -1.8226E-23  7.8030E-07 
-1.8226E-23  2.9016E+07 -7.2870E-07 
 7.8030E-07 -7.2870E-07 -6.1023E+06 


F:
 9.9994E-01  0.0000E+00  0.0000E+00 
 0.0000E+00  1.0002E+00 -5.5511E-17 
 1.0146E-17  9.4722E-18  9.9994E-01 


b:
 9.9987E-01  9.6101E-35  1.0145E-17 
 9.6101E-35  1.0003E+00 -4.6049E-17 
 1.0145E-17 -4.6049E-17  9.9987E-01 


 J=1.000034e+00 I1=3.000067e+00 

Cauchy:
-6.1023E+06  7.3916E-24  7.8030E-07 
 7.3916E-24  2.9016E+07 -3.5419E-06 
 7.8030E-07 -3.5419E-06 -6.1023E+06 


F:
 9.9994E-01  0.0000E+00  0.0000E+00 
 0.0000E+00  1.0002E+00 -5.5511E-17 
-3.7899E-17  9.4722E-18  9.9994E-01 


b:
 9.9987E-01 -3.5898E-34 -3.7896E-17 
-3.5898E-34  1.0003E+00 -4.6049E-17 
-3.7896E-17 -4.6049E-17  9.9987E-01 


 J=1.000034e+00 I1=3.000067e+00 

Cauchy:
-6.1023E+06 -2.7612E-23 -2.9148E-06 
-2.7612E-23  2.9016E+07 -3.5419E-06 
-2.9148E-06 -3.5419E-06 -6.1023E+06 


F:
 9.9994E-01  0.0000E+00  0.0000E+00 
 0.0000E+00  1.0002E+00 -5.5511E-17 
-3.7899E-17 -2.3356E-17  9.9994E-01 


b:
 9.9987E-01  8.8515E-34 -3.7896E-17 
 8.8515E-34  1.0003E+00 -7.8874E-17 
-3.7896E-17 -7.8874E-17  9.9987E-01 


 J=1.000034e+00 I1=3.000067e+00 

Cauchy:
-6.1023E+06  6.8082E-23 -2.9148E-06 
 6.8082E-23  2.9016E+07 -6.0667E-06 
-2.9148E-06 -6.0667E-06 -6.1023E+06 


F:
 9.9994E-01  0.0000E+00  0.0000E+00 
 0.0000E+00  1.0002E+00 -5.5511E-17 
 1.0146E-17 -2.3356E-17  9.9994E-01 


b:
 9.9987E-01 -2.3696E-34  1.0145E-17 
-2.3696E-34  1.0003E+00 -7.8874E-17 
 1.0145E-17 -7.8874E-17  9.9987E-01 


 J=1.000034e+00 I1=3.000067e+00 

Cauchy:
-6.1023E+06 -1.8226E-23  7.8030E-07 
-1.8226E-23  2.9016E+07 -6.0667E-06 
 7.8030E-07 -6.0667E-06 -6.1023E+06 


F:
 9.9993E-01  0.0000E+00  0.0000E+00 
 0.0000E+00  1.0002E+00  0.0000E+00 
 3.8191E-17  7.5592E-18  9.9993E-01 


b:
 9.9986E-01  2.8870E-34  3.8189E-17 
 2.8870E-34  1.0004E+00  7.5587E-18 
 3.8189E-17  7.5587E-18  9.9986E-01 


 J=1.000076e+00 I1=3.000152e+00 

Cauchy:
-2.1199E+06  2.2204E-23  2.9371E-06 
 2.2204E-23  4.2296E+07  5.8134E-07 
 2.9371E-06  5.8134E-07 -2.1199E+06 


F:
 9.9993E-01  0.0000E+00  0.0000E+00 
 0.0000E+00  1.0002E+00  0.0000E+00 
 2.0467E-16  7.5592E-18  9.9993E-01 


b:
 9.9986E-01  1.5472E-33  2.0466E-16 
 1.5472E-33  1.0004E+00  7.5587E-18 
 2.0466E-16  7.5587E-18  9.9986E-01 


 J=1.000076e+00 I1=3.000152e+00 

Cauchy:
-2.1199E+06  1.1899E-22  1.5740E-05 
 1.1899E-22  4.2296E+07  5.8134E-07 
 1.5740E-05  5.8134E-07 -2.1199E+06 


F:
 9.9993E-01  0.0000E+00  0.0000E+00 
 0.0000E+00  1.0002E+00  0.0000E+00 
 2.0467E-16  4.1005E-17  9.9993E-01 


b:
 9.9986E-01  8.3927E-33  2.0466E-16 
 8.3927E-33  1.0004E+00  4.1003E-17 
 2.0466E-16  4.1003E-17  9.9986E-01 


 J=1.000076e+00 I1=3.000152e+00 

Cauchy:
-2.1199E+06  6.4548E-22  1.5740E-05 
 6.4548E-22  4.2296E+07  3.1535E-06 
 1.5740E-05  3.1535E-06 -2.1199E+06 


F:
 9.9993E-01  0.0000E+00  0.0000E+00 
 0.0000E+00  1.0002E+00  0.0000E+00 
 3.8191E-17  4.1005E-17  9.9993E-01 


b:
 9.9986E-01  1.5661E-33  3.8189E-17 
 1.5661E-33  1.0004E+00  4.1003E-17 
 3.8189E-17  4.1003E-17  9.9986E-01 


 J=1.000076e+00 I1=3.000152e+00 

Cauchy:
-2.1199E+06  1.2045E-22  2.9371E-06 
 1.2045E-22  4.2296E+07  3.1535E-06 
 2.9371E-06  3.1535E-06 -2.1199E+06 


F:
 9.9993E-01  0.0000E+00  0.0000E+00 
 0.0000E+00  1.0002E+00  0.0000E+00 
 3.8191E-17  7.5592E-18  9.9993E-01 


b:
 9.9986E-01  2.8870E-34  3.8189E-17 
 2.8870E-34  1.0004E+00  7.5587E-18 
 3.8189E-17  7.5587E-18  9.9986E-01 


 J=1.000076e+00 I1=3.000152e+00 

Cauchy:
-2.1199E+06  2.2204E-23  2.9371E-06 
 2.2204E-23  4.2296E+07  5.8134E-07 
 2.9371E-06  5.8134E-07 -2.1199E+06 


F:
 9.9993E-01  0.0000E+00  0.0000E+00 
 0.0000E+00  1.0002E+00  0.0000E+00 
 2.0467E-16  7.5592E-18  9.9993E-01 


b:
 9.9986E-01  1.5472E-33  2.0466E-16 
 1.5472E-33  1.0004E+00  7.5587E-18 
 2.0466E-16  7.5587E-18  9.9986E-01 


 J=1.000076e+00 I1=3.000152e+00 

Cauchy:
-2.1199E+06  1.1899E-22  1.5740E-05 
 1.1899E-22  4.2296E+07  5.8134E-07 
 1.5740E-05  5.8134E-07 -2.1199E+06 


F:
 9.9993E-01  0.0000E+00  0.0000E+00 
 0.0000E+00  1.0002E+00  0.0000E+00 
 2.0467E-16  4.1005E-17  9.9993E-01 


b:
 9.9986E-01  8.3927E-33  2.0466E-16 
 8.3927E-33  1.0004E+00  4.1003E-17 
 2.0466E-16  4.1003E-17  9.9986E-01 


 J=1.000076e+00 I1=3.000152e+00 

Cauchy:
-2.1199E+06  6.4548E-22  1.5740E-05 
 6.4548E-22  4.2296E+07  3.1535E-06 
 1.5740E-05  3.1535E-06 -2.1199E+06 


F:
 9.9993E-01  0.0000E+00  0.0000E+00 
 0.0000E+00  1.0002E+00  0.0000E+00 
 3.8191E-17  4.1005E-17  9.9993E-01 


b:
 9.9986E-01  1.5661E-33  3.8189E-17 
 1.5661E-33  1.0004E+00  4.1003E-17 
 3.8189E-17  4.1003E-17  9.9986E-01 


 J=1.000076e+00 I1=3.000152e+00 

Cauchy:
-2.1199E+06  1.2045E-22  2.9371E-06 
 1.2045E-22  4.2296E+07  3.1535E-06 
 2.9371E-06  3.1535E-06 -2.1199E+06 


F:
 9.9993E-01  0.0000E+00 -2.7756E-17 
 0.0000E+00  1.0003E+00  0.0000E+00 
 5.0171E-17 -6.6819E-18  9.9993E-01 


b:
 9.9987E-01 -3.3524E-34  2.2414E-17 
-3.3524E-34  1.0005E+00 -6.6814E-18 
 2.2414E-17 -6.6814E-18  9.9987E-01 


 J=1.000139e+00 I1=3.000278e+00 

Cauchy:
 5.7400E+06 -2.5780E-23  1.7237E-06 
-2.5780E-23  5.7900E+07 -5.1382E-07 
 1.7237E-06 -5.1382E-07  5.7400E+06 


F:
 9.9993E-01  0.0000E+00 -2.7756E-17 
 0.0000E+00  1.0003E+00  0.0000E+00 
 1.4412E-16 -6.6819E-18  9.9993E-01 


b:
 9.9987E-01 -9.6299E-34  1.1636E-16 
-9.6299E-34  1.0005E+00 -6.6814E-18 
 1.1636E-16 -6.6814E-18  9.9987E-01 


 J=1.000139e+00 I1=3.000278e+00 

Cauchy:
 5.7400E+06 -7.4056E-23  8.9481E-06 
-7.4056E-23  5.7900E+07 -5.1382E-07 
 8.9481E-06 -5.1382E-07  5.7400E+06 


F:
 9.9993E-01  0.0000E+00 -2.7756E-17 
 0.0000E+00  1.0003E+00  0.0000E+00 
 1.4412E-16  4.1367E-17  9.9993E-01 


b:
 9.9987E-01  5.9618E-33  1.1636E-16 
 5.9618E-33  1.0005E+00  4.1364E-17 
 1.1636E-16  4.1364E-17  9.9987E-01 


 J=1.000139e+00 I1=3.000278e+00 

Cauchy:
 5.7400E+06  4.5848E-22  8.9481E-06 
 4.5848E-22  5.7900E+07  3.1810E-06 
 8.9481E-06  3.1810E-06  5.7400E+06 


F:
 9.9993E-01  0.0000E+00 -2.7756E-17 
 0.0000E+00  1.0003E+00  0.0000E+00 
 5.0171E-17  4.1367E-17  9.9993E-01 


b:
 9.9987E-01  2.0754E-33  2.2414E-17 
 2.0754E-33  1.0005E+00  4.1364E-17 
 2.2414E-17  4.1364E-17  9.9987E-01 


 J=1.000139e+00 I1=3.000278e+00 

Cauchy:
 5.7400E+06  1.5960E-22  1.7237E-06 
 1.5960E-22  5.7900E+07  3.1810E-06 
 1.7237E-06  3.1810E-06  5.7400E+06 


F:
 9.9993E-01  0.0000E+00  0.0000E+00 
 0.0000E+00  1.0003E+00  5.5511E-17 
 5.0171E-17 -6.6819E-18  9.9993E-01 


b:
 9.9987E-01 -3.3524E-34  5.0168E-17 
-3.3524E-34  1.0005E+00  4.8845E-17 
 5.0168E-17  4.8845E-17  9.9987E-01 


 J=1.000139e+00 I1=3.000278e+00 

Cauchy:
 5.7400E+06 -2.5780E-23  3.8580E-06 
-2.5780E-23  5.7900E+07  3.7563E-06 
 3.8580E-06  3.7563E-06  5.7400E+06 


F:
 9.9993E-01  0.0000E+00  0.0000E+00 
 0.0000E+00  1.0003E+00 -5.5511E-17 
 1.4412E-16 -6.6819E-18  9.9993E-01 


b:
 9.9987E-01 -9.6299E-34  1.4411E-16 
-9.6299E-34  1.0005E+00 -6.2208E-17 
 1.4411E-16 -6.2208E-17  9.9987E-01 


 J=1.000139e+00 I1=3.000278e+00 

Cauchy:
 5.7400E+06 -7.4056E-23  1.1082E-05 
-7.4056E-23  5.7900E+07 -4.7839E-06 
 1.1082E-05 -4.7839E-06  5.7400E+06 


F:
 9.9993E-01  0.0000E+00 -1.1102E-16 
 0.0000E+00  1.0003E+00 -5.5511E-17 
 1.4412E-16  4.1367E-17  9.9993E-01 


b:
 9.9987E-01  5.9618E-33  3.3096E-17 
 5.9618E-33  1.0005E+00 -1.4162E-17 
 3.3096E-17 -1.4162E-17  9.9987E-01 


 J=1.000139e+00 I1=3.000278e+00 

Cauchy:
 5.7400E+06  4.5848E-22  2.5451E-06 
 4.5848E-22  5.7900E+07 -1.0891E-06 
 2.5451E-06 -1.0891E-06  5.7400E+06 


F:
 9.9993E-01  0.0000E+00 -1.1102E-16 
 0.0000E+00  1.0003E+00  5.5511E-17 
 5.0171E-17  4.1367E-17  9.9993E-01 


b:
 9.9987E-01  2.0754E-33 -6.0847E-17 
 2.0754E-33  1.0005E+00  9.6890E-17 
-6.0847E-17  9.6890E-17  9.9987E-01 


 J=1.000139e+00 I1=3.000278e+00 

Cauchy:
 5.7400E+06  1.5960E-22 -4.6793E-06 
 1.5960E-22  5.7900E+07  7.4511E-06 
-4.6793E-06  7.4511E-06  5.7400E+06 


F:
 9.9991E-01  0.0000E+00 -6.9389E-17 
 0.0000E+00  1.0003E+00 -2.7756E-17 
 3.3403E-18  8.7470E-19  9.9991E-01 


b:
 9.9982E-01  2.9217E-36 -6.6043E-17 
 2.9217E-36  1.0007E+00 -2.6890E-17 
-6.6043E-17 -2.6890E-17  9.9982E-01 


 J=1.000147e+00 I1=3.000294e+00 

Cauchy:
 3.0997E+06  2.2469E-25 -5.0788E-06 
 2.2469E-25  6.7206E+07 -2.0679E-06 
-5.0788E-06 -2.0679E-06  3.0997E+06 


F:
 9.9991E-01  0.0000E+00 -6.9389E-17 
 0.0000E+00  1.0003E+00  1.3878E-17 
 1.0541E-17  8.7470E-19  9.9991E-01 


b:
 9.9982E-01  9.2199E-36 -5.8843E-17 
 9.2199E-36  1.0007E+00  1.4757E-17 
-5.8843E-17  1.4757E-17  9.9982E-01 


 J=1.000147e+00 I1=3.000294e+00 

Cauchy:
 3.0997E+06  7.0902E-25 -4.5251E-06 
 7.0902E-25  6.7206E+07  1.1348E-06 
-4.5251E-06  1.1348E-06  3.0997E+06 


F:
 9.9991E-01  0.0000E+00 -2.7756E-17 
 0.0000E+00  1.0003E+00  1.3878E-17 
 1.0541E-17  4.0747E-17  9.9991E-01 


b:
 9.9982E-01  4.2950E-34 -1.7213E-17 
 4.2950E-34  1.0007E+00  5.4626E-17 
-1.7213E-17  5.4626E-17  9.9982E-01 


 J=1.000147e+00 I1=3.000294e+00 

Cauchy:
 3.0997E+06  3.3029E-23 -1.3237E-06 
 3.3029E-23  6.7206E+07  4.2008E-06 
-1.3237E-06  4.2008E-06  3.0997E+06 


F:
 9.9991E-01  0.0000E+00 -2.7756E-17 
 0.0000E+00  1.0003E+00 -2.7756E-17 
 3.3403E-18  4.0747E-17  9.9991E-01 


b:
 9.9982E-01  1.3611E-34 -2.4413E-17 
 1.3611E-34  1.0007E+00  1.2979E-17 
-2.4413E-17  1.2979E-17  9.9982E-01 


 J=1.000147e+00 I1=3.000294e+00 

Cauchy:
 3.0997E+06  1.0467E-23 -1.8774E-06 
 1.0467E-23  6.7206E+07  9.9810E-07 
-1.8774E-06  9.9810E-07  3.0997E+06 


F:
 9.9991E-01  0.0000E+00 -2.7756E-16 
 0.0000E+00  1.0003E+00 -1.1102E-16 
 3.3403E-18  8.7470E-19  9.9991E-01 


b:
 9.9982E-01  2.9217E-36 -2.7419E-16 
 2.9217E-36  1.0007E+00 -1.1018E-16 
-2.7419E-16 -1.1018E-16  9.9982E-01 


 J=1.000147e+00 I1=3.000294e+00 

Cauchy:
 3.0997E+06  2.2469E-25 -2.1086E-05 
 2.2469E-25  6.7206E+07 -8.4733E-06 
-2.1086E-05 -8.4733E-06  3.0997E+06 


F:
 9.9991E-01  0.0000E+00 -2.7756E-16 
 0.0000E+00  1.0003E+00  5.5511E-17 
 1.0541E-17  8.7470E-19  9.9991E-01 


b:
 9.9982E-01  9.2199E-36 -2.6699E-16 
 9.2199E-36  1.0007E+00  5.6404E-17 
-2.6699E-16  5.6404E-17  9.9982E-01 


 J=1.000147e+00 I1=3.000294e+00 

Cauchy:
 3.0997E+06  7.0902E-25 -2.0532E-05 
 7.0902E-25  6.7206E+07  4.3375E-06 
-2.0532E-05  4.3375E-06  3.0997E+06 


F:
 9.9991E-01  0.0000E+00 -1.1102E-16 
 0.0000E+00  1.0003E+00  5.5511E-17 
 1.0541E-17  4.0747E-17  9.9991E-01 


b:
 9.9982E-01  4.2950E-34 -1.0047E-16 
 4.2950E-34  1.0007E+00  9.6273E-17 
-1.0047E-16  9.6273E-17  9.9982E-01 


 J=1.000147e+00 I1=3.000294e+00 

Cauchy:
 3.0997E+06  3.3029E-23 -7.7265E-06 
 3.3029E-23  6.7206E+07  7.4035E-06 
-7.7265E-06  7.4035E-06  3.0997E+06 


F:
 9.9991E-01  0.0000E+00 -1.1102E-16 
 0.0000E+00  1.0003E+00 -1.1102E-16 
 3.3403E-18  4.0747E-17  9.9991E-01 


b:
 9.9982E-01  1.3611E-34 -1.0767E-16 
 1.3611E-34  1.0007E+00 -7.0315E-17 
-1.0767E-16 -7.0315E-17  9.9982E-01 


 J=1.000147e+00 I1=3.000294e+00 

Cauchy:
 3.0997E+06  1.0467E-23 -8.2801E-06 
 1.0467E-23  6.7206E+07 -5.4073E-06 
-8.2801E-06 -5.4073E-06  3.0997E+06 


F:
 9.9987E-01  0.0000E+00 -2.7756E-17 
 0.0000E+00  1.0004E+00 -4.1633E-17 
-1.1357E-17  5.9571E-18  9.9987E-01 


b:
 9.9974E-01 -6.7654E-35 -3.9107E-17 
-6.7654E-35  1.0008E+00 -3.5693E-17 
-3.9107E-17 -3.5693E-17  9.9974E-01 


 J=1.000125e+00 I1=3.000251e+00 

Cauchy:
-5.2119E+06 -5.2029E-24 -3.0075E-06 
-5.2029E-24  7.3110E+07 -2.7449E-06 
-3.0075E-06 -2.7449E-06 -5.2119E+06 


F:
 9.9987E-01  0.0000E+00 -2.7756E-17 
 0.0000E+00  1.0004E+00 -2.7756E-17 
-9.9661E-17  5.9571E-18  9.9987E-01 


b:
 9.9974E-01 -5.9369E-34 -1.2740E-16 
-5.9369E-34  1.0008E+00 -2.1810E-17 
-1.2740E-16 -2.1810E-17  9.9974E-01 


 J=1.000125e+00 I1=3.000251e+00 

Cauchy:
-5.2119E+06 -4.5657E-23 -9.7976E-06 
-4.5657E-23  7.3110E+07 -1.6773E-06 
-9.7976E-06 -1.6773E-06 -5.2119E+06 


F:
 9.9987E-01  0.0000E+00 -1.3878E-17 
 0.0000E+00  1.0004E+00 -2.7756E-17 
-9.9661E-17  4.9541E-17  9.9987E-01 


b:
 9.9974E-01 -4.9373E-33 -1.1352E-16 
-4.9373E-33  1.0008E+00  2.1768E-17 
-1.1352E-16  2.1768E-17  9.9974E-01 


 J=1.000125e+00 I1=3.000251e+00 

Cauchy:
-5.2119E+06 -3.7970E-22 -8.7305E-06 
-3.7970E-22  7.3110E+07  1.6741E-06 
-8.7305E-06  1.6741E-06 -5.2119E+06 


F:
 9.9987E-01  0.0000E+00 -1.3878E-17 
 0.0000E+00  1.0004E+00 -4.1633E-17 
-1.1357E-17  4.9541E-17  9.9987E-01 


b:
 9.9974E-01 -5.6263E-34 -2.5231E-17 
-5.6263E-34  1.0008E+00  7.8852E-18 
-2.5231E-17  7.8852E-18  9.9974E-01 


 J=1.000125e+00 I1=3.000251e+00 

Cauchy:
-5.2119E+06 -4.3268E-23 -1.9404E-06 
-4.3268E-23  7.3110E+07  6.0641E-07 
-1.9404E-06  6.0641E-07 -5.2119E+06 


F:
 9.9987E-01  0.0000E+00 -1.1102E-16 
 0.0000E+00  1.0004E+00 -1.1102E-16 
-1.1357E-17  5.9571E-18  9.9987E-01 


b:
 9.9974E-01 -6.7654E-35 -1.2236E-16 
-6.7654E-35  1.0008E+00 -1.0511E-16 
-1.2236E-16 -1.0511E-16  9.9974E-01 


 J=1.000125e+00 I1=3.000251e+00 

Cauchy:
-5.2119E+06 -5.2029E-24 -9.4102E-06 
-5.2029E-24  7.3110E+07 -8.0832E-06 
-9.4102E-06 -8.0832E-06 -5.2119E+06 


F:
 9.9987E-01  0.0000E+00 -1.1102E-16 
 0.0000E+00  1.0004E+00  0.0000E+00 
-9.9661E-17  5.9571E-18  9.9987E-01 


b:
 9.9974E-01 -5.9369E-34 -2.1066E-16 
-5.9369E-34  1.0008E+00  5.9564E-18 
-2.1066E-16  5.9564E-18  9.9974E-01 


 J=1.000125e+00 I1=3.000251e+00 

Cauchy:
-5.2119E+06 -4.5657E-23 -1.6200E-05 
-4.5657E-23  7.3110E+07  4.5807E-07 
-1.6200E-05  4.5807E-07 -5.2119E+06 


F:
 9.9987E-01  0.0000E+00  0.0000E+00 
 0.0000E+00  1.0004E+00  0.0000E+00 
-9.9661E-17  4.9541E-17  9.9987E-01 


b:
 9.9974E-01 -4.9373E-33 -9.9648E-17 
-4.9373E-33  1.0008E+00  4.9534E-17 
-9.9648E-17  4.9534E-17  9.9974E-01 


 J=1.000125e+00 I1=3.000251e+00 

Cauchy:
-5.2119E+06 -3.7970E-22 -7.6633E-06 
-3.7970E-22  7.3110E+07  3.8094E-06 
-7.6633E-06  3.8094E-06 -5.2119E+06 


F:
 9.9987E-01  0.0000E+00  0.0000E+00 
 0.0000E+00  1.0004E+00 -1.1102E-16 
-1.1357E-17  4.9541E-17  9.9987E-01 


b:
 9.9974E-01 -5.6263E-34 -1.1355E-17 
-5.6263E-34  1.0008E+00 -6.1530E-17 
-1.1355E-17 -6.1530E-17  9.9974E-01 


 J=1.000125e+00 I1=3.000251e+00 

Cauchy:
-5.2119E+06 -4.3268E-23 -8.7328E-07 
-4.3268E-23  7.3110E+07 -4.7319E-06 
-8.7328E-07 -4.7319E-06 -5.2119E+06 


F:
 9.9986E-01  0.0000E+00  2.7756E-17 
 0.0000E+00  1.0004E+00 -1.3878E-17 
 1.1469E-17  6.3584E-18  9.9986E-01 


b:
 9.9972E-01  7.2926E-35  3.9219E-17 
 7.2926E-35  1.0009E+00 -7.5263E-18 
 3.9219E-17 -7.5263E-18  9.9972E-01 


 J=1.000153e+00 I1=3.000307e+00 

Cauchy:
-3.9893E+06  5.6080E-24  3.0160E-06 
 5.6080E-24  8.4731E+07 -5.7877E-07 
 3.0160E-06 -5.7877E-07 -3.9893E+06 


F:
 9.9986E-01  0.0000E+00  2.7756E-17 
 0.0000E+00  1.0004E+00 -1.3878E-17 
 1.0650E-16  6.3584E-18  9.9986E-01 


b:
 9.9972E-01  6.7715E-34  1.3423E-16 
 6.7715E-34  1.0009E+00 -7.5263E-18 
 1.3423E-16 -7.5263E-18  9.9972E-01 


 J=1.000153e+00 I1=3.000307e+00 

Cauchy:
-3.9893E+06  5.2073E-23  1.0323E-05 
 5.2073E-23  8.4731E+07 -5.7877E-07 
 1.0323E-05 -5.7877E-07 -3.9893E+06 


F:
