Elt 1
 -2.4172921778e-16 -1.6735372877e-16 -9.0189704310e-17 
 -1.6735372877e-16 -2.7413435019e-16 -3.2674252386e-17 
 -9.0189704310e-17 -3.2674252386e-17 -3.9247944346e-17
 
Elt 2
 3.5278299023e-17 -1.2009227101e-16 0.0000000000e+00 
 -1.2009227101e-16 4.0881091083e-16 0.0000000000e+00 
 0.0000000000e+00 0.0000000000e+00 -1.1102230246e-16
 
Elt 3
 -4.8104057920e-17 -1.7597709051e-16 0.0000000000e+00 
 -1.7597709051e-16 3.8117096531e-16 0.0000000000e+00 
 0.0000000000e+00 0.0000000000e+00 0.0000000000e+00
 
Elt 4
 1.2002411077e-17 7.2014466462e-17 0.0000000000e+00 
 7.2014466462e-17 4.3208679877e-16 0.0000000000e+00 
 0.0000000000e+00 0.0000000000e+00 0.0000000000e+00
 
Elt 1
 -4.2893300208e-17 -2.3264162825e-17 -4.8796070279e-17 
 -2.3264162825e-17 -1.2617851023e-17 -2.6465665236e-17 
 -4.8796070279e-17 -2.6465665236e-17 -5.5511151231e-17
 
Elt 2
 -1.2465617210e-18 2.2110419309e-16 0.0000000000e+00 
 2.2110419309e-16 3.3431346911e-16 0.0000000000e+00 
 0.0000000000e+00 0.0000000000e+00 -1.1102230246e-16
 
Elt 3
 5.5814102005e-17 -1.4721150252e-16 0.0000000000e+00 
 -1.4721150252e-16 3.8827510785e-16 0.0000000000e+00 
 0.0000000000e+00 0.0000000000e+00 0.0000000000e+00
 
Elt 4
 -9.3445580756e-18 4.4582372531e-17 0.0000000000e+00 
 4.4582372531e-17 -2.1270004685e-16 0.0000000000e+00 
 0.0000000000e+00 0.0000000000e+00 0.0000000000e+00
 
Elt 1
 -8.9391411350e-17 -4.3972899442e-17 8.4589357371e-17 
 -4.3972899442e-17 -2.1630891113e-17 4.1610701178e-17 
 8.4589357371e-17 4.1610701178e-17 8.1666019168e-04
 
Elt 2
 -3.4614996314e-17 -5.1427994523e-17 0.0000000000e+00 
 -5.1427994523e-17 -7.6407306149e-17 0.0000000000e+00 
 0.0000000000e+00 0.0000000000e+00 -1.1102230246e-16
 
Elt 3
 5.6199279056e-17 -1.4764529950e-16 0.0000000000e+00 
 -1.4764529950e-16 3.8788993079e-16 0.0000000000e+00 
 0.0000000000e+00 0.0000000000e+00 0.0000000000e+00
 
Elt 4
 0.0000000000e+00 0.0000000000e+00 0.0000000000e+00 
 0.0000000000e+00 0.0000000000e+00 0.0000000000e+00 
 0.0000000000e+00 0.0000000000e+00 0.0000000000e+00
 
Elt 1
 -6.7339642684e-04 -1.8258507768e-17 1.9353866196e-16 
 -1.8258507742e-17 -6.7339634600e-04 9.0167322786e-17 
 1.9353866196e-16 9.0167322786e-17 1.1106841566e-03
 
Elt 2
 -2.2441509463e-04 -4.8481108383e-17 0.0000000000e+00 
 -4.8481108434e-17 -2.2441506770e-04 0.0000000000e+00 
 0.0000000000e+00 0.0000000000e+00 5.2254975121e-04
 
Elt 3
 -1.4951819696e-17 7.4179570583e-18 -3.7167222784e-17 
 7.4179570583e-18 -3.6802267576e-18 1.8439552389e-17 
 -3.7167222784e-17 1.8439552389e-17 -9.2390256009e-17
 
Elt 4
 0.0000000000e+00 0.0000000000e+00 0.0000000000e+00 
 0.0000000000e+00 0.0000000000e+00 0.0000000000e+00 
 0.0000000000e+00 0.0000000000e+00 0.0000000000e+00
 
Elt 1
 -1.8725011349e-04 -1.5256156696e-16 2.5635049126e-16 
 -1.5256156701e-16 -1.8725019605e-04 -2.0820572581e-17 
 2.5635049126e-16 -2.0820572581e-17 1.2753812745e-03
 
Elt 2
 -9.6170993999e-05 -2.0777595605e-17 8.5047889278e-17 
 -2.0777595586e-17 -9.6171028381e-05 -4.8576919708e-17 
 8.5047889278e-17 -4.8576919708e-17 9.6332183245e-04
 
Elt 3
 -2.0226224959e-05 -1.3141836232e-16 -5.4191853156e-17 
 -1.3141836232e-16 -2.0226229088e-05 2.7757740914e-17 
 -5.4191853156e-17 2.7757740914e-17 2.1097809576e-04
 
Elt 4
 -7.0465493574e-17 -1.0334939234e-16 0.0000000000e+00 
 -1.0334939234e-16 -1.5157911135e-16 0.0000000000e+00 
 0.0000000000e+00 0.0000000000e+00 -1.1102230246e-16
 
Elt 1
 -3.8102176194e-04 1.0583034021e-17 -1.9765910210e-16 
 1.0583034008e-17 -3.8102181394e-04 -1.1791339947e-16 
 -1.9765910210e-16 -1.1791339947e-16 1.2896066420e-03
 
Elt 2
 -5.4487783096e-04 1.1392879604e-17 -2.5253241236e-17 
 1.1392879604e-17 -5.4487780409e-04 -1.2825525002e-16 
 -2.5253241236e-17 -1.2825525002e-16 1.1146399893e-03
 
Elt 3
 -3.1615027413e-04 5.2158348016e-17 3.6978362165e-17 
 5.2158347913e-17 -3.1615023892e-04 -9.3609647441e-17 
 3.6978362165e-17 -9.3609647441e-17 7.3744161572e-04
 
Elt 4
 -4.6761147887e-05 2.1918591521e-17 -2.1638816062e-17 
 2.1918591521e-17 -4.6761141669e-05 -6.5913694893e-17 
 -2.1638816062e-17 -6.5913694893e-17 1.2382046482e-04
 
Elt 1
 -4.5851424807e-04 -3.1267754511e-17 -3.3702634951e-16 
 -3.1267754408e-17 -4.5851422311e-04 -9.0203617715e-17 
 -3.3702634951e-16 -9.0203617715e-17 1.1033476765e-03
 
Elt 2
 -3.8342322265e-04 1.6620858843e-16 -1.5935788241e-16 
 1.6620858926e-16 -3.8342323129e-04 2.4271362820e-17 
 -1.5935788241e-16 2.4271362820e-17 1.3516492423e-03
 
Elt 3
 -2.2229917877e-04 5.3992247992e-18 5.8059454790e-17 
 5.3992247992e-18 -2.2229919535e-04 -6.2379206931e-17 
 5.8059454790e-17 -6.2379206931e-17 1.1346670403e-03
 
Elt 4
 -7.8910226003e-05 1.0268920846e-16 0.0000000000e+00 
 1.0268920804e-16 -7.8910231672e-05 0.0000000000e+00 
 0.0000000000e+00 0.0000000000e+00 4.9210175556e-04
 
Elt 1
 -1.7895051931e-04 -4.6160326254e-17 -2.4829640130e-16 
 -4.6160326254e-17 -1.7895049004e-04 -1.3844334999e-17 
 -2.4829640130e-16 -1.3844334999e-17 1.1162645448e-03
 
Elt 2
 -2.2259971069e-04 1.1664658572e-16 1.4062866245e-16 
 1.1664658572e-16 -2.2259974620e-04 -6.5847503340e-17 
 1.4062866245e-16 -6.5847503340e-17 1.3389900208e-03
 
Elt 3
 -4.3441456668e-04 -5.9586711882e-17 1.1098764505e-16 
 -5.9586711882e-17 -4.3441457770e-04 -3.1203518427e-17 
 1.1098764505e-16 -3.1203518427e-17 1.2503511545e-03
 
Elt 4
 -4.6026736432e-04 -1.0738711023e-16 0.0000000000e+00 
 -1.0738711002e-16 -4.6026733074e-04 0.0000000000e+00 
 0.0000000000e+00 0.0000000000e+00 1.1919788367e-03
 
Elt 1
 -5.0783950431e-04 -1.6594675971e-16 1.7884766200e-16 
 -1.6594675971e-16 -5.0783942894e-04 1.4564460623e-16 
 1.7884766200e-16 1.4564460623e-16 1.2475375743e-03
 
Elt 2
 -5.4006685408e-04 6.4171035759e-17 7.8861337157e-17 
 6.4171036172e-17 -5.4006682474e-04 2.4233659871e-17 
 7.8861337157e-17 2.4233659871e-17 1.0354647962e-03
 
Elt 3
 -5.4021371718e-04 -3.2569969440e-17 1.9161523028e-17 
 -3.2569969440e-17 -5.4021372164e-04 8.3213233354e-17 
 1.9161523028e-17 8.3213233354e-17 1.4872244605e-03
 
Elt 4
 -4.9626276666e-04 -6.6715654254e-17 0.0000000000e+00 
 -6.6715653840e-17 -4.9626277602e-04 0.0000000000e+00 
 0.0000000000e+00 0.0000000000e+00 1.9426707770e-03
 
Elt 1
 -2.7218246283e-04 -5.1092080877e-17 3.5975414848e-16 
 -5.1092080877e-17 -2.7218251109e-04 1.8376443360e-16 
 3.5975414848e-16 1.8376443360e-16 1.2259066813e-03
 
Elt 2
 -2.1798160363e-04 2.1682088072e-17 -3.7634127056e-17 
 2.1682088098e-17 -2.1798163107e-04 1.4904506596e-16 
 -3.7634127056e-17 1.4904506596e-16 1.1728433151e-03
 
Elt 3
 -3.2744908391e-04 3.5545131153e-17 1.2419544801e-17 
 3.5545131256e-17 -3.2744911848e-04 9.3576001557e-17 
 1.2419544801e-17 9.3576001557e-17 1.7505554257e-03
 
Elt 4
 -7.0069062372e-04 4.4545915784e-17 1.7255463944e-16 
 4.4545915577e-17 -7.0069064336e-04 4.1662479911e-17 
 1.7255463944e-16 4.1662479911e-17 2.3786535852e-03
 
Elt 1
 -4.0187427735e-04 1.2476799821e-16 2.3558132943e-16 
 1.2476799821e-16 -4.0187433834e-04 5.1973691803e-17 
 2.3558132943e-16 5.1973691803e-17 1.2004012450e-03
 
Elt 2
 -4.6971360409e-04 -1.8611231618e-17 -2.0107924636e-16 
 -1.8611231618e-17 -4.6971357550e-04 1.1442937065e-16 
 -2.0107924636e-16 1.1442937065e-16 1.6227155068e-03
 
Elt 3
 -7.0834751660e-04 -5.9337278050e-17 -8.1276110764e-17 
 -5.9337277946e-17 -7.0834746555e-04 4.8534234194e-17 
 -8.1276110764e-17 4.8534234194e-17 1.9011980664e-03
 
Elt 4
 -9.8572974508e-04 8.8183431332e-17 1.6197092799e-16 
 8.8183431332e-17 -9.8572973122e-04 5.2030439949e-17 
 1.6197092799e-16 5.2030439949e-17 2.6187070997e-03
 
Elt 1
 -4.5777068586e-04 8.9949079783e-17 -8.0022039129e-17 
 8.9949079783e-17 -4.5777069625e-04 -1.3184754780e-16 
 -8.0022039129e-17 -1.3184754780e-16 1.4067591050e-03
 
Elt 2
 -6.5116371403e-04 -8.9685443363e-18 -7.5384015162e-17 
 -8.9685443363e-18 -6.5116366856e-04 -1.7302183921e-16 
 -7.5384015162e-17 -1.7302183921e-16 1.8873500919e-03
 
Elt 3
 -6.8372684341e-04 1.0808866630e-16 -4.5114893958e-17 
 1.0808866630e-16 -6.8372681932e-04 -8.2970715866e-17 
 -4.5114893958e-17 -8.2970715866e-17 2.3098373908e-03
 
Elt 4
 -4.9361423240e-04 -1.2751144901e-16 -7.2330166133e-17 
 -1.2751144890e-16 -4.9361430328e-04 5.1972258047e-17 
 -7.2330166133e-17 5.1972258047e-17 2.5538965661e-03
 
Elt 1
 -4.0892550902e-04 -3.2874269128e-17 -3.3295355153e-16 
 -3.2874269180e-17 -4.0892547781e-04 -1.9430670404e-16 
 -3.3295355153e-16 -1.9430670404e-16 1.8131370462e-03
 
Elt 2
 -5.9448512936e-04 1.0834356780e-16 7.6621592679e-17 
 1.0834356780e-16 -5.9448514670e-04 -8.2889453057e-17 
 7.6621592679e-17 -8.2889453057e-17 2.2028225784e-03
 
Elt 3
 -7.6734414845e-04 -1.0813458517e-16 1.1230784519e-16 
 -1.0813458847e-16 -7.6734415848e-04 -1.6997187738e-17 
 1.1230784519e-16 -1.6997187738e-17 2.7268227244e-03
 
Elt 4
 -8.3029243776e-04 -1.3994653539e-16 -1.3931637572e-16 
 -1.3994653456e-16 -8.3029240932e-04 -7.2929399744e-17 
 -1.3931637572e-16 -7.2929399744e-17 2.2295879415e-03
 
Elt 1
 -8.6042243332e-04 -2.3994095547e-17 -3.2386154924e-16 
 -2.3994095521e-17 -8.6042233846e-04 -1.8047673450e-16 
 -3.2386154924e-16 -1.8047673450e-16 2.3662397660e-03
 
Elt 2
 -8.2571206915e-04 8.3693594643e-17 1.1843408467e-16 
 8.3693594643e-17 -8.2571209955e-04 4.8802862543e-17 
 1.1843408467e-16 4.8802862543e-17 2.6104992086e-03
 
Elt 3
 -8.1747288408e-04 1.9098293140e-17 8.4289176177e-17 
 1.9098293140e-17 -8.1747292251e-04 -3.0853123164e-17 
 8.4289176177e-17 -3.0853123164e-17 2.5541613779e-03
 
Elt 4
 -7.4748709057e-04 -7.4124420040e-17 -7.9019529736e-17 
 -7.4124420453e-17 -7.4748704720e-04 -1.9076413569e-16 
 -7.9019529736e-17 -1.9076413569e-16 2.2560979013e-03
 
Elt 1
 -8.4716271285e-04 -1.1671989440e-16 -2.9477172471e-17 
 -1.1671989440e-16 -8.4716272554e-04 1.3823966737e-16 
 -2.9477172471e-17 1.3823966737e-16 3.0932274145e-03
 
Elt 2
 -8.0454288616e-04 -9.8487732720e-17 1.6668435220e-16 
 -9.8487732513e-17 -8.0454293712e-04 2.1135484003e-16 
 1.6668435220e-16 2.1135484003e-16 2.8124136385e-03
 
Elt 3
 -6.4815525653e-04 1.0185372709e-16 0.0000000000e+00 
 1.0185372709e-16 -6.4815530953e-04 0.0000000000e+00 
 0.0000000000e+00 0.0000000000e+00 2.2614256171e-03
 
Elt 4
 -4.4993371491e-04 1.0052080080e-16 7.4405665800e-17 
 1.0052080039e-16 -4.4993373127e-04 -1.4904324214e-16 
 7.4405665800e-17 -1.4904324214e-16 2.4339939630e-03
 
Elt 1
 -1.0779179388e-03 -1.2246221842e-19 3.5687258667e-16 
 -1.2246221842e-19 -1.0779180040e-03 3.0445633969e-16 
 3.5687258667e-16 3.0445633969e-16 3.6645080247e-03
 
Elt 2
 -9.1650292996e-04 -1.0901353570e-16 -5.3990862299e-17 
 -1.0901353736e-16 -9.1650291693e-04 1.3490240774e-16 
 -5.3990862299e-17 1.3490240774e-16 2.9046292400e-03
 
Elt 3
 -8.1275505914e-04 2.1057811643e-16 -1.6427752813e-16 
 2.1057811560e-16 -8.1275501607e-04 8.3311645590e-17 
 -1.6427752813e-16 8.3311645590e-17 2.4521397064e-03
 
Elt 4
 -1.0245488834e-03 1.5171494026e-16 1.0808734155e-16 
 1.5171493943e-16 -1.0245488257e-03 1.0071690224e-16 
 1.0808734155e-16 1.0071690224e-16 2.3934929184e-03
 
Elt 1
 -1.2687075634e-03 8.5093381935e-17 2.4292299564e-16 
 8.5093381522e-17 -1.2687076038e-03 -4.1261075817e-17 
 2.4292299564e-16 -4.1261075817e-17 3.8414808332e-03
 
Elt 2
 -9.1703171203e-04 1.3853144288e-17 -1.6106802325e-16 
 1.3853144288e-17 -9.1703165904e-04 -1.4904006466e-16 
 -1.6106802325e-16 -1.4904006466e-16 3.1604124236e-03
 
Elt 3
 -6.3040893285e-04 -1.4178354016e-17 -1.4011800239e-16 
 -1.4178354068e-17 -6.3040889770e-04 1.1447081301e-16 
 -1.4011800239e-16 1.1447081301e-16 2.7209403350e-03
 
Elt 4
 -6.0960494293e-04 -1.4447803991e-18 -1.0960159372e-16 
 -1.4447803991e-18 -6.0960500996e-04 2.2553242403e-16 
 -1.0960159372e-16 2.2553242403e-16 2.5058216000e-03
 
Elt 1
 -1.0406704600e-03 1.0126321650e-16 7.7974096967e-17 
 1.0126321650e-16 -1.0406704814e-03 -2.3509859582e-16 
 7.7974096967e-17 -2.3509859582e-16 3.7781624990e-03
 
Elt 2
 -1.0634971355e-03 9.1647333693e-17 -1.5249713399e-17 
 9.1647333693e-17 -1.0634970824e-03 -2.8731367235e-16 
 -1.5249713399e-17 -2.8731367235e-16 3.5337852982e-03
 
Elt 3
 -1.0459519896e-03 -3.3780954619e-17 1.2017191014e-16 
 -3.3780954515e-17 -1.0459519284e-03 7.1138719339e-18 
 1.2017191014e-16 7.1138719339e-18 2.9868356108e-03
 
Elt 4
 -7.6425253814e-04 2.0512993641e-16 -3.1934517346e-16 
 2.0512993599e-16 -7.6425258260e-04 1.4602240613e-16 
 -3.1934517346e-16 1.4602240613e-16 2.7434951852e-03
 
Elt 1
 -1.0751962135e-03 -1.4628052493e-16 -2.3303173984e-16 
 -1.4628052535e-16 -1.0751961670e-03 -1.0702752687e-16 
 -2.3303173984e-16 -1.0702752687e-16 3.5468793450e-03
 
Elt 2
 -1.1383716949e-03 8.1626703971e-17 6.7875223223e-17 
 8.1626703971e-17 -1.1383717154e-03 -1.1741935202e-16 
 6.7875223223e-17 -1.1741935202e-16 3.7371730108e-03
 
Elt 3
 -1.1420884631e-03 1.5856338320e-16 1.0671221479e-16 
 1.5856338320e-16 -1.1420884808e-03 -1.2785990416e-16 
 1.0671221479e-16 -1.2785990416e-16 3.5895880603e-03
 
Elt 4
 -1.0475154125e-03 -1.2275815364e-16 -1.8660863153e-16 
 -1.2275815364e-16 -1.0475153755e-03 -1.3333638529e-17 
 -1.8660863153e-16 -1.3333638529e-17 2.9819325374e-03
 
Elt 1
 -1.0880612192e-03 -2.5703487754e-16 -1.2896219097e-16 
 -2.5703487671e-16 -1.0880611633e-03 1.5939431601e-16 
 -1.2896219097e-16 1.5939431601e-16 3.4021041527e-03
 
Elt 2
 -1.0914275917e-03 -8.7718307260e-17 0.0000000000e+00 
 -8.7718307674e-17 -1.0914276828e-03 0.0000000000e+00 
 0.0000000000e+00 0.0000000000e+00 3.7585945091e-03
 
Elt 3
 -9.2799928008e-04 -1.5323255167e-17 -7.9418646998e-17 
 -1.5323255193e-17 -9.2799939685e-04 -2.0056839810e-16 
 -7.9418646998e-17 -2.0056839810e-16 3.9536930962e-03
 
Elt 4
 -8.8622807777e-04 9.7770374912e-18 2.4277483421e-16 
 9.7770375429e-18 -8.8622805732e-04 -5.8648046794e-17 
 2.4277483421e-16 -5.8648046794e-17 3.5544250249e-03
 
Elt 1
 -9.5128094570e-04 7.3710623559e-17 1.1686133645e-16 
 7.3710626867e-17 -9.5128095321e-04 2.4223143820e-16 
 1.1686133645e-16 2.4223143820e-16 3.4817178372e-03
 
Elt 2
 -1.2267164540e-03 3.2268929671e-17 3.5710334918e-17 
 3.2268929877e-17 -1.2267164819e-03 2.2544373161e-16 
 3.5710334918e-17 2.2544373161e-16 3.7688254904e-03
 
Elt 3
 -1.4332573616e-03 8.6405043473e-17 -2.3718020194e-16 
 8.6405043473e-17 -1.4332573516e-03 -1.6939996171e-16 
 -2.3718020194e-16 -1.6939996171e-16 3.8739933198e-03
 
Elt 4
 -1.4752507094e-03 -3.7965676227e-17 4.4691727367e-16 
 -3.7965676227e-17 -1.4752506206e-03 -3.1452797178e-17 
 4.4691727367e-16 -3.1452797178e-17 4.3571286163e-03
 
Elt 1
 -1.0855903281e-03 3.1670064928e-16 2.1172728395e-16 
 3.1670064928e-16 -1.0855903538e-03 3.7816116546e-17 
 2.1172728395e-16 3.7816116546e-17 3.5933815811e-03
 
Elt 2
 -9.9896644123e-04 3.1605413360e-17 7.4691441783e-18 
 3.1605413566e-17 -9.9896641906e-04 1.0444761965e-16 
 7.4691441783e-18 1.0444761965e-16 3.7013589011e-03
 
Elt 3
 -1.1399679610e-03 -9.3762871270e-17 -1.4698237357e-16 
 -9.3762872098e-17 -1.1399679408e-03 1.3195228511e-16 
 -1.4698237357e-16 1.3195228511e-16 4.1234245318e-03
 
Elt 4
 -1.3389726344e-03 6.3203960293e-17 2.7698548914e-16 
 6.3203959879e-17 -1.3389726791e-03 -5.9855644112e-17 
 2.7698548914e-16 -5.9855644112e-17 4.8760015899e-03
 
Elt 1
 -1.2712732745e-03 1.5609450716e-16 -7.6704198484e-17 
 1.5609450385e-16 -1.2712732829e-03 -3.0499266921e-16 
 -7.6704198484e-17 -3.0499266921e-16 3.8204998634e-03
 
Elt 2
 -1.1432346233e-03 7.4933365869e-17 -1.4424269551e-16 
 7.4933365869e-17 -1.1432345312e-03 1.8039501857e-17 
 -1.4424269551e-16 1.8039501857e-17 3.7088150387e-03
 
Elt 3
 -1.2646262755e-03 7.7467869393e-17 2.2215783732e-16 
 7.7467869393e-17 -1.2646262133e-03 3.0509170121e-16 
 2.2215783732e-16 3.0509170121e-16 4.5504171243e-03
 
Elt 4
 -1.5631451491e-03 -7.3210002271e-17 -2.0700375790e-16 
 -7.3210002271e-17 -1.5631452293e-03 -1.0502148099e-16 
 -2.0700375790e-16 -1.0502148099e-16 5.0267463284e-03
 
Elt 1
 -1.0393927356e-03 1.6846513578e-18 -3.1540918179e-16 
 1.6846513578e-18 -1.0393927819e-03 -2.8380257115e-16 
 -3.1540918179e-16 -2.8380257115e-16 4.0468154460e-03
 
Elt 2
 -1.3023487613e-03 -1.2267567091e-16 -2.8152327445e-17 
 -1.2267567132e-16 -1.3023487097e-03 1.0089664256e-16 
 -2.8152327445e-17 1.0089664256e-16 4.1843834736e-03
 
Elt 3
 -1.5626816628e-03 -6.0241305809e-17 3.7937175565e-16 
 -6.0241306016e-17 -1.5626816092e-03 1.7708826672e-16 
 3.7937175565e-16 1.7708826672e-16 4.6490675960e-03
 
Elt 4
 -1.6209493301e-03 -6.7111173145e-17 -5.8867569104e-16 
 -6.7111173559e-17 -1.6209493726e-03 -2.0838764741e-16 
 -5.8867569104e-16 -2.0838764741e-16 5.0387775850e-03
 
Elt 1
 -1.3438165969e-03 -2.1726632994e-16 -3.3777089713e-16 
 -2.1726632663e-16 -1.3438165691e-03 6.6470119542e-17 
 -3.3777089713e-16 6.6470119542e-17 4.2165155886e-03
 
Elt 2
 -1.3825114187e-03 -1.7630549331e-16 -2.1974423420e-16 
 -1.7630549331e-16 -1.3825114748e-03 2.4492761062e-17 
 -2.1974423420e-16 2.4492761062e-17 4.8682925048e-03
 
Elt 3
 -1.3370579229e-03 -1.2777067211e-16 7.4097764579e-17 
 -1.2777067169e-16 -1.3370579994e-03 -2.3977820094e-17 
 7.4097764579e-17 -2.3977820094e-17 4.8102254159e-03
 
Elt 4
 -1.2046176465e-03 -2.2126579122e-16 -3.3999894628e-16 
 -2.2126579122e-16 -1.2046176633e-03 -6.8949162038e-17 
 -3.3999894628e-16 -6.8949162038e-17 4.8360553372e-03
 
Elt 1
 -1.5193571304e-03 -8.3570675604e-17 1.8732514401e-16 
 -8.3570676431e-17 -1.5193570695e-03 3.9576673097e-16 
 1.8732514401e-16 3.9576673097e-16 4.7777352374e-03
 
Elt 2
 -1.6029511274e-03 2.0219547317e-17 -1.3013438459e-16 
 2.0219547420e-17 -1.6029512037e-03 -1.2453832951e-16 
 -1.3013438459e-16 -1.2453832951e-16 5.1485884571e-03
 
Elt 3
 -1.5753580188e-03 1.4414644900e-16 -3.3508917695e-16 
 1.4414644900e-16 -1.5753580723e-03 -1.9385719769e-16 
 -3.3508917695e-16 -1.9385719769e-16 5.0720246612e-03
 
Elt 4
 -1.6164413917e-03 1.2898070644e-16 2.2877469629e-16 
 1.2898070644e-16 -1.6164412491e-03 1.8462521565e-16 
 2.2877469629e-16 1.8462521565e-16 4.5445308457e-03
 
Elt 1
 -1.4375337025e-03 7.4473320479e-17 2.6795905984e-16 
 7.4473333714e-17 -1.4375337037e-03 3.7118306121e-16 
 2.6795905984e-16 3.7118306121e-16 5.5278612074e-03
 
Elt 2
 -1.5497368004e-03 1.4857791693e-16 9.6729913879e-18 
 1.4857791693e-16 -1.5497368468e-03 -2.1440822161e-16 
 9.6729913879e-18 -2.1440822161e-16 5.2063662419e-03
 
Elt 3
 -1.4568008851e-03 5.3686399485e-17 -4.0310843763e-16 
 5.3686398658e-17 -1.4568009126e-03 -2.7674884296e-16 
 -4.0310843763e-16 -2.7674884296e-16 5.0111487274e-03
 
Elt 4
 -1.2690765777e-03 1.1009092811e-16 5.5127626490e-16 
 1.1009092770e-16 -1.2690765386e-03 2.4715112935e-16 
 5.5127626490e-16 2.4715112935e-16 4.6091876925e-03
 
Elt 1
 -2.0215678062e-03 2.2020614638e-16 1.2839656955e-16 
 2.2020614307e-16 -2.0215677805e-03 6.7303071358e-18 
 1.2839656955e-16 6.7303071358e-18 6.0128531388e-03
 
Elt 2
 -1.6929199048e-03 -6.6040573958e-17 2.2137368930e-16 
 -6.6040573958e-17 -1.6929198405e-03 4.5277868306e-17 
 2.2137368930e-16 4.5277868306e-17 5.4558964310e-03
 
Elt 3
 -1.5076717750e-03 -2.3529082834e-17 -2.0385155386e-17 
 -2.3529082627e-17 -1.5076717241e-03 -1.4522865016e-16 
 -2.0385155386e-17 -1.4522865016e-16 4.8710765598e-03
 
Elt 4
 -1.3494982242e-03 -5.1057451167e-17 3.5315643194e-16 
 -5.1057451374e-17 -1.3494982835e-03 1.9495653183e-16 
 3.5315643194e-16 1.9495653183e-16 4.8258870749e-03
 
Elt 1
 -1.8362560025e-03 -5.1927772144e-17 -2.6804244341e-16 
 -5.1927771937e-17 -1.8362560842e-03 -2.1942648761e-16 
 -2.6804244341e-16 -2.1942648761e-16 6.3251921669e-03
 
Elt 2
 -1.5461951372e-03 -9.0899281591e-17 2.9240466267e-16 
 -9.0899281178e-17 -1.5461950821e-03 1.2161750613e-16 
 2.9240466267e-16 1.2161750613e-16 5.6094907724e-03
 
Elt 3
 -1.5250118499e-03 -1.3669224308e-16 3.4586391152e-16 
 -1.3669224349e-16 -1.5250117813e-03 1.1480243793e-16 
 3.4586391152e-16 1.1480243793e-16 5.0574323016e-03
 
Elt 4
 -1.7189583360e-03 8.6445748101e-18 -1.4044744276e-16 
 8.6445747584e-18 -1.7189583939e-03 3.1394610401e-17 
 -1.4044744276e-16 3.1394610401e-17 4.9848093543e-03
 
Elt 1
 -1.8438478209e-03 -1.5915922125e-16 -1.0512730076e-16 
 -1.5915922125e-16 -1.8438478909e-03 -4.5835362987e-16 
 -1.0512730076e-16 -4.5835362987e-16 6.3431868822e-03
 
Elt 2
 -1.8026567965e-03 -1.3116796782e-16 7.0851123517e-17 
 -1.3116796782e-16 -1.8026567619e-03 8.0148882450e-17 
 7.0851123517e-17 8.0148882450e-17 5.7197966709e-03
 
Elt 3
 -1.5306506647e-03 4.1149097151e-17 3.3884748708e-16 
 4.1149097151e-17 -1.5306506557e-03 3.0225360927e-16 
 3.3884748708e-16 3.0225360927e-16 5.4297145839e-03
 
Elt 4
 -1.3974742880e-03 1.9448608152e-16 -4.3071039814e-16 
 1.9448608152e-16 -1.3974743647e-03 -1.7375999192e-16 
 -4.3071039814e-16 -1.7375999192e-16 5.2951152760e-03
 
Elt 1
 -1.9243892092e-03 2.8151811259e-17 1.8988576901e-16 
 2.8151811259e-17 -1.9243891756e-03 -2.0900407833e-16 
 1.8988576901e-16 -2.0900407833e-16 5.9903392038e-03
 
Elt 2
 -1.9636623569e-03 9.7907125549e-17 -2.4784422972e-16 
 9.7907125549e-17 -1.9636623793e-03 1.3500997623e-16 
 -2.4784422972e-16 1.3500997623e-16 6.1660388211e-03
 
Elt 3
 -1.8675309408e-03 1.1544320564e-16 -1.0152353204e-16 
 1.1544320564e-16 -1.8675309549e-03 3.5427525776e-16 
 -1.0152353204e-16 3.5427525776e-16 5.8245090941e-03
 
Elt 4
 -1.7456860215e-03 1.2010297832e-16 -3.1738567776e-16 
 1.2010297873e-16 -1.7456859417e-03 -2.4325792020e-16 
 -3.1738567776e-16 -2.4325792020e-16 5.6178214114e-03
 
Elt 1
 -1.5674663086e-03 -4.5815747006e-17 4.0390159933e-16 
 -4.5815747006e-17 -1.5674662630e-03 2.7596828461e-17 
 4.0390159933e-16 2.7596828461e-17 5.7270195732e-03
 
Elt 2
 -1.6419326947e-03 1.1970793050e-16 -4.2265949933e-16 
 1.1970793071e-16 -1.6419328101e-03 -1.3116798946e-16 
 -4.2265949933e-16 -1.3116798946e-16 6.3594703196e-03
 
Elt 3
 -1.8176227263e-03 1.7337074004e-16 -4.1014031446e-16 
 1.7337073921e-16 -1.8176228047e-03 7.0584599195e-17 
 -4.1014031446e-16 7.0584599195e-17 6.3181285714e-03
 
Elt 4
 -1.8654528224e-03 4.0579200728e-17 6.5519101263e-17 
 4.0579200832e-17 -1.8654527133e-03 -1.3531444458e-16 
 6.5519101263e-17 -1.3531444458e-16 6.0045918979e-03
 
Elt 1
 -1.9028600761e-03 1.4921373179e-16 1.7369767478e-16 
 1.4921373179e-16 -1.9028599729e-03 1.5337290085e-16 
 1.7369767478e-16 1.5337290085e-16 5.8224377781e-03
 
Elt 2
 -2.0621929773e-03 9.0777030501e-17 -1.2889817669e-16 
 9.0777027192e-17 -2.0621929657e-03 -2.8316353925e-16 
 -1.2889817669e-16 -2.8316353925e-16 6.0723234735e-03
 
Elt 3
 -2.0546604397e-03 -1.5824581781e-17 -3.4057742895e-16 
 -1.5824582195e-17 -2.0546604605e-03 -1.7902049728e-16 
 -3.4057742895e-16 -1.7902049728e-16 6.7095886725e-03
 
Elt 4
 -1.8667349373e-03 -1.5989229187e-16 2.1641955731e-16 
 -1.5989229187e-16 -1.8667349375e-03 4.9249571946e-17 
 2.1641955731e-16 4.9249571946e-17 6.6150606542e-03
 
Elt 1
 -1.6487777693e-03 9.0450145680e-17 -3.8442408696e-16 
 9.0450145680e-17 -1.6487778140e-03 2.9886188768e-16 
 -3.8442408696e-16 2.9886188768e-16 5.9891327575e-03
 
Elt 2
 -1.8009345686e-03 -3.3464032403e-16 4.6494860591e-16 
 -3.3464033064e-16 -1.8009345382e-03 -6.1794142931e-17 
 4.6494860591e-16 -6.1794142931e-17 6.1200865719e-03
 
Elt 3
 -2.0405962433e-03 -1.6136429451e-16 1.0575756775e-16 
 -1.6136429451e-16 -2.0405962147e-03 -4.0468308210e-16 
 1.0575756775e-16 -4.0468308210e-16 6.7378815542e-03
 
Elt 4
 -2.2293294144e-03 -1.0894054115e-16 1.9705347787e-17 
 -1.0894054198e-16 -2.2293294778e-03 1.9891350091e-16 
 1.9705347787e-17 1.9891350091e-16 7.1823563330e-03
 
Elt 1
 -1.8955483547e-03 -2.5754187556e-16 -5.9390347107e-16 
 -2.5754187474e-16 -1.8955484369e-03 3.6320805984e-17 
 -5.9390347107e-16 3.6320805984e-17 6.1554743851e-03
 
Elt 2
 -1.7594836945e-03 -1.1168553091e-16 5.6032525673e-16 
 -1.1168553091e-16 -1.7594836498e-03 6.2899363259e-17 
 5.6032525673e-16 6.2899363259e-17 6.4271658262e-03
 
Elt 3
 -1.9411833571e-03 -2.0969453492e-17 3.8805860450e-16 
 -2.0969453492e-17 -1.9411833142e-03 -1.4282050663e-16 
 3.8805860450e-16 -1.4282050663e-16 6.6845235399e-03
 
Elt 4
 -2.3042836487e-03 3.0528524032e-18 -1.2881742742e-16 
 3.0528524032e-18 -2.3042837330e-03 2.0220149066e-16 
 -1.2881742742e-16 2.0220149066e-16 7.5720644370e-03
 
Elt 1
 -2.1172127429e-03 -9.8083619422e-17 0.0000000000e+00 
 -9.8083621076e-17 -2.1172127682e-03 0.0000000000e+00 
 0.0000000000e+00 0.0000000000e+00 6.5670232304e-03
 
Elt 2
 -2.1642299843e-03 4.7199745902e-17 2.4456877762e-16 
 4.7199745695e-17 -2.1642299156e-03 5.2998688488e-17 
 2.4456877762e-16 5.2998688488e-17 6.5522294420e-03
 
Elt 3
 -2.1572937921e-03 3.1125412651e-16 2.7870022731e-16 
 3.1125412816e-16 -2.1572937379e-03 7.8521819330e-17 
 2.7870022731e-16 7.8521819330e-17 6.9292501890e-03
 
Elt 4
 -2.2207348169e-03 1.6922148628e-16 -8.7936479859e-18 
 1.6922148628e-16 -2.2207348391e-03 1.0066611403e-16 
 -8.7936479859e-18 1.0066611403e-16 7.6005224471e-03
 
Elt 1
 -1.7722690515e-03 2.5767623037e-16 4.2515631400e-16 
 2.5767623037e-16 -1.7722690685e-03 7.6220977571e-17 
 4.2515631400e-16 7.6220977571e-17 6.9433733437e-03
 
Elt 2
 -1.9811660801e-03 2.0052851967e-16 -4.3459717326e-16 
 2.0052851967e-16 -1.9811661377e-03 2.5650271098e-16 
 -4.3459717326e-16 2.5650271098e-16 6.9532860232e-03
 
Elt 3
 -2.1324173266e-03 1.6142803209e-16 -4.6258691340e-17 
 1.6142803043e-16 -2.1324173581e-03 2.5512427972e-16 
 -4.6258691340e-17 2.5512427972e-16 7.3209057232e-03
 
Elt 4
 -2.2122788509e-03 2.4594548849e-17 1.6593907671e-16 
 2.4594548745e-17 -2.2122787831e-03 -1.1412691204e-17 
 1.6593907671e-16 -1.1412691204e-17 7.2410619866e-03
 
Elt 1
 -2.4656549546e-03 -1.0807193471e-16 3.7658835426e-16 
 -1.0807193513e-16 -2.4656548080e-03 6.4199661366e-18 
 3.7658835426e-16 6.4199661366e-18 7.2122018570e-03
 
Elt 2
 -2.3211457404e-03 7.6208471194e-17 -6.2872069118e-16 
 7.6208471194e-17 -2.3211457896e-03 1.4660286582e-16 
 -6.2872069118e-16 1.4660286582e-16 7.6108296513e-03
 
Elt 3
 -2.2648068569e-03 -5.1889560742e-17 -1.8459323736e-16 
 -5.1889560949e-17 -2.2648069223e-03 1.1795731153e-16 
 -1.8459323736e-16 1.1795731153e-16 7.4696390783e-03
 
Elt 4
 -2.1288965070e-03 -1.2274413334e-16 1.7159072834e-16 
 -1.2274413334e-16 -2.1288964382e-03 -1.5076246540e-16 
 1.7159072834e-16 -1.5076246540e-16 6.9751641494e-03
 
Elt 1
 -2.2425998655e-03 -4.5236781375e-17 4.9103710739e-17 
 -4.5236780547e-17 -2.2425998420e-03 -1.3213275224e-16 
 4.9103710739e-17 -1.3213275224e-16 7.8100866029e-03
 
Elt 2
 -2.3298086287e-03 -1.3738980118e-16 -4.2237689657e-16 
 -1.3738979787e-16 -2.3298086710e-03 -1.1554947722e-16 
 -4.2237689657e-16 -1.1554947722e-16 7.8807873205e-03
 
Elt 3
 -2.2616994013e-03 -1.0441951189e-16 -9.6038654874e-17 
 -1.0441951189e-16 -2.2616994486e-03 -1.3700860609e-16 
 -9.6038654874e-17 -1.3700860609e-16 7.4392970016e-03
 
Elt 4
 -1.9788784139e-03 -1.5922101164e-16 -3.6249686628e-18 
 -1.5922101164e-16 -1.9788784286e-03 -3.3390756534e-16 
 -3.6249686628e-18 -3.3390756534e-16 6.9466416419e-03
 
Elt 1
 -2.3683260447e-03 -7.2683391797e-17 -4.6150637093e-16 
 -7.2683391797e-17 -2.3683261251e-03 -2.0776208186e-16 
 -4.6150637093e-16 -2.0776208186e-16 8.4043645378e-03
 
Elt 2
 -2.4168356261e-03 -5.1371778146e-17 1.7695645368e-16 
 -5.1371778973e-17 -2.4168356005e-03 -1.0204601763e-16 
 1.7695645368e-16 -1.0204601763e-16 7.9131494001e-03
 
Elt 3
 -2.2594523731e-03 -1.5648602415e-17 1.0347532459e-16 
 -1.5648602621e-17 -2.2594523387e-03 -7.8424109783e-17 
 1.0347532459e-16 -7.8424109783e-17 7.4933275850e-03
 
Elt 4
 -2.2015393643e-03 -3.3284340401e-17 -1.4259236507e-16 
 -3.3284340815e-17 -2.2015393926e-03 -2.3611792801e-16 
 -1.4259236507e-16 -2.3611792801e-16 7.0744615520e-03
 
Elt 1
 -2.9041538615e-03 1.3476345311e-16 -4.0679632233e-16 
 1.3476345476e-16 -2.9041538996e-03 -7.5907829928e-17 
 -4.0679632233e-16 -7.5907829928e-17 8.6636664667e-03
 
Elt 2
 -2.4868564026e-03 -1.5957662900e-16 4.4027385785e-16 
 -1.5957662734e-16 -2.4868563292e-03 -4.0563943854e-17 
 4.4027385785e-16 -4.0563943854e-17 8.1021617585e-03
 
Elt 3
 -2.1666153015e-03 -1.3613080747e-16 2.1696867305e-16 
 -1.3613080747e-16 -2.1666152340e-03 -5.4895295913e-17 
 2.1696867305e-16 -5.4895295913e-17 7.4938415664e-03
 
Elt 4
 -2.2220424573e-03 1.3185378574e-16 -1.3650363028e-17 
 1.3185378574e-16 -2.2220424941e-03 -6.2053359647e-17 
 -1.3650363028e-17 -6.2053359647e-17 7.4343124629e-03
 
Elt 1
 -2.3983556637e-03 1.9884650663e-16 0.0000000000e+00 
 1.9884650663e-16 -2.3983557462e-03 0.0000000000e+00 
 0.0000000000e+00 0.0000000000e+00 8.7970900264e-03
 
Elt 2
 -2.2901585291e-03 1.3452591827e-16 2.8555151321e-16 
 1.3452591827e-16 -2.2901585258e-03 7.5920344492e-17 
 2.8555151321e-16 7.5920344492e-17 8.2089276895e-03
 
Elt 3
 -2.3246667879e-03 2.9068789027e-16 0.0000000000e+00 
 2.9068788696e-16 -2.3246667401e-03 0.0000000000e+00 
 0.0000000000e+00 0.0000000000e+00 7.6352384326e-03
 
Elt 4
 -2.3264616558e-03 5.8882501180e-17 2.7608934505e-16 
 5.8882501180e-17 -2.3264616562e-03 2.4363422774e-16 
 2.7608934505e-16 2.4363422774e-16 7.8613091772e-03
 
Elt 1
 -2.6875605909e-03 5.1102473781e-17 4.3416958205e-16 
 5.1102473781e-17 -2.6875605175e-03 2.9127294331e-16 
 4.3416958205e-16 2.9127294331e-16 8.6191920447e-03
 
Elt 2
 -2.6630680438e-03 1.3202667807e-17 -8.8342045105e-17 
 1.3202664499e-17 -2.6630680406e-03 1.0905134802e-16 
 -8.8342045105e-17 1.0905134802e-16 8.2472496816e-03
 
Elt 3
 -2.6036490846e-03 1.5450019263e-16 -9.6124500162e-17 
 1.5450019263e-16 -2.6036490942e-03 4.0911434025e-17 
 -9.6124500162e-17 4.0911434025e-17 8.2969629662e-03
 
Elt 4
 -2.4941866968e-03 -2.0586252685e-16 3.4339321602e-16 
 -2.0586252685e-16 -2.4941866613e-03 3.2730443650e-16 
 3.4339321602e-16 3.2730443650e-16 8.1473201431e-03
 
Elt 1
 -2.5197400268e-03 -1.4645411251e-16 3.9681950249e-16 
 -1.4645411251e-16 -2.5197399460e-03 2.3273764029e-16 
 3.9681950249e-16 2.3273764029e-16 8.2217702525e-03
 
Elt 2
 -2.4828055668e-03 -1.4427662489e-16 -6.4486042416e-17 
 -1.4427662407e-16 -2.4828056448e-03 -8.4236556907e-17 
 -6.4486042416e-17 -8.4236556907e-17 8.5690803148e-03
 
Elt 3
 -2.4401398825e-03 -1.2087330102e-16 -1.5616181886e-16 
 -1.2087330102e-16 -2.4401399989e-03 -2.7041201242e-17 
 -1.5616181886e-16 -2.7041201242e-17 8.8601896898e-03
 
Elt 4
 -2.4657542998e-03 -1.7621826959e-16 -1.1194122330e-16 
 -1.7621826959e-16 -2.4657542962e-03 2.5097918237e-16 
 -1.1194122330e-16 2.5097918237e-16 8.4677587973e-03
 
Elt 1
 -2.2800715416e-03 -4.1103514536e-17 -1.1965745280e-16 
 -4.1103514536e-17 -2.2800715503e-03 6.2305263596e-17 
 -1.1965745280e-16 6.2305263596e-17 8.0620399483e-03
 
Elt 2
 -2.6233807306e-03 1.8374670215e-17 1.0592098552e-16 
 1.8374670008e-17 -2.6233807600e-03 -1.6680839142e-16 
 1.0592098552e-16 -1.6680839142e-16 8.8587592898e-03
 
Elt 3
 -2.8631642582e-03 -6.3738987744e-17 -6.7103736348e-17 
 -6.3738986090e-17 -2.8631642714e-03 4.2896534645e-17 
 -6.7103736348e-17 4.2896534645e-17 8.9571946174e-03
 
Elt 4
 -2.8442089165e-03 3.0238802255e-16 -6.7756795923e-16 
 3.0238801924e-16 -2.8442088792e-03 4.9573231859e-17 
 -6.7756795923e-16 4.9573231859e-17 9.0483882160e-03
 
Elt 1
 -2.5896636643e-03 -4.1085014642e-17 -3.7082074257e-16 
 -4.1085015469e-17 -2.5896636826e-03 -2.5998090872e-16 
 -3.7082074257e-16 -2.5998090872e-16 8.2166003567e-03
 
Elt 2
 -2.7629570115e-03 1.5204065545e-16 1.4488948979e-16 
 1.5204065545e-16 -2.7629569556e-03 -5.2344056213e-17 
 1.4488948979e-16 -5.2344056213e-17 8.7664357470e-03
 
Elt 3
 -2.7866468275e-03 7.0040032028e-18 1.2932949115e-16 
 7.0040031511e-18 -2.7866467825e-03 1.2607399828e-16 
 1.2932949115e-16 1.2607399828e-16 9.1898378079e-03
 
Elt 4
 -2.7168637684e-03 2.7105341178e-16 -6.8883269842e-16 
 2.7105341178e-16 -2.7168638034e-03 -1.3465430384e-16 
 -6.8883269842e-16 -1.3465430384e-16 9.5610863738e-03
 
Elt 1
 -2.5032843554e-03 1.0319858917e-16 -2.0522273635e-16 
 1.0319859000e-16 -2.5032844191e-03 -2.5737726277e-16 
 -2.0522273635e-16 -2.5737726277e-16 8.6217570962e-03
 
Elt 2
 -2.4681457456e-03 1.8964337785e-16 -5.8669388613e-17 
 1.8964337785e-16 -2.4681457212e-03 -9.6303360098e-17 
 -5.8669388613e-17 -9.6303360098e-17 8.6758014052e-03
 
Elt 3
 -2.6476030463e-03 7.4459185617e-17 0.0000000000e+00 
 7.4459186444e-17 -2.6476030028e-03 0.0000000000e+00 
 0.0000000000e+00 0.0000000000e+00 9.4404753523e-03
 
Elt 4
 -3.0180551044e-03 6.3402280567e-17 -5.2073387764e-17 
 6.3402280567e-17 -3.0180551245e-03 -2.5639976301e-16 
 -5.2073387764e-17 -2.5639976301e-16 9.8032273998e-03
 
Elt 1
 -2.7670698541e-03 -4.0694618480e-18 3.1829630433e-16 
 -4.0694618480e-18 -2.7670698445e-03 -2.2994039543e-16 
 3.1829630433e-16 -2.2994039543e-16 9.0798795570e-03
 
Elt 2
 -2.7570986570e-03 2.1648399575e-16 0.0000000000e+00 
 2.1648399906e-16 -2.7570986184e-03 0.0000000000e+00 
 0.0000000000e+00 0.0000000000e+00 8.9142488077e-03
 
Elt 3
 -2.9828702538e-03 -3.6002712963e-19 -1.7479765921e-16 
 -3.6002713044e-19 -2.9828702043e-03 9.0558009323e-17 
 -1.7479765921e-16 9.0558009323e-17 9.3355214323e-03
 
Elt 4
 -3.1500869995e-03 -2.7696357425e-16 7.1433535445e-16 
 -2.7696357425e-16 -3.1500870047e-03 -1.2547266196e-16 
 7.1433535445e-16 -1.2547266196e-16 1.0018953697e-02
 
Elt 1
 -2.8406501365e-03 7.6845893679e-18 6.7841193183e-16 
 7.6845892645e-18 -2.8406500955e-03 1.3993075026e-16 
 6.7841193183e-16 1.3993075026e-16 9.4391862394e-03
 
Elt 2
 -2.7812827232e-03 -1.9947457494e-16 1.2447257104e-16 
 -1.9947457825e-16 -2.7812827566e-03 -2.3003286392e-18 
 1.2447257104e-16 -2.3003286392e-18 9.3925390094e-03
 
Elt 3
 -2.7601887489e-03 -1.7028291204e-16 -1.2053167173e-16 
 -1.7028291369e-16 -2.7601888198e-03 -8.2399212201e-17 
 -1.2053167173e-16 -8.2399212201e-17 9.4261417099e-03
 
Elt 4
 -2.6627550127e-03 -3.2298867115e-16 8.4532813870e-16 
 -3.2298866784e-16 -2.6627550785e-03 -3.1958751119e-17 
 8.4532813870e-16 -3.1958751119e-17 9.8977405876e-03
 
Elt 1
 -2.9114423391e-03 4.0114671399e-17 8.5380609555e-17 
 4.0114671399e-17 -2.9114423127e-03 1.0297756207e-16 
 8.5380609555e-17 1.0297756207e-16 9.8012392754e-03
 
Elt 2
 -2.9512833138e-03 -1.7183959068e-16 8.5177256650e-17 
 -1.7183958902e-16 -2.9512833603e-03 1.1518244245e-16 
 8.5177256650e-17 1.1518244245e-16 9.9002360591e-03
 
Elt 3
 -2.9619106072e-03 5.6801134433e-17 7.4784249542e-17 
 5.6801135261e-17 -2.9619106520e-03 -1.5221957857e-16 
 7.4784249542e-17 -1.5221957857e-16 9.8325796532e-03
 
Elt 4
 -3.1354319373e-03 -6.0360431398e-17 2.1413016372e-16 
 -6.0360431398e-17 -3.1354318529e-03 1.1393580195e-16 
 2.1413016372e-16 1.1393580195e-16 9.4281745405e-03
 
Elt 1
 -3.1053321644e-03 7.4219065011e-17 -5.0926136265e-16 
 7.4219065011e-17 -3.1053321631e-03 -1.0072316520e-17 
 -5.0926136265e-16 -1.0072316520e-17 1.0203872685e-02
 
Elt 2
 -3.1716559823e-03 -6.8147665194e-17 5.4633243896e-17 
 -6.8147665194e-17 -3.1716559816e-03 8.7382168007e-17 
 5.4633243896e-17 8.7382168007e-17 1.0319102036e-02
 
Elt 3
 -2.9457073871e-03 1.1789368519e-16 4.3750643978e-16 
 1.1789368519e-16 -2.9457073913e-03 5.7117821262e-18 
 4.3750643978e-16 5.7117821262e-18 9.9400974285e-03
 
Elt 4
 -2.6927498802e-03 5.1331721097e-17 -5.5835685741e-16 
 5.1331721097e-17 -2.6927498533e-03 1.4838170064e-16 
 -5.5835685741e-16 1.4838170064e-16 9.3055682153e-03
 
Elt 1
 -3.1426467837e-03 -2.3148019462e-16 -5.1484315225e-16 
 -2.3148019462e-16 -3.1426468286e-03 -1.8412225165e-16 
 -5.1484315225e-16 -1.8412225165e-16 1.0642128048e-02
 
Elt 2
 -3.1482463999e-03 1.2317902851e-16 -1.0909081033e-16 
 1.2317902520e-16 -3.1482463795e-03 -2.9613352154e-17 
 -1.0909081033e-16 -2.9613352154e-17 1.0587162971e-02
 
Elt 3
 -3.0188379899e-03 -2.0501955205e-16 2.6212496846e-16 
 -2.0501955040e-16 -3.0188379430e-03 1.4061841569e-16 
 2.6212496846e-16 1.4061841569e-16 9.9022649446e-03
 
Elt 4
 -2.6610478645e-03 1.4326832730e-16 -7.3812480008e-16 
 1.4326832730e-16 -2.6610478809e-03 -2.7745149923e-17 
 -7.3812480008e-16 -2.7745149923e-17 9.4430840674e-03
 
Elt 1
 -3.3593065164e-03 -1.9933410313e-16 -2.3553298906e-16 
 -1.9933410313e-16 -3.3593065327e-03 3.5837791072e-18 
 -2.3553298906e-16 3.5837791072e-18 1.1042872681e-02
 
Elt 2
 -3.1406612318e-03 1.9310056268e-16 -3.7919310619e-16 
 1.9310056929e-16 -3.1406612113e-03 -1.6092475415e-16 
 -3.7919310619e-16 -1.6092475415e-16 1.0534606519e-02
 
Elt 3
 -3.1145794006e-03 -9.6073257032e-17 -1.6271911101e-16 
 -9.6073256204e-17 -3.1145793499e-03 6.3193229202e-18 
 -1.6271911101e-16 6.3193229202e-18 1.0129178470e-02
 
Elt 4
 -3.2034413421e-03 -2.1035310180e-16 -1.5827836146e-16 
 -2.1035309518e-16 -3.2034413233e-03 -7.2689344881e-17 
 -1.5827836146e-16 -7.2689344881e-17 9.6740491280e-03
 
Elt 1
 -3.3977954825e-03 -2.3324214391e-18 4.6777265189e-16 
 -2.3324214391e-18 -3.3977954731e-03 1.8773841199e-16 
 4.6777265189e-16 1.8773841199e-16 1.1244680840e-02
 
Elt 2
 -3.1399502162e-03 7.5787743560e-17 -4.0198283045e-16 
 7.5787750177e-17 -3.1399502246e-03 -1.6404730458e-16 
 -4.0198283045e-16 -1.6404730458e-16 1.0442012847e-02
 
Elt 3
 -2.8640673059e-03 -1.9210819575e-16 -4.1274501398e-16 
 -1.9210819740e-16 -2.8640673561e-03 -1.4522303698e-16 
 -4.1274501398e-16 -1.4522303698e-16 1.0262837780e-02
 
Elt 4
 -2.8192667666e-03 -3.4778176682e-17 5.0512688750e-16 
 -3.4778176475e-17 -2.8192668561e-03 -7.9388468474e-17 
 5.0512688750e-16 -7.9388468474e-17 1.0237289262e-02
 
Elt 1
 -3.2802404851e-03 -4.6385545821e-17 1.9282937082e-16 
 -4.6385549130e-17 -3.2802404772e-03 5.3404615092e-16 
 1.9282937082e-16 5.3404615092e-16 1.1084818352e-02
 
Elt 2
 -3.3076414042e-03 7.3147594803e-17 0.0000000000e+00 
 7.3147594803e-17 -3.3076414047e-03 0.0000000000e+00 
 0.0000000000e+00 0.0000000000e+00 1.0748469255e-02
 
Elt 3
 -3.3340462973e-03 -1.2693102216e-17 -3.7544697053e-17 
 -1.2693102216e-17 -3.3340462914e-03 -4.0714911663e-16 
 -3.7544697053e-17 -4.0714911663e-16 1.0367355483e-02
 
Elt 4
 -3.3608885216e-03 1.8091644702e-16 6.1791998536e-16 
 1.8091644372e-16 -3.3608884862e-03 -7.8909868422e-30 
 6.1791998536e-16 -7.8909870303e-30 1.0791911411e-02
 
Elt 1
 -3.2349377434e-03 -3.2324057743e-17 -2.4817145175e-16 
 -3.2324057743e-17 -3.2349377384e-03 2.0729325941e-16 
 -2.4817145175e-16 2.0729325941e-16 1.0700075749e-02
 
Elt 2
 -3.1689398722e-03 1.7542886136e-17 4.3720573331e-16 
 1.7542886136e-17 -3.1689399035e-03 2.1249709693e-16 
 4.3720573331e-16 2.1249709693e-16 1.1027506032e-02
 
Elt 3
 -3.2118369718e-03 1.3003584294e-16 3.6746233576e-16 
 1.3003584294e-16 -3.2118369935e-03 -7.5982487318e-17 
 3.6746233576e-16 -7.5982487318e-17 1.0974542807e-02
 
Elt 4
 -3.3562033851e-03 4.1887530879e-16 1.1879822383e-16 
 4.1887531541e-16 -3.3562033362e-03 4.4453730254e-17 
 1.1879822383e-16 4.4453730254e-17 1.1095898260e-02
 
Elt 1
 -3.2380823459e-03 2.6151491090e-16 -3.4312612268e-16 
 2.6151491090e-16 -3.2380823382e-03 -2.9508718994e-16 
 -3.4312612268e-16 -2.9508718994e-16 1.0555572461e-02
 
Elt 2
 -3.3932322781e-03 4.0824805335e-18 4.9762891810e-16 
 4.0824804301e-18 -3.3932322604e-03 3.6432279075e-16 
 4.9762891810e-16 3.6432279075e-16 1.1010090114e-02
 
Elt 3
 -3.3933021602e-03 6.2971135834e-17 4.1079237551e-16 
 6.2971142451e-17 -3.3933021535e-03 3.2779754967e-16 
 4.1079237551e-16 3.2779754967e-16 1.1635212311e-02
 
Elt 4
 -3.3102253013e-03 3.9108273504e-16 -2.9992432605e-16 
 3.9108273504e-16 -3.3102253008e-03 -7.6934005567e-17 
 -2.9992432605e-16 -7.6934005567e-17 1.1402150364e-02
 
Elt 1
 -3.0295087606e-03 1.0839821590e-16 7.8513734443e-17 
 1.0839821755e-16 -3.0295087897e-03 -4.9611217146e-16 
 7.8513734443e-17 -4.9611217146e-16 1.0610895550e-02
 
Elt 2
 -3.4310111938e-03 -9.7439280466e-17 -5.0084407227e-17 
 -9.7439278812e-17 -3.4310111701e-03 2.7748968175e-16 
 -5.0084407227e-17 2.7748968175e-16 1.1182888775e-02
 
Elt 3
 -3.7577377122e-03 -4.1329368758e-17 -9.9293028164e-17 
 -4.1329368344e-17 -3.7577376650e-03 3.8396155264e-16 
 -9.9293028164e-17 3.8396155264e-16 1.1805496506e-02
 
Elt 4
 -3.7066058359e-03 -3.6026831170e-16 -2.6596382672e-16 
 -3.6026841758e-16 -3.7066058332e-03 -1.3473324408e-16 
 -2.6596382672e-16 -1.3473324408e-16 1.1808673587e-02
 
Elt 1
 -3.3381008968e-03 9.4187699652e-17 5.1959204039e-16 
 9.4187699652e-17 -3.3381008709e-03 -3.6663208272e-16 
 5.1959204039e-16 -3.6663208272e-16 1.0806232363e-02
 
Elt 2
 -3.2563575275e-03 1.5527785159e-16 -5.7245132486e-16 
 1.5527784828e-16 -3.2563575518e-03 -7.4950502269e-17 
 -5.7245132486e-16 -7.4950502269e-17 1.1427406144e-02
 
Elt 3
