Elt 1
 0.0000000000e+00 0.0000000000e+00 0.0000000000e+00 
 0.0000000000e+00 0.0000000000e+00 0.0000000000e+00 
 0.0000000000e+00 0.0000000000e+00 0.0000000000e+00
 
Elt 2
 0.0000000000e+00 0.0000000000e+00 0.0000000000e+00 
 0.0000000000e+00 0.0000000000e+00 0.0000000000e+00 
 0.0000000000e+00 0.0000000000e+00 0.0000000000e+00
 
Elt 1
 0.0000000000e+00 0.0000000000e+00 0.0000000000e+00 
 0.0000000000e+00 0.0000000000e+00 0.0000000000e+00 
 0.0000000000e+00 0.0000000000e+00 0.0000000000e+00
 
Elt 2
 -1.8242684906e-16 -8.6456848471e-17 1.1891555708e-16 
 -8.6456848471e-17 -3.9667047532e-16 1.4210737466e-16 
 1.1891555708e-16 1.4210737466e-16 -3.0908109532e-16
 
Elt 1
 -4.7418683291e-05 -2.4651903288e-32 0.0000000000e+00 
 -2.4651903288e-32 -1.1102230246e-16 0.0000000000e+00 
 0.0000000000e+00 0.0000000000e+00 5.4458540252e-04
 
Elt 2
 -4.7418683291e-05 -4.5765237332e-17 -1.0059163656e-16 
 -4.5765237332e-17 2.5850798454e-30 1.5956764087e-16 
 -1.0059163656e-16 1.5956764087e-16 5.4458540252e-04
 
Elt 1
 -3.1403163843e-04 0.0000000000e+00 0.0000000000e+00 
 0.0000000000e+00 0.0000000000e+00 0.0000000000e+00 
 0.0000000000e+00 0.0000000000e+00 1.0891589439e-03
 
Elt 2
 -3.1403163843e-04 -3.1520860387e-17 -5.2084482453e-17 
 -3.1520860387e-17 9.7325542351e-30 1.1851703786e-16 
 -5.2084482453e-17 1.1851703786e-16 1.0891589439e-03
 
Elt 1
 -7.6006809784e-04 -1.6657502324e-16 0.0000000000e+00 
 -1.6657502324e-16 -2.2204460493e-16 0.0000000000e+00 
 0.0000000000e+00 0.0000000000e+00 1.6337324853e-03
 
Elt 2
 -7.6006809784e-04 3.6448844119e-17 3.8034617247e-17 
 3.6448844119e-17 4.9042452639e-30 1.0424881542e-16 
 3.8034617247e-17 1.0424881542e-16 1.6337324853e-03
 
Elt 1
 -1.1390380070e-03 0.0000000000e+00 0.0000000000e+00 
 0.0000000000e+00 0.0000000000e+00 0.0000000000e+00 
 0.0000000000e+00 0.0000000000e+00 2.1783060267e-03
 
Elt 2
 -1.1390380070e-03 -5.9555449334e-18 -1.7558204478e-17 
 -5.9555449334e-18 -3.3306690739e-16 1.6647292771e-16 
 -1.7558204478e-17 1.6647292771e-16 2.1783060267e-03
 
Elt 1
 -1.2838093676e-03 0.0000000000e+00 0.0000000000e+00 
 0.0000000000e+00 0.0000000000e+00 0.0000000000e+00 
 0.0000000000e+00 0.0000000000e+00 2.7228795681e-03
 
Elt 2
 -1.2838093676e-03 6.9587804732e-17 1.1451001493e-16 
 6.9587804732e-17 2.2204460493e-16 1.0855834608e-16 
 1.1451001493e-16 1.0855834608e-16 2.7228795681e-03
 
Elt 1
 -1.3001040848e-03 -5.5571111340e-17 0.0000000000e+00 
 -5.5571111340e-17 -2.3753086016e-30 0.0000000000e+00 
 0.0000000000e+00 0.0000000000e+00 3.2674531095e-03
 
Elt 2
 -1.3001040848e-03 -5.1713006966e-18 -5.2253390112e-17 
 -5.1713006966e-18 -1.1102230246e-16 1.1922128323e-16 
 -5.2253390112e-17 1.1922128323e-16 3.2674531095e-03
 
Elt 1
 -1.4422937112e-03 -5.5563988718e-17 0.0000000000e+00 
 -5.5563988718e-17 -2.1405881606e-30 0.0000000000e+00 
 0.0000000000e+00 0.0000000000e+00 3.8120266509e-03
 
Elt 2
 -1.4422937112e-03 -5.5297652596e-17 -7.9957628169e-17 
 -5.5297652596e-17 2.7307845805e-30 1.3598442328e-16 
 -7.9957628169e-17 1.3598442328e-16 3.8120266509e-03
 
Elt 1
 -1.8167963779e-03 0.0000000000e+00 -6.7761038294e-17 
 0.0000000000e+00 0.0000000000e+00 0.0000000000e+00 
 -6.7761038294e-17 0.0000000000e+00 4.3566001923e-03
 
Elt 2
 -1.8167963779e-03 -9.4582174401e-17 -8.0020943545e-17 
 -9.4582174401e-17 2.2204460493e-16 1.3230433295e-16 
 -8.0020943545e-17 1.3230433295e-16 4.3566001923e-03
 
Elt 1
 -2.2589264861e-03 0.0000000000e+00 0.0000000000e+00 
 0.0000000000e+00 0.0000000000e+00 0.0000000000e+00 
 0.0000000000e+00 0.0000000000e+00 4.9011737337e-03
 
Elt 2
 -2.2589264861e-03 -3.6444981931e-17 3.4401106746e-17 
 -3.6444981931e-17 -1.1102230246e-16 1.1415784937e-16 
 3.4401106746e-17 1.1415784937e-16 4.9011737337e-03
 
Elt 1
 -2.5262997220e-03 0.0000000000e+00 0.0000000000e+00 
 0.0000000000e+00 0.0000000000e+00 0.0000000000e+00 
 0.0000000000e+00 0.0000000000e+00 5.4457472751e-03
 
Elt 2
 -2.5262997220e-03 -3.1515501686e-17 1.5610229350e-16 
 -3.1515501686e-17 -2.2204460493e-16 1.1394319585e-16 
 1.5610229350e-16 1.1394319585e-16 5.4457472751e-03
 
Elt 1
 -2.5827479242e-03 -5.5628068518e-17 0.0000000000e+00 
 -5.5628068518e-17 -1.1981355122e-30 0.0000000000e+00 
 0.0000000000e+00 0.0000000000e+00 5.9903208165e-03
 
Elt 2
 -2.5827479242e-03 -1.9331579923e-17 -6.9927705946e-17 
 -1.9331579923e-17 -2.2204460493e-16 1.2137837465e-16 
 -6.9927705946e-17 1.2137837465e-16 5.9903208165e-03
 
Elt 1
 -2.6397214825e-03 0.0000000000e+00 0.0000000000e+00 
 0.0000000000e+00 0.0000000000e+00 0.0000000000e+00 
 0.0000000000e+00 0.0000000000e+00 6.5348943579e-03
 
Elt 2
 -2.6397214825e-03 -4.0404076930e-17 4.1700900085e-17 
 -4.0404076930e-17 -2.2204460493e-16 1.3849378960e-16 
 4.1700900085e-17 1.3849378960e-16 6.5348943579e-03
 
Elt 1
 -2.9067578117e-03 1.1101394107e-16 0.0000000000e+00 
 1.1101394107e-16 -1.1102230246e-16 0.0000000000e+00 
 0.0000000000e+00 0.0000000000e+00 7.0794678993e-03
 
Elt 2
 -2.9067578117e-03 -4.9674769802e-17 3.4327221761e-17 
 -4.9674769802e-17 -3.3306690739e-16 1.1826193446e-16 
 3.4327221761e-17 1.1826193446e-16 7.0794678993e-03
 
Elt 1
 -3.3452862850e-03 0.0000000000e+00 -9.3920038166e-17 
 0.0000000000e+00 0.0000000000e+00 0.0000000000e+00 
 -9.3920038166e-17 0.0000000000e+00 7.6240414407e-03
 
Elt 2
 -3.3452862850e-03 -3.3862163237e-17 -1.0505166462e-16 
 -3.3862163237e-17 1.5708460137e-30 1.2078678527e-16 
 -1.0505166462e-16 1.2078678527e-16 7.6240414407e-03
 
Elt 1
 -3.7152456572e-03 -5.5684142155e-17 -1.0618633948e-16 
 -5.5684142155e-17 -8.3459452581e-31 -4.9755676224e-31 
 -1.0618633948e-16 -4.9755676224e-31 8.1686149821e-03
 
Elt 2
 -3.7152456572e-03 -1.1771028799e-17 -1.5333687076e-16 
 -1.1771028799e-17 -2.2204460493e-16 1.8007053725e-16 
 -1.5333687076e-16 1.8007053725e-16 8.1686149821e-03
 
Elt 1
 -3.8592553356e-03 0.0000000000e+00 0.0000000000e+00 
 0.0000000000e+00 0.0000000000e+00 0.0000000000e+00 
 0.0000000000e+00 0.0000000000e+00 8.7131885235e-03
 
Elt 2
 -3.8592553356e-03 -6.7792045289e-18 3.4283882617e-17 
 -6.7792045289e-18 1.6538770453e-30 1.2047532011e-16 
 3.4283882617e-17 1.2047532011e-16 8.7131885235e-03
 
Elt 1
 -3.8883792737e-03 5.5688889756e-17 1.3306570038e-16 
 5.5688889756e-17 -7.9756943034e-31 -5.6368488119e-31 
 1.3306570038e-16 -5.6368488119e-31 9.2577620649e-03
 
Elt 2
 -3.8883792737e-03 6.7281538919e-17 1.2145312839e-16 
 6.7281538919e-17 9.1725198378e-32 1.0782832615e-16 
 1.2145312839e-16 1.0782832615e-16 9.2577620649e-03
 
Elt 1
 -4.0491390525e-03 0.0000000000e+00 0.0000000000e+00 
 0.0000000000e+00 0.0000000000e+00 0.0000000000e+00 
 0.0000000000e+00 0.0000000000e+00 9.8023356063e-03
 
Elt 2
 -4.0491390525e-03 2.8216242399e-17 3.4660393670e-17 
 2.8216242399e-17 1.6019799358e-30 1.3277995169e-16 
 3.4660393670e-17 1.3277995169e-16 9.8023356063e-03
 
Elt 1
 -4.4304111845e-03 5.5581812914e-17 0.0000000000e+00 
 5.5581812914e-17 -6.9730275545e-31 0.0000000000e+00 
 0.0000000000e+00 0.0000000000e+00 1.0346909148e-02
 
Elt 2
 -4.4304111845e-03 -4.7723334393e-18 1.3730252298e-17 
 -4.7723334393e-18 -3.3306690739e-16 1.3140645663e-16 
 1.3730252298e-17 1.3140645663e-16 1.0346909148e-02
 
Elt 1
 -4.8587140400e-03 0.0000000000e+00 -8.5315200000e-17 
 0.0000000000e+00 0.0000000000e+00 0.0000000000e+00 
 -8.5315200000e-17 0.0000000000e+00 1.0891482689e-02
 
Elt 2
 -4.8587140400e-03 -1.3638682187e-17 -1.0527299948e-16 
 -1.3638682187e-17 -1.1102230246e-16 1.1073813519e-16 
 -1.0527299948e-16 1.1073813519e-16 1.0891482689e-02
 
Elt 1
 -5.1059132929e-03 5.5553284495e-17 -8.2986019285e-17 
 5.5553284495e-17 -1.1102230246e-16 2.7869389627e-31 
 -8.2986019285e-17 2.7869389627e-31 1.1436056230e-02
 
Elt 2
 -5.1059132929e-03 -1.0615732529e-16 5.4727215423e-17 
 -1.0615732529e-16 -4.4408920985e-16 1.0596208288e-16 
 5.4727215423e-17 1.0596208288e-16 1.1436056230e-02
 
Elt 1
 -5.1616718601e-03 0.0000000000e+00 0.0000000000e+00 
 0.0000000000e+00 0.0000000000e+00 0.0000000000e+00 
 0.0000000000e+00 0.0000000000e+00 1.1980629772e-02
 
Elt 2
 -5.1616718601e-03 2.2327189058e-17 5.4837015123e-17 
 2.2327189058e-17 1.1370137777e-30 1.2156975383e-16 
 5.4837015123e-17 1.2156975383e-16 1.1980629772e-02
 
Elt 1
 -5.2447005544e-03 -5.5898758202e-17 9.0689495431e-17 
 -5.5898758202e-17 -1.1102230246e-16 2.8528180086e-31 
 9.0689495431e-17 2.8528180086e-31 1.2525203313e-02
 
Elt 2
 -5.2447005544e-03 1.7652812813e-17 1.0102593681e-16 
 1.7652812813e-17 1.2376225815e-30 1.2745853569e-16 
 1.0102593681e-16 1.2745853569e-16 1.2525203313e-02
 
Elt 1
 -5.5396992033e-03 -5.5352714445e-17 1.4039859132e-16 
 -5.5352714445e-17 -1.1102230246e-16 4.1760676708e-31 
 1.4039859132e-16 4.1760676708e-31 1.3069776855e-02
 
Elt 2
 -5.5396992033e-03 1.4741599965e-17 1.2132775197e-16 
 1.4741599965e-17 -1.1102230246e-16 1.1251145285e-16 
 1.2132775197e-16 1.1251145285e-16 1.3069776855e-02
 
Elt 1
 -5.9762219351e-03 -1.1146697844e-16 0.0000000000e+00 
 -1.1146697844e-16 -1.1102230246e-16 0.0000000000e+00 
 0.0000000000e+00 0.0000000000e+00 1.3614350396e-02
 
Elt 2
 -5.9762219351e-03 -7.4898102633e-17 1.0734915983e-16 
 -7.4898102633e-17 -3.3306690739e-16 1.1137016941e-16 
 1.0734915983e-16 1.1137016941e-16 1.3614350396e-02
 
Elt 1
 -6.3145303139e-03 0.0000000000e+00 0.0000000000e+00 
 0.0000000000e+00 0.0000000000e+00 0.0000000000e+00 
 0.0000000000e+00 0.0000000000e+00 1.4158923937e-02
 
Elt 2
 -6.3145303139e-03 -4.8436437057e-17 -5.2695749644e-17 
 -4.8436437057e-17 -1.1102230246e-16 1.2038116038e-16 
 -5.2695749644e-17 1.2038116038e-16 1.4158923937e-02
 
Elt 1
 -6.4349073107e-03 0.0000000000e+00 0.0000000000e+00 
 0.0000000000e+00 0.0000000000e+00 0.0000000000e+00 
 0.0000000000e+00 0.0000000000e+00 1.4703497479e-02
 
Elt 2
 -6.4349073107e-03 -3.7558937517e-18 4.7976620923e-17 
 -3.7558937517e-18 -2.2204460493e-16 1.1150676636e-16 
 4.7976620923e-17 1.1150676636e-16 1.4703497479e-02
 
Elt 1
 -6.4814670849e-03 5.6127817130e-17 -7.9555608878e-17 
 5.6127817130e-17 -1.1102230246e-16 2.0549367617e-31 
 -7.9555608878e-17 2.0549367617e-31 1.5248071020e-02
 
Elt 2
 -6.4814670849e-03 2.0698275073e-18 2.0647666456e-17 
 2.0698275073e-18 -1.1102230246e-16 1.0283514876e-16 
 2.0647666456e-17 1.0283514876e-16 1.5248071020e-02
 
Elt 1
 -6.6866152769e-03 5.6419620203e-17 0.0000000000e+00 
 5.6419620203e-17 -4.7605154656e-31 0.0000000000e+00 
 0.0000000000e+00 0.0000000000e+00 1.5792644562e-02
 
Elt 2
 -6.6866152769e-03 -1.0085400329e-18 -2.5532958042e-17 
 -1.0085400329e-18 -2.2204460493e-16 1.1746435898e-16 
 -2.5532958042e-17 1.1746435898e-16 1.5792644562e-02
 
Elt 1
 -7.0895014435e-03 0.0000000000e+00 5.5881789829e-17 
 0.0000000000e+00 0.0000000000e+00 0.0000000000e+00 
 5.5881789829e-17 0.0000000000e+00 1.6337218103e-02
 
Elt 2
 -7.0895014435e-03 1.3854011540e-17 3.4266179542e-17 
 1.3854011540e-17 -2.2204460493e-16 1.1184202213e-16 
 3.4266179542e-17 1.1184202213e-16 1.6337218103e-02
 
Elt 1
 -7.4896350718e-03 2.4651903288e-32 9.0855814603e-17 
 2.4651903288e-32 -1.1102230246e-16 0.0000000000e+00 
 9.0855814603e-17 0.0000000000e+00 1.6881791644e-02
 
Elt 2
 -7.4896350718e-03 -4.9836275040e-17 1.1844958494e-16 
 -4.9836275040e-17 -2.2204460493e-16 1.8652817126e-16 
 1.1844958494e-16 1.8652817126e-16 1.6881791644e-02
 
Elt 1
 -7.6914267362e-03 -5.6358713761e-17 1.0248187526e-16 
 -5.6358713761e-17 -1.1102230246e-16 2.2994643365e-31 
 1.0248187526e-16 2.2994643365e-31 1.7426365186e-02
 
Elt 2
 -7.6914267362e-03 5.4280736752e-18 9.5742165869e-18 
 5.4280736752e-18 -1.1102230246e-16 1.1608317582e-16 
 9.5742165869e-18 1.1608317582e-16 1.7426365186e-02
 
Elt 1
 -7.7421670685e-03 5.6730512123e-17 0.0000000000e+00 
 5.6730512123e-17 -4.1569123700e-31 0.0000000000e+00 
 0.0000000000e+00 0.0000000000e+00 1.7970938727e-02
 
Elt 2
 -7.7421670685e-03 -2.3680529508e-17 -3.2017007922e-17 
 -2.3680529508e-17 8.1849355580e-31 1.2653354500e-16 
 -3.2017007922e-17 1.2653354500e-16 1.7970938727e-02
 
Elt 1
 -7.8730704512e-03 1.1188306034e-16 -1.0620819452e-16 
 1.1188306034e-16 -1.1102230246e-16 4.5030451094e-31 
 -1.0620819452e-16 4.5030451094e-31 1.8515512269e-02
 
Elt 2
 -7.8730704512e-03 -1.5867929687e-17 -9.8089226232e-17 
 -1.5867929687e-17 -2.2204460493e-16 1.1739783365e-16 
 -9.8089226232e-17 1.1739783365e-16 1.8515512269e-02
 
Elt 1
 -8.2160333135e-03 1.0945955227e-16 -1.0167448163e-16 
 1.0945955227e-16 -1.1102230246e-16 4.0802150724e-31 
 -1.0167448163e-16 4.0802150724e-31 1.9060085810e-02
 
Elt 2
 -8.2160333135e-03 -4.1105862409e-17 -8.0845183911e-17 
 -4.1105862409e-17 -1.1102230246e-16 1.3133474875e-16 
 -8.0845183911e-17 1.3133474875e-16 1.9060085810e-02
 
Elt 1
 -8.6430131778e-03 5.5654898946e-17 0.0000000000e+00 
 5.5654898946e-17 -3.5837823141e-31 0.0000000000e+00 
 0.0000000000e+00 0.0000000000e+00 1.9604659351e-02
 
Elt 2
 -8.6430131778e-03 -9.8708935815e-18 -2.5715681673e-17 
 -9.8708935815e-18 6.2204151682e-31 1.1142674529e-16 
 -2.5715681673e-17 1.1142674529e-16 1.9604659351e-02
 
Elt 1
 -8.9241404246e-03 -1.1096720515e-16 1.4778033775e-16 
 -1.1096720515e-16 -1.1102230246e-16 5.6404775866e-31 
 1.4778033775e-16 5.6404775866e-31 2.0149232893e-02
 
Elt 2
 -8.9241404246e-03 3.7121258066e-17 9.0539756958e-17 
 3.7121258066e-17 -1.1102230246e-16 1.0178280897e-16 
 9.0539756958e-17 1.0178280897e-16 2.0149232893e-02
 
Elt 1
 -9.0103813380e-03 0.0000000000e+00 1.1167941556e-16 
 0.0000000000e+00 0.0000000000e+00 0.0000000000e+00 
 1.1167941556e-16 0.0000000000e+00 2.0693806434e-02
 
Elt 2
 -9.0103813380e-03 3.3543268857e-17 1.4265430810e-16 
 3.3543268857e-17 4.7993352808e-31 1.1187378408e-16 
 1.4265430810e-16 1.1187378408e-16 2.0693806434e-02
 
Elt 1
 -9.0928955682e-03 -5.5523281112e-17 0.0000000000e+00 
 -5.5523281112e-17 -3.3903773801e-31 0.0000000000e+00 
 0.0000000000e+00 0.0000000000e+00 2.1238379976e-02
 
Elt 2
 -9.0928955682e-03 1.3194625569e-18 -1.1357147426e-17 
 1.3194625569e-18 -1.1102230246e-16 1.1244474387e-16 
 -1.1357147426e-17 1.1244474387e-16 2.1238379976e-02
 
Elt 1
 -9.3662099798e-03 5.6152342655e-17 -1.7862689335e-16 
 5.6152342655e-17 -1.1102230246e-16 3.2200924187e-31 
 -1.7862689335e-16 3.2200924187e-31 2.1782953517e-02
 
Elt 2
 -9.3662099798e-03 -1.1567850400e-17 -8.5780493667e-17 
 -1.1567850400e-17 6.6793883726e-31 1.2190526643e-16 
 -8.5780493667e-17 1.2190526643e-16 2.1782953517e-02
 
Elt 1
 -9.7883326058e-03 1.1084576876e-16 -1.9388676663e-16 
 1.1084576876e-16 -1.1102230246e-16 1.7494782467e-32 
 -1.9388676663e-16 1.7494782467e-32 2.2327527058e-02
 
Elt 2
 -9.7883326058e-03 -8.0149878048e-17 -2.2601601393e-16 
 -8.0149878048e-17 -1.1102230246e-16 1.7269194109e-16 
 -2.2601601393e-16 1.7269194109e-16 2.2327527058e-02
 
Elt 1
 -1.0133891296e-02 0.0000000000e+00 0.0000000000e+00 
 0.0000000000e+00 0.0000000000e+00 0.0000000000e+00 
 0.0000000000e+00 0.0000000000e+00 2.2872100600e-02
 
Elt 2
 -1.0133891296e-02 -1.1193180598e-17 6.8645708697e-17 
 -1.1193180598e-17 -2.2204460493e-16 1.1137065233e-16 
 6.8645708697e-17 1.1137065233e-16 2.2872100600e-02
 
Elt 1
 -1.0274108220e-02 -5.7032757514e-17 1.7672420035e-16 
 -5.7032757514e-17 -1.1102230246e-16 2.2076496378e-32 
 1.7672420035e-16 2.2076496378e-32 2.3416674141e-02
 
Elt 2
 -1.0274108220e-02 -6.9190160667e-17 2.7634057973e-16 
 -6.9190160667e-17 -3.3306690739e-16 1.8620893029e-16 
 2.7634057973e-16 1.8620893029e-16 2.3416674141e-02
 
Elt 1
 -1.0336106496e-02 0.0000000000e+00 1.6131118996e-16 
 0.0000000000e+00 0.0000000000e+00 0.0000000000e+00 
 1.6131118996e-16 0.0000000000e+00 2.3961247683e-02
 
Elt 2
 -1.0336106496e-02 1.4377932150e-17 2.4786055680e-16 
 1.4377932150e-17 -2.2204460493e-16 1.5908647108e-16 
 2.4786055680e-16 1.5908647108e-16 2.3961247683e-02
 
Elt 1
 -1.0543445375e-02 0.0000000000e+00 0.0000000000e+00 
 0.0000000000e+00 0.0000000000e+00 0.0000000000e+00 
 0.0000000000e+00 0.0000000000e+00 2.4505821224e-02
 
Elt 2
 -1.0543445375e-02 1.5772916607e-17 1.2121105945e-16 
 1.5772916607e-17 4.9184687816e-31 1.1238930161e-16 
 1.2121105945e-16 1.1238930161e-16 2.4505821224e-02
 
Elt 1
 -1.0937370870e-02 -5.5857436456e-17 -1.6503245896e-16 
 -5.5857436456e-17 -2.8526537543e-31 -2.5615066473e-31 
 -1.6503245896e-16 -2.5615066473e-31 2.5050394765e-02
 
Elt 2
 -1.0937370870e-02 1.0053626618e-19 -9.1979250751e-17 
 1.0053626618e-19 6.3587380591e-31 1.2620979759e-16 
 -9.1979250751e-17 1.2620979759e-16 2.5050394765e-02
 
Elt 1
 -1.1326436008e-02 -5.6586915196e-17 -1.4775300858e-16 
 -5.6586915196e-17 -2.8270843264e-31 -4.3513783071e-33 
 -1.4775300858e-16 -4.3513783071e-33 2.5594968307e-02
 
Elt 2
 -1.1326436008e-02 1.2420228271e-17 -2.5910524159e-17 
 1.2420228271e-17 -3.3306690739e-16 1.0676055106e-16 
 -2.5910524159e-17 1.0676055106e-16 2.5594968307e-02
 
Elt 1
 -1.1526824653e-02 -5.6308322975e-17 0.0000000000e+00 
 -5.6308322975e-17 -2.7506510524e-31 0.0000000000e+00 
 0.0000000000e+00 0.0000000000e+00 2.6139541848e-02
 
Elt 2
 -1.1526824653e-02 1.9280697470e-17 -2.5937039344e-17 
 1.9280697470e-17 -3.3306690739e-16 1.0689088462e-16 
 -2.5937039344e-17 1.0689088462e-16 2.6139541848e-02
 
Elt 1
 -1.1592439922e-02 5.6628852335e-17 1.3493572840e-16 
 5.6628852335e-17 -2.7663088517e-31 -1.0182288857e-32 
 1.3493572840e-16 -1.0182288857e-32 2.6684115390e-02
 
Elt 2
 -1.1592439922e-02 3.5115585499e-17 1.1389892690e-16 
 3.5115585499e-17 4.0581356913e-31 1.1690681530e-16 
 1.1389892690e-16 1.1690681530e-16 2.6684115390e-02
 
Elt 1
 -1.1745954482e-02 -5.7378768095e-17 1.6610922281e-16 
 -5.7378768095e-17 -1.1102230246e-16 2.4454726815e-31 
 1.6610922281e-16 2.4454726815e-31 2.7228688931e-02
 
Elt 2
 -1.1745954482e-02 1.4586605977e-17 2.1323350219e-16 
 1.4586605977e-17 -2.2204460493e-16 1.7927076123e-16 
 2.1323350219e-16 1.7927076123e-16 2.7228688931e-02
 
Elt 1
 -1.2098196397e-02 0.0000000000e+00 0.0000000000e+00 
 0.0000000000e+00 0.0000000000e+00 0.0000000000e+00 
 0.0000000000e+00 0.0000000000e+00 2.7773262472e-02
 
Elt 2
 -1.2098196397e-02 -3.0841263125e-19 2.0452552028e-17 
 -3.0841263125e-19 -3.3306690739e-16 1.2160416249e-16 
 2.0452552028e-17 1.2160416249e-16 2.7773262472e-02
 
Elt 1
 -1.2509446932e-02 0.0000000000e+00 -1.2632805286e-16 
 0.0000000000e+00 0.0000000000e+00 0.0000000000e+00 
 -1.2632805286e-16 0.0000000000e+00 2.8317836014e-02
 
Elt 2
 -1.2509446932e-02 -2.2266376583e-17 -1.7330972970e-16 
 -2.2266376583e-17 -1.1102230246e-16 1.4550358626e-16 
 -1.7330972970e-16 1.4550358626e-16 2.8317836014e-02
 
Elt 1
 -1.2766826606e-02 1.1055739383e-16 -1.3366945018e-16 
 1.1055739383e-16 -1.1102230246e-16 1.3468010049e-32 
 -1.3366945018e-16 1.3468010049e-32 2.8862409555e-02
 
Elt 2
 -1.2766826606e-02 1.1626014492e-16 -1.3416288948e-16 
 1.1626014492e-16 -3.3306690739e-16 1.3055457767e-16 
 -1.3416288948e-16 1.3055457767e-16 2.8862409555e-02
 
Elt 1
 -1.2853537965e-02 0.0000000000e+00 0.0000000000e+00 
 0.0000000000e+00 0.0000000000e+00 0.0000000000e+00 
 0.0000000000e+00 0.0000000000e+00 2.9406983097e-02
 
Elt 2
 -1.2853537965e-02 -3.4331063783e-17 1.2524023027e-17 
 -3.4331063783e-17 -2.2204460493e-16 1.0728422743e-16 
 1.2524023027e-17 1.0728422743e-16 2.9406983097e-02
 
Elt 1
 -1.2969019197e-02 -5.7594014879e-17 1.3479848797e-16 
 -5.7594014879e-17 -1.1102230246e-16 1.5489333393e-32 
 1.3479848797e-16 1.5489333393e-32 2.9951556638e-02
 
Elt 2
 -1.2969019197e-02 5.6676841742e-18 7.5174443927e-17 
 5.6676841742e-18 -1.1102230246e-16 1.0759677849e-16 
 7.5174443927e-17 1.0759677849e-16 2.9951556638e-02
 
Elt 1
 -1.3274933788e-02 -1.1200984228e-16 1.4455287817e-16 
 -1.1200984228e-16 -1.1102230246e-16 3.6990979010e-31 
 1.4455287817e-16 3.6990979010e-31 3.0496130179e-02
 
Elt 2
 -1.3274933788e-02 -9.3575564896e-17 1.2906881021e-16 
 -9.3575564896e-17 -3.3306690739e-16 1.0745079756e-16 
 1.2906881021e-16 1.0745079756e-16 3.0496130179e-02
 
Elt 1
 -1.3690295710e-02 0.0000000000e+00 0.0000000000e+00 
 0.0000000000e+00 0.0000000000e+00 0.0000000000e+00 
 0.0000000000e+00 0.0000000000e+00 3.1040703721e-02
 
Elt 2
 -1.3690295710e-02 1.0949078196e-16 1.3579747102e-16 
 1.0949078196e-16 -4.7306557212e-31 1.1179104765e-16 
 1.3579747102e-16 1.1179104765e-16 3.1040703721e-02
 
Elt 1
 -1.3995760368e-02 5.5938295469e-17 -9.3774691955e-17 
 5.5938295469e-17 -1.1102230246e-16 1.1508286557e-31 
 -9.3774691955e-17 1.1508286557e-31 3.1585277262e-02
 
Elt 2
 -1.3995760368e-02 1.1132616672e-17 -6.5614360207e-17 
 1.1132616672e-17 -2.2204460493e-16 1.1637871067e-16 
 -6.5614360207e-17 1.1637871067e-16 3.1585277262e-02
 
Elt 1
 -1.4113820079e-02 0.0000000000e+00 -1.2474827332e-16 
 0.0000000000e+00 0.0000000000e+00 0.0000000000e+00 
 -1.2474827332e-16 0.0000000000e+00 3.2129850804e-02
 
Elt 2
 -1.4113820079e-02 5.0312047035e-18 -3.3025786085e-17 
 5.0312047035e-18 -1.1102230246e-16 1.1195781891e-16 
 -3.3025786085e-17 1.1195781891e-16 3.2129850804e-02
 
Elt 1
 -1.4206965465e-02 1.1041030118e-16 -1.0977635634e-16 
 1.1041030118e-16 -1.1102230246e-16 2.5853415641e-31 
 -1.0977635634e-16 2.5853415641e-31 3.2674424345e-02
 
Elt 2
 -1.4206965465e-02 3.7068678298e-17 -2.7602037994e-17 
 3.7068678298e-17 -4.4408920985e-16 1.0756235122e-16 
 -2.7602037994e-17 1.0756235122e-16 3.2674424345e-02
 
Elt 1
 -1.4468478466e-02 5.6221332736e-17 0.0000000000e+00 
 5.6221332736e-17 -2.1846376327e-31 0.0000000000e+00 
 0.0000000000e+00 0.0000000000e+00 3.3218997886e-02
 
Elt 2
 -1.4468478466e-02 -4.0480523019e-17 7.3153609744e-17 
 -4.0480523019e-17 -2.2204460493e-16 1.0278612286e-16 
 7.3153609744e-17 1.0278612286e-16 3.3218997886e-02
 
Elt 1
 -1.4874816989e-02 0.0000000000e+00 1.1386317149e-16 
 0.0000000000e+00 0.0000000000e+00 0.0000000000e+00 
 1.1386317149e-16 0.0000000000e+00 3.3763571428e-02
 
Elt 2
 -1.4874816989e-02 4.3972647540e-17 1.1404603483e-16 
 4.3972647540e-17 -1.1102230246e-16 1.1191578644e-16 
 1.1404603483e-16 1.1191578644e-16 3.3763571428e-02
 
Elt 1
 -1.5217053747e-02 -5.7440699686e-17 8.0305929400e-17 
 -5.7440699686e-17 -1.1102230246e-16 9.3141045230e-32 
 8.0305929400e-17 9.3141045230e-32 3.4308144969e-02
 
Elt 2
 -1.5217053747e-02 -1.0710645769e-17 5.3488969072e-17 
 -1.0710645769e-17 -3.3306690739e-16 1.1171347021e-16 
 5.3488969072e-17 1.1171347021e-16 3.4308144969e-02
 
Elt 1
 -1.5370411417e-02 5.8019587821e-17 0.0000000000e+00 
 5.8019587821e-17 -2.1900991975e-31 0.0000000000e+00 
 0.0000000000e+00 0.0000000000e+00 3.4852718511e-02
 
Elt 2
 -1.5370411417e-02 9.0829853080e-18 -8.7053879372e-17 
 9.0829853080e-18 -1.1102230246e-16 1.1663817784e-16 
 -8.7053879372e-17 1.1663817784e-16 3.4852718511e-02
 
Elt 1
 -1.5454512320e-02 0.0000000000e+00 -7.8046659617e-17 
 0.0000000000e+00 0.0000000000e+00 0.0000000000e+00 
 -7.8046659617e-17 0.0000000000e+00 3.5397292052e-02
 
Elt 2
 -1.5454512320e-02 -5.1576227202e-18 -6.6286817006e-17 
 -5.1576227202e-18 -1.1102230246e-16 1.1226175917e-16 
 -6.6286817006e-17 1.1226175917e-16 3.5397292052e-02
 
Elt 1
 -1.5677573524e-02 0.0000000000e+00 -7.9123835641e-17 
 0.0000000000e+00 0.0000000000e+00 0.0000000000e+00 
 -7.9123835641e-17 0.0000000000e+00 3.5941865593e-02
 
Elt 2
 -1.5677573524e-02 6.4974372514e-18 -9.3460284761e-17 
 6.4974372514e-18 -1.1102230246e-16 1.0757714650e-16 
 -9.3460284761e-17 1.0757714650e-16 3.5941865593e-02
 
Elt 1
 -1.6066904503e-02 5.7081111402e-17 0.0000000000e+00 
 5.7081111402e-17 -2.0279284528e-31 0.0000000000e+00 
 0.0000000000e+00 0.0000000000e+00 3.6486439135e-02
 
Elt 2
 -1.6066904503e-02 1.4618938072e-17 2.6265419934e-17 
 1.4618938072e-17 3.0225612458e-31 1.0730131754e-16 
 2.6265419934e-17 1.0730131754e-16 3.6486439135e-02
 
Elt 1
 -1.6434651081e-02 0.0000000000e+00 0.0000000000e+00 
 0.0000000000e+00 0.0000000000e+00 0.0000000000e+00 
 0.0000000000e+00 0.0000000000e+00 3.7031012676e-02
 
Elt 2
 -1.6434651081e-02 -8.0037530233e-19 1.1993623718e-16 
 -8.0037530233e-19 -2.2204460493e-16 1.0707706788e-16 
 1.1993623718e-16 1.0707706788e-16 3.7031012676e-02
 
Elt 1
 -1.6622563165e-02 0.0000000000e+00 1.2531382486e-16 
 0.0000000000e+00 0.0000000000e+00 0.0000000000e+00 
 1.2531382486e-16 0.0000000000e+00 3.7575586218e-02
 
Elt 2
 -1.6622563165e-02 2.9616348825e-17 1.7280620299e-16 
 2.9616348825e-17 6.7591403632e-31 1.6547093143e-16 
 1.7280620299e-16 1.6547093143e-16 3.7575586218e-02
 
Elt 1
 -1.6707470483e-02 5.5647055241e-17 8.7511398929e-17 
 5.5647055241e-17 -1.8534192594e-31 -8.8819298389e-32 
 8.7511398929e-17 -8.8819298389e-32 3.8120159759e-02
 
Elt 2
 -1.6707470483e-02 6.7628956111e-17 8.8926549384e-17 
 6.7628956111e-17 8.5009637970e-32 1.1694437835e-16 
 8.8926549384e-17 1.1694437835e-16 3.8120159759e-02
 
Elt 1
 -1.6899848050e-02 -5.6287801254e-17 0.0000000000e+00 
 -5.6287801254e-17 -1.8747603887e-31 0.0000000000e+00 
 0.0000000000e+00 0.0000000000e+00 3.8664733300e-02
 
Elt 2
 -1.6899848050e-02 -4.5781957107e-17 6.8895390788e-17 
 -4.5781957107e-17 -3.3306690739e-16 1.1233040878e-16 
 6.8895390788e-17 1.1233040878e-16 3.8664733300e-02
 
Elt 1
 -1.7268655789e-02 0.0000000000e+00 0.0000000000e+00 
 0.0000000000e+00 0.0000000000e+00 0.0000000000e+00 
 0.0000000000e+00 0.0000000000e+00 3.9209306842e-02
 
Elt 2
 -1.7268655789e-02 6.5241878479e-19 -3.5376088424e-17 
 6.5241878479e-19 -2.2204460493e-16 1.2623267279e-16 
 -3.5376088424e-17 1.2623267279e-16 3.9209306842e-02
 
Elt 1
 0.0000000000e+00 0.0000000000e+00 0.0000000000e+00 
 0.0000000000e+00 0.0000000000e+00 0.0000000000e+00 
 0.0000000000e+00 0.0000000000e+00 0.0000000000e+00
 
Elt 2
 0.0000000000e+00 0.0000000000e+00 0.0000000000e+00 
 0.0000000000e+00 0.0000000000e+00 0.0000000000e+00 
 0.0000000000e+00 0.0000000000e+00 0.0000000000e+00
 
Elt 1
 0.0000000000e+00 0.0000000000e+00 0.0000000000e+00 
 0.0000000000e+00 0.0000000000e+00 0.0000000000e+00 
 0.0000000000e+00 0.0000000000e+00 0.0000000000e+00
 
Elt 2
 -1.8242684906e-16 -8.6456848471e-17 1.1891555708e-16 
 -8.6456848471e-17 -3.9667047532e-16 1.4210737466e-16 
 1.1891555708e-16 1.4210737466e-16 -3.0908109532e-16
 
Elt 1
 -3.4859881284e-05 -5.6768245237e-06 5.7703838973e-06 
 -5.6768245237e-06 -4.6504251718e-05 -5.1653723233e-08 
 5.7703838973e-06 -5.1653723233e-08 5.4458536923e-04
 
Elt 2
 -3.4859881284e-05 -5.6768245237e-06 5.7703838973e-06 
 -5.6768245237e-06 -4.6504251719e-05 -5.1653723138e-08 
 5.7703838973e-06 -5.1653723138e-08 5.4458536923e-04
 
Elt 1
 -2.1524695864e-04 -3.1909796022e-05 3.4638932376e-05 
 -3.1909796022e-05 -2.8761927944e-04 -1.5418927300e-06 
 3.4638932376e-05 -1.5418927300e-06 1.0891577427e-03
 
Elt 2
 -2.1524695864e-04 -3.1909796022e-05 3.4638932376e-05 
 -3.1909796022e-05 -2.8761927944e-04 -1.5418927299e-06 
 3.4638932376e-05 -1.5418927299e-06 1.0891577427e-03
 
Elt 1
 -4.6472277926e-04 -5.5993023912e-05 7.0165791340e-05 
 -5.5993023912e-05 -6.2190598406e-04 -8.4052811882e-06 
 7.0165791340e-05 -8.4052811882e-06 1.6337274984e-03
 
Elt 2
 -4.6472277926e-04 -5.5993023912e-05 7.0165791340e-05 
 -5.5993023912e-05 -6.2190598406e-04 -8.4052811881e-06 
 7.0165791340e-05 -8.4052811881e-06 1.6337274984e-03
 
Elt 1
 -6.0792696168e-04 -4.7417663688e-05 8.0431396862e-05 
 -4.7417663688e-05 -8.1076582163e-04 -2.0967545968e-05 
 8.0431396862e-05 -2.0967545968e-05 2.1782991306e-03
 
Elt 2
 -6.0792696168e-04 -4.7417663688e-05 8.0431396863e-05 
 -4.7417663688e-05 -8.1076582163e-04 -2.0967545968e-05 
 8.0431396863e-05 -2.0967545968e-05 2.1782991306e-03
 
Elt 1
 -6.3943459906e-04 -2.5617103636e-05 6.8414855738e-05 
 -2.5617103636e-05 -8.3655811062e-04 -3.0141861958e-05 
 6.8414855738e-05 -3.0141861958e-05 2.7228739915e-03
 
Elt 2
 -6.3943459906e-04 -2.5617103636e-05 6.8414855738e-05 
 -2.5617103636e-05 -8.3655811062e-04 -3.0141861958e-05 
 6.8414855738e-05 -3.0141861958e-05 2.7228739915e-03
 
Elt 1
 -7.2676889192e-04 -4.0137865368e-05 7.0922699339e-05 
 -4.0137865368e-05 -9.2088527739e-04 -2.6118721780e-05 
 7.0922699339e-05 -2.6118721780e-05 3.2674474125e-03
 
Elt 2
 -7.2676889192e-04 -4.0137865367e-05 7.0922699339e-05 
 -4.0137865367e-05 -9.2088527739e-04 -2.6118721780e-05 
 7.0922699339e-05 -2.6118721780e-05 3.2674474125e-03
 
Elt 1
 -9.4734875210e-04 -9.4221596470e-05 1.0614946680e-04 
 -9.4221596470e-05 -1.1861514477e-03 -1.3181327926e-05 
 1.0614946680e-04 -1.3181327926e-05 3.8120152455e-03
 
Elt 2
 -9.4734875210e-04 -9.4221596470e-05 1.0614946680e-04 
 -9.4221596470e-05 -1.1861514477e-03 -1.3181327926e-05 
 1.0614946680e-04 -1.3181327926e-05 3.8120152455e-03
 
Elt 1
 -1.1651230087e-03 -1.2975878763e-04 1.4707049993e-04 
 -1.2975878763e-04 -1.4782059819e-03 -9.3435992510e-06 
 1.4707049993e-04 -9.3435992510e-06 4.3565785548e-03
 
Elt 2
 -1.1651230087e-03 -1.2975878763e-04 1.4707049993e-04 
 -1.2975878763e-04 -1.4782059819e-03 -9.3435992509e-06 
 1.4707049993e-04 -9.3435992509e-06 4.3565785548e-03
 
Elt 1
 -1.2421052030e-03 -1.0845990151e-04 1.6103777634e-04 
 -1.0845990151e-04 -1.6161722786e-03 -2.5870560423e-05 
 1.6103777634e-04 -2.5870560423e-05 4.9011472394e-03
 
Elt 2
 -1.2421052030e-03 -1.0845990151e-04 1.6103777634e-04 
 -1.0845990151e-04 -1.6161722786e-03 -2.5870560423e-05 
 1.6103777634e-04 -2.5870560423e-05 4.9011472394e-03
 
Elt 1
 -1.2579340020e-03 -7.2907595356e-05 1.5658752966e-04 
 -7.2907595356e-05 -1.6731104133e-03 -5.0910207083e-05 
 1.5658752966e-04 -5.0910207083e-05 5.4457202843e-03
 
Elt 2
 -1.2579340020e-03 -7.2907595356e-05 1.5658752966e-04 
 -7.2907595356e-05 -1.6731104133e-03 -5.0910207083e-05 
 1.5658752966e-04 -5.0910207083e-05 5.4457202843e-03
 
Elt 1
 -1.3878469071e-03 -8.8968140508e-05 1.6672752628e-04 
 -8.8968140508e-05 -1.8449616615e-03 -6.1714581311e-05 
 1.6672752628e-04 -6.1714581311e-05 5.9902893646e-03
 
Elt 2
 -1.3878469071e-03 -8.8968140508e-05 1.6672752628e-04 
 -8.8968140508e-05 -1.8449616615e-03 -6.1714581311e-05 
 1.6672752628e-04 -6.1714581311e-05 5.9902893646e-03
 
Elt 1
 -1.6323792021e-03 -1.5066545261e-04 1.9832399152e-04 
 -1.5066545261e-04 -2.1311165191e-03 -5.0830849336e-05 
 1.9832399152e-04 -5.0830849336e-05 6.5348526679e-03
 
Elt 2
 -1.6323792021e-03 -1.5066545261e-04 1.9832399152e-04 
 -1.5066545261e-04 -2.1311165191e-03 -5.0830849336e-05 
 1.9832399152e-04 -5.0830849336e-05 6.5348526679e-03
 
Elt 1
 -1.8178274833e-03 -1.8749433478e-04 2.2491161125e-04 
 -1.8749433478e-04 -2.3366133258e-03 -3.4196277520e-05 
 2.2491161125e-04 -3.4196277520e-05 7.0794164488e-03
 
Elt 2
 -1.8178274833e-03 -1.8749433478e-04 2.2491161125e-04 
 -1.8749433478e-04 -2.3366133258e-03 -3.4196277520e-05 
 2.2491161125e-04 -3.4196277520e-05 7.0794164488e-03
 
Elt 1
 -1.8674017429e-03 -1.6584544478e-04 2.3053491928e-04 
 -1.6584544478e-04 -2.3934404728e-03 -3.2216857002e-05 
 2.3053491928e-04 -3.2216857002e-05 7.6239875964e-03
 
Elt 2
 -1.8674017429e-03 -1.6584544478e-04 2.3053491928e-04 
 -1.6584544478e-04 -2.3934404728e-03 -3.2216857001e-05 
 2.3053491928e-04 -3.2216857001e-05 7.6239875964e-03
 
Elt 1
 -1.9171474367e-03 -1.3508649365e-04 2.3371683788e-04 
 -1.3508649365e-04 -2.4813075178e-03 -4.8118056682e-05 
 2.3371683788e-04 -4.8118056682e-05 8.1685584230e-03
 
Elt 2
 -1.9171474367e-03 -1.3508649365e-04 2.3371683788e-04 
 -1.3508649365e-04 -2.4813075178e-03 -4.8118056682e-05 
 2.3371683788e-04 -4.8118056682e-05 8.1685584230e-03
 
Elt 1
 -2.0950543044e-03 -1.5166205705e-04 2.5485574192e-04 
 -1.5166205705e-04 -2.7424455457e-03 -6.8530106170e-05 
 2.5485574192e-04 -6.8530106170e-05 8.7131193733e-03
 
Elt 2
 -2.0950543044e-03 -1.5166205705e-04 2.5485574192e-04 
 -1.5166205705e-04 -2.7424455457e-03 -6.8530106170e-05 
 2.5485574192e-04 -6.8530106170e-05 8.7131193733e-03
 
Elt 1
 -2.3211103842e-03 -1.9944100800e-04 2.8342998631e-04 
 -1.9944100800e-04 -3.0474376937e-03 -7.9310170588e-05 
 2.8342998631e-04 -7.9310170588e-05 9.2576761041e-03
 
Elt 2
 -2.3211103842e-03 -1.9944100800e-04 2.8342998631e-04 
 -1.9944100800e-04 -3.0474376937e-03 -7.9310170588e-05 
 2.8342998631e-04 -7.9310170588e-05 9.2576761041e-03
 
Elt 1
 -2.4420858589e-03 -2.2198903263e-04 2.9784197122e-04 
 -2.2198903263e-04 -3.1913233030e-03 -7.6310532103e-05 
 2.9784197122e-04 -7.6310532103e-05 9.8022418363e-03
 
Elt 2
 -2.4420858589e-03 -2.2198903263e-04 2.9784197122e-04 
 -2.2198903263e-04 -3.1913233030e-03 -7.6310532102e-05 
 2.9784197122e-04 -7.6310532102e-05 9.8022418363e-03
 
Elt 1
 -2.4781223754e-03 -2.0929443631e-04 3.0251890237e-04 
 -2.0929443631e-04 -3.2147217034e-03 -6.5336316586e-05 
 3.0251890237e-04 -6.5336316586e-05 1.0346814172e-02
 
Elt 2
 -2.4781223754e-03 -2.0929443631e-04 3.0251890237e-04 
 -2.0929443631e-04 -3.2147217034e-03 -6.5336316586e-05 
 3.0251890237e-04 -6.5336316586e-05 1.0346814172e-02
 
Elt 1
 -2.5840112188e-03 -2.0468348819e-04 3.1948583766e-04 
 -2.0468348819e-04 -3.3400325142e-03 -5.8038879081e-05 
 3.1948583766e-04 -5.8038879081e-05 1.0891378187e-02
 
Elt 2
 -2.5840112188e-03 -2.0468348819e-04 3.1948583766e-04 
 -2.0468348819e-04 -3.3400325142e-03 -5.8038879081e-05 
 3.1948583766e-04 -5.8038879081e-05 1.0891378187e-02
 
Elt 1
 -2.7952397406e-03 -2.3093580542e-04 3.4925200219e-04 
 -2.3093580542e-04 -3.6259852674e-03 -6.5499016716e-05 
 3.4925200219e-04 -6.5499016716e-05 1.1435931148e-02
 
Elt 2
 -2.7952397406e-03 -2.3093580542e-04 3.4925200219e-04 
 -2.3093580542e-04 -3.6259852674e-03 -6.5499016716e-05 
 3.4925200219e-04 -6.5499016716e-05 1.1435931148e-02
 
Elt 1
 -2.9739957720e-03 -2.5804892897e-04 3.6857547132e-04 
 -2.5804892897e-04 -3.8876792318e-03 -8.7541114893e-05 
 3.6857547132e-04 -8.7541114893e-05 1.1980487674e-02
 
Elt 2
 -2.9739957720e-03 -2.5804892897e-04 3.6857547132e-04 
 -2.5804892897e-04 -3.8876792318e-03 -8.7541114893e-05 
 3.6857547132e-04 -8.7541114893e-05 1.1980487674e-02
 
Elt 1
 -3.0388614918e-03 -2.5824337262e-04 3.7084142753e-04 
 -2.5824337262e-04 -3.9972526214e-03 -1.0764249920e-04 
 3.7084142753e-04 -1.0764249920e-04 1.2525055732e-02
 
Elt 2
 -3.0388614918e-03 -2.5824337262e-04 3.7084142753e-04 
 -2.5824337262e-04 -3.9972526214e-03 -1.0764249920e-04 
 3.7084142753e-04 -1.0764249920e-04 1.2525055732e-02
 
Elt 1
 -3.0962655678e-03 -2.5161922315e-04 3.7983028770e-04 
 -2.5161922315e-04 -4.0724092432e-03 -1.0753995946e-04 
 3.7983028770e-04 -1.0753995946e-04 1.3069622679e-02
 
Elt 2
 -3.0962655678e-03 -2.5161922315e-04 3.7983028770e-04 
 -2.5161922315e-04 -4.0724092432e-03 -1.0753995946e-04 
 3.7983028770e-04 -1.0753995946e-04 1.3069622679e-02
 
Elt 1
 -3.2628938886e-03 -2.6903905633e-04 4.1069127268e-04 
 -2.6903905633e-04 -4.2656055163e-03 -8.9841118361e-05 
 4.1069127268e-04 -8.9841118361e-05 1.3614175622e-02
 
Elt 2
 -3.2628938886e-03 -2.6903905633e-04 4.1069127268e-04 
 -2.6903905633e-04 -4.2656055163e-03 -8.9841118361e-05 
 4.1069127268e-04 -8.9841118361e-05 1.3614175622e-02
 
Elt 1
 -3.4769966955e-03 -2.9937548087e-04 4.4144576747e-04 
 -2.9937548087e-04 -4.5191582958e-03 -7.8638766687e-05 
 4.4144576747e-04 -7.8638766687e-05 1.4158725213e-02
 
Elt 2
 -3.4769966955e-03 -2.9937548087e-04 4.4144576747e-04 
 -2.9937548087e-04 -4.5191582958e-03 -7.8638766687e-05 
 4.4144576747e-04 -7.8638766687e-05 1.4158725213e-02
 
Elt 1
 -3.6049518798e-03 -3.0930093867e-04 4.4543732061e-04 
 -3.0930093867e-04 -4.6812214098e-03 -9.1646875429e-05 
 4.4543732061e-04 -9.1646875429e-05 1.4703293156e-02
 
Elt 2
 -3.6049518798e-03 -3.0930093867e-04 4.4543732061e-04 
 -3.0930093867e-04 -4.6812214098e-03 -9.1646875429e-05 
 4.4543732061e-04 -9.1646875429e-05 1.4703293156e-02
 
Elt 1
 -3.6603126633e-03 -2.9975736958e-04 4.3631816504e-04 
 -2.9975736958e-04 -4.7693162736e-03 -1.1717484728e-04 
 4.3631816504e-04 -1.1717484728e-04 1.5247869455e-02
 
Elt 2
 -3.6603126633e-03 -2.9975736958e-04 4.3631816504e-04 
 -2.9975736958e-04 -4.7693162736e-03 -1.1717484728e-04 
 4.3631816504e-04 -1.1717484728e-04 1.5247869455e-02
 
Elt 1
 -3.7697701500e-03 -3.0334573842e-04 4.5072039331e-04 
 -3.0334573842e-04 -4.9311263248e-03 -1.2890121136e-04 
 4.5072039331e-04 -1.2890121136e-04 1.5792427625e-02
 
Elt 2
 -3.7697701500e-03 -3.0334573842e-04 4.5072039331e-04 
 -3.0334573842e-04 -4.9311263248e-03 -1.2890121136e-04 
 4.5072039331e-04 -1.2890121136e-04 1.5792427625e-02
 
Elt 1
 -3.9565326849e-03 -3.3035849977e-04 4.9348366852e-04 
 -3.3035849977e-04 -5.1849081522e-03 -1.1946009146e-04 
 4.9348366852e-04 -1.1946009146e-04 1.6336963745e-02
 
Elt 2
 -3.9565326849e-03 -3.3035849976e-04 4.9348366852e-04 
 -3.3035849976e-04 -5.1849081522e-03 -1.1946009146e-04 
 4.9348366852e-04 -1.1946009146e-04 1.6336963745e-02
 
Elt 1
 -4.1080360015e-03 -3.5483750016e-04 5.2990761846e-04 
 -3.5483750016e-04 -5.3876776430e-03 -1.0850966856e-04 
 5.2990761846e-04 -1.0850966856e-04 1.6881503103e-02
 
Elt 2
 -4.1080360015e-03 -3.5483750016e-04 5.2990761846e-04 
 -3.5483750016e-04 -5.3876776430e-03 -1.0850966856e-04 
 5.2990761846e-04 -1.0850966856e-04 1.6881503103e-02
 
Elt 1
 -4.1745880652e-03 -3.5958026318e-04 5.3643678030e-04 
 -3.5958026318e-04 -5.4819686739e-03 -1.1582639296e-04 
 5.3643678030e-04 -1.1582639296e-04 1.7426068279e-02
 
Elt 2
 -4.1745880652e-03 -3.5958026318e-04 5.3643678030e-04 
 -3.5958026318e-04 -5.4819686739e-03 -1.1582639296e-04 
 5.3643678030e-04 -1.1582639296e-04 1.7426068279e-02
 
Elt 1
 -4.2573464331e-03 -3.6068184051e-04 5.3169123058e-04 
 -3.6068184051e-04 -5.5964140359e-03 -1.3639582534e-04 
 5.3169123058e-04 -1.3639582534e-04 1.7970641826e-02
 
Elt 2
 -4.2573464331e-03 -3.6068184051e-04 5.3169123058e-04 
 -3.6068184051e-04 -5.5964140359e-03 -1.3639582534e-04 
 5.3169123058e-04 -1.3639582534e-04 1.7970641826e-02
 
Elt 1
 -4.4365088080e-03 -3.7352328145e-04 5.4353373051e-04 
 -3.7352328145e-04 -5.8256986267e-03 -1.4946822233e-04 
 5.4353373051e-04 -1.4946822233e-04 1.8515199287e-02
 
Elt 2
 -4.4365088080e-03 -3.7352328145e-04 5.4353373051e-04 
 -3.7352328145e-04 -5.8256986267e-03 -1.4946822233e-04 
 5.4353373051e-04 -1.4946822233e-04 1.8515199287e-02
 
Elt 1
 -4.6356011794e-03 -3.8616922519e-04 5.6939775301e-04 
 -3.8616922519e-04 -6.0679617289e-03 -1.4501470107e-04 
 5.6939775301e-04 -1.4501470107e-04 1.9059745935e-02
 
Elt 2
 -4.6356011794e-03 -3.8616922519e-04 5.6939775301e-04 
 -3.8616922519e-04 -6.0679617289e-03 -1.4501470107e-04 
 5.6939775301e-04 -1.4501470107e-04 1.9059745935e-02
 
Elt 1
 -4.7484881760e-03 -3.8750055486e-04 5.8883601052e-04 
 -3.8750055486e-04 -6.1961812838e-03 -1.3319702344e-04 
 5.8883601052e-04 -1.3319702344e-04 1.9604300705e-02
 
Elt 2
 -4.7484881760e-03 -3.8750055486e-04 5.8883601052e-04 
 -3.8750055486e-04 -6.1961812838e-03 -1.3319702344e-04 
 5.8883601052e-04 -1.3319702344e-04 1.9604300705e-02
 
Elt 1
 -4.8093253508e-03 -3.9439224398e-04 5.9912750689e-04 
 -3.9439224398e-04 -6.2719305953e-03 -1.3037858807e-04 
 5.9912750689e-04 -1.3037858807e-04 2.0148863095e-02
 
Elt 2
 -4.8093253508e-03 -3.9439224398e-04 5.9912750689e-04 
 -3.9439224398e-04 -6.2719305953e-03 -1.3037858807e-04 
 5.9912750689e-04 -1.3037858807e-04 2.0148863095e-02
 
Elt 1
 -4.9242370838e-03 -4.2247608087e-04 6.1483048690e-04 
 -4.2247608087e-04 -6.4432838391e-03 -1.4278675669e-04 
 6.1483048690e-04 -1.4278675669e-04 2.0693414720e-02
 
Elt 2
 -4.9242370838e-03 -4.2247608087e-04 6.1483048690e-04 
 -4.2247608087e-04 -6.4432838391e-03 -1.4278675669e-04 
 6.1483048690e-04 -1.4278675669e-04 2.0693414720e-02
 
Elt 1
 -5.0942800443e-03 -4.5043393082e-04 6.3957285925e-04 
 -4.5043393082e-04 -6.7043751328e-03 -1.6332936068e-04 
 6.3957285925e-04 -1.6332936068e-04 2.1237951762e-02
 
Elt 2
 -5.0942800443e-03 -4.5043393082e-04 6.3957285925e-04 
 -4.5043393082e-04 -6.7043751328e-03 -1.6332936068e-04 
 6.3957285925e-04 -1.6332936068e-04 2.1237951762e-02
 
Elt 1
 -5.2300268753e-03 -4.4819721397e-04 6.6140696299e-04 
 -4.4819721397e-04 -6.9145440728e-03 -1.7852257090e-04 
 6.6140696299e-04 -1.7852257090e-04 2.1782492493e-02
 
Elt 2
 -5.2300268753e-03 -4.4819721397e-04 6.6140696299e-04 
 -4.4819721397e-04 -6.9145440728e-03 -1.7852257090e-04 
 6.6140696299e-04 -1.7852257090e-04 2.1782492493e-02
 
Elt 1
 -5.3152565557e-03 -4.2976886737e-04 6.7478928074e-04 
 -4.2976886737e-04 -7.0272706929e-03 -1.7882860793e-04 
 6.7478928074e-04 -1.7882860793e-04 2.2327048564e-02
 
Elt 2
 -5.3152565557e-03 -4.2976886737e-04 6.7478928074e-04 
 -4.2976886737e-04 -7.0272706929e-03 -1.7882860793e-04 
 6.7478928074e-04 -1.7882860793e-04 2.2327048564e-02
 
Elt 1
 -5.4287000787e-03 -4.3871164534e-04 6.8704779086e-04 
 -4.3871164534e-04 -7.1426992211e-03 -1.6749406666e-04 
 6.8704779086e-04 -1.6749406666e-04 2.2871609780e-02
 
Elt 2
