
b:
0001 0000 0000 
0000 0001 0000 
0000 0000 0001 


F:
0001 0000 0000 
0000 0001 0000 
0000 0000 0001 



b:
0001 0000 0000 
0000 0001 0000 
0000 0000 0001 


F:
0001 0000 0000 
0000 0001 0000 
0000 0000 0001 



b:
0001 0000 0000 
0000 0001 0000 
0000 0000 0001 


F:
0001 0000 0000 
0000 0001 0000 
0000 0000 0001 



b:
0001 0000 0000 
0000 0001 0000 
0000 0000 0001 


F:
0001 0000 0000 
0000 0001 0000 
0000 0000 0001 



b:
0001 0000 0000 
0000 0001 0000 
0000 0000 0001 


F:
0001 0000 0000 
0000 0001 0000 
0000 0000 0001 



b:
0001 -2.7756e-17 0000 
-2.7756e-17 1.0000e+00 -1.0893e-05 
0000 -1.0893e-05 0001 


F:
0001 0000 0000 
-2.7756e-17 0001 -1.0893e-05 
0000 0000 0001 



b:
1.0000e+00 4.2377e-22 -5.5732e-18 
4.2377e-22 1.0000e+00 -2.1719e-05 
-5.5732e-18 -2.1719e-05 1.0000e+00 


F:
1.0000e+00 0000 -1.9451e-17 
0000 0001 -2.1787e-05 
1.3878e-17 6.7345e-08 1.0000e+00 



b:
1.0000e+00 -2.9913e-09 -8.3653e-14 
-2.9913e-09 1.0000e+00 -3.2413e-05 
-8.3653e-14 -3.2413e-05 1.0000e+00 


F:
1.0000e+00 -2.9913e-09 -8.2869e-14 
0000 0001 -3.2680e-05 
1.3878e-17 2.6661e-07 1.0000e+00 



b:
1.0000e+00 -1.6549e-08 -6.3801e-13 
-1.6549e-08 1.0000e+00 -4.2916e-05 
-6.3801e-13 -4.2916e-05 1.0000e+00 


F:
1.0000e+00 -1.6549e-08 -6.2784e-13 
0000 0001 -4.3573e-05 
7.0777e-16 6.5725e-07 1.0000e+00 



b:
1.0000e+00 -5.4067e-08 -2.6684e-12 
-5.4067e-08 1.0000e+00 -5.3174e-05 
-2.6684e-12 -5.3174e-05 1.0000e+00 


F:
1.0000e+00 -5.4067e-08 -2.6053e-12 
2.7756e-17 1.0000e+00 -5.4466e-05 
6.6752e-15 1.2915e-06 1.0000e+00 



b:
1.0000e+00 -1.3554e-07 -8.1837e-12 
-1.3554e-07 1.0000e+00 -6.3146e-05 
-8.1837e-12 -6.3146e-05 9.9999e-01 


F:
1.0000e+00 -1.3554e-07 -7.9180e-12 
0000 0001 -6.5359e-05 
3.4139e-14 2.2124e-06 1.0000e+00 



b:
1.0000e+00 -2.8783e-07 -2.0617e-11 
-2.8783e-07 1.0000e+00 -7.2798e-05 
-2.0617e-11 -7.2798e-05 9.9999e-01 


F:
1.0000e+00 -2.8783e-07 -1.9750e-11 
2.7756e-17 0001 -7.6251e-05 
1.2594e-13 3.4524e-06 1.0000e+00 



b:
1.0000e+00 -5.4433e-07 -4.5240e-11 
-5.4433e-07 1.0000e+00 -8.2110e-05 
-4.5240e-11 -8.2110e-05 9.9999e-01 


F:
1.0000e+00 -5.4433e-07 -4.2877e-11 
0000 1.0000e+00 -8.7143e-05 
3.7612e-13 5.0325e-06 9.9999e-01 



b:
1.0000e+00 -9.4409e-07 -8.9513e-11 
-9.4409e-07 1.0000e+00 -9.1072e-05 
-8.9513e-11 -9.1072e-05 9.9998e-01 


F:
1.0000e+00 -9.4409e-07 -8.3907e-11 
0000 0001 -9.8034e-05 
9.6535e-13 6.9611e-06 9.9999e-01 



b:
1.0000e+00 -1.5304e-06 -1.6333e-10 
-1.5304e-06 1.0000e+00 -9.9689e-05 
-1.6333e-10 -9.9689e-05 9.9997e-01 


F:
1.0000e+00 -1.5304e-06 -1.5140e-10 
0000 0001 -1.0892e-04 
2.2081e-12 9.2342e-06 9.9999e-01 



b:
1.0000e+00 -2.3487e-06 -2.7907e-10 
-2.3487e-06 1.0000e+00 -1.0798e-04 
-2.7907e-10 -1.0798e-04 9.9997e-01 


F:
1.0000e+00 -2.3487e-06 -2.5588e-10 
0000 0001 -1.1981e-04 
4.6111e-12 1.1836e-05 9.9998e-01 



b:
1.0000e+00 -3.4446e-06 -4.5147e-10 
-3.4446e-06 1.0000e+00 -1.1596e-04 
-4.5147e-10 -1.1596e-04 9.9996e-01 


F:
1.0000e+00 -3.4446e-06 -4.0966e-10 
0000 1.0000e+00 -1.3070e-04 
8.9405e-12 1.4738e-05 9.9998e-01 



b:
1.0000e+00 -4.8608e-06 -6.9724e-10 
-4.8608e-06 1.0000e+00 -1.2368e-04 
-6.9724e-10 -1.2368e-04 9.9995e-01 


F:
1.0000e+00 -4.8608e-06 -6.2653e-10 
0000 0001 -1.4159e-04 
1.6294e-11 1.7903e-05 9.9998e-01 



b:
1.0000e+00 -6.6348e-06 -1.0344e-09 
-6.6348e-06 1.0000e+00 -1.3118e-04 
-1.0344e-09 -1.3118e-04 9.9994e-01 


F:
1.0000e+00 -6.6348e-06 -9.2137e-10 
0000 0001 -1.5247e-04 
2.8174e-11 2.1284e-05 9.9997e-01 



b:
1.0000e+00 -8.7957e-06 -1.4813e-09 
-8.7957e-06 1.0000e+00 -1.3852e-04 
-1.4813e-09 -1.3852e-04 9.9993e-01 


F:
1.0000e+00 -8.7957e-06 -1.3096e-09 
0000 0001 -1.6335e-04 
4.6551e-11 2.4829e-05 9.9997e-01 



b:
1.0000e+00 -1.1362e-05 -2.0559e-09 
-1.1362e-05 1.0000e+00 -1.4575e-04 
-2.0559e-09 -1.4575e-04 9.9992e-01 


F:
1.0000e+00 -1.1362e-05 -1.8064e-09 
0000 0001 -1.7423e-04 
7.3919e-11 2.8477e-05 9.9996e-01 



b:
1.0000e+00 -1.4339e-05 -2.7741e-09 
-1.4339e-05 1.0000e+00 -1.5293e-04 
-2.7741e-09 -1.5293e-04 9.9991e-01 


F:
1.0000e+00 -1.4339e-05 -2.4262e-09 
-2.7756e-17 0001 -1.8511e-04 
1.1332e-10 3.2170e-05 9.9996e-01 



b:
1.0000e+00 -1.7718e-05 -3.6488e-09 
-1.7718e-05 1.0000e+00 -1.6013e-04 
-3.6488e-09 -1.6013e-04 9.9990e-01 


F:
1.0000e+00 -1.7718e-05 -3.1822e-09 
0000 1.0000e+00 -1.9598e-04 
1.6836e-10 3.5844e-05 9.9995e-01 



b:
1.0000e+00 -2.1472e-05 -4.6888e-09 
-2.1472e-05 1.0000e+00 -1.6740e-04 
-4.6888e-09 -1.6740e-04 9.9989e-01 


F:
1.0000e+00 -2.1472e-05 -4.0853e-09 
0000 0001 -2.0686e-04 
2.4316e-10 3.9440e-05 9.9995e-01 



b:
1.0000e+00 -2.5560e-05 -5.8977e-09 
-2.5560e-05 1.0000e+00 -1.7481e-04 
-5.8977e-09 -1.7481e-04 9.9988e-01 


F:
1.0000e+00 -2.5560e-05 -5.1436e-09 
0000 1.0000e+00 -2.1773e-04 
3.4226e-10 4.2903e-05 9.9994e-01 



b:
1.0000e+00 -2.9923e-05 -7.2734e-09 
-2.9923e-05 1.0000e+00 -1.8240e-04 
-7.2734e-09 -1.8240e-04 9.9987e-01 


F:
1.0000e+00 -2.9923e-05 -6.3625e-09 
0000 0001 -2.2859e-04 
4.7056e-10 4.6183e-05 9.9994e-01 



b:
1.0000e+00 -3.4486e-05 -8.8079e-09 
-3.4486e-05 1.0000e+00 -1.9021e-04 
-8.8079e-09 -1.9021e-04 9.9987e-01 


F:
1.0000e+00 -3.4486e-05 -7.7435e-09 
0000 0001 -2.3946e-04 
6.3310e-10 4.9236e-05 9.9993e-01 



b:
1.0000e+00 -3.9163e-05 -1.0487e-08 
-3.9163e-05 1.0000e+00 -1.9828e-04 
-1.0487e-08 -1.9828e-04 9.9986e-01 


F:
1.0000e+00 -3.9163e-05 -9.2849e-09 
0000 0001 -2.5032e-04 
8.3487e-10 5.2030e-05 9.9993e-01 



b:
1.0000e+00 -4.3853e-05 -1.2291e-08 
-4.3853e-05 1.0000e+00 -2.0663e-04 
-1.2291e-08 -2.0663e-04 9.9985e-01 


F:
1.0000e+00 -4.3853e-05 -1.0981e-08 
0000 0001 -2.6118e-04 
1.0805e-09 5.4539e-05 9.9993e-01 



b:
1.0000e+00 -4.8450e-05 -1.4197e-08 
-4.8450e-05 1.0000e+00 -2.1527e-04 
-1.4197e-08 -2.1527e-04 9.9984e-01 


F:
1.0000e+00 -4.8450e-05 -1.2823e-08 
0000 0001 -2.7204e-04 
1.3742e-09 5.6750e-05 9.9992e-01 



b:
1.0000e+00 -5.2842e-05 -1.6177e-08 
-5.2842e-05 1.0000e+00 -2.2422e-04 
-1.6177e-08 -2.2422e-04 9.9984e-01 


F:
1.0000e+00 -5.2842e-05 -1.4798e-08 
0000 0001 -2.8290e-04 
1.7191e-09 5.8660e-05 9.9992e-01 



b:
1.0000e+00 -5.6918e-05 -1.8203e-08 
-5.6918e-05 1.0000e+00 -2.3346e-04 
-1.8203e-08 -2.3346e-04 9.9984e-01 


F:
1.0000e+00 -5.6918e-05 -1.6891e-08 
0000 0001 -2.9376e-04 
2.1173e-09 6.0275e-05 9.9992e-01 



b:
1.0000e+00 -6.0569e-05 -2.0245e-08 
-6.0569e-05 1.0000e+00 -2.4297e-04 
-2.0245e-08 -2.4297e-04 9.9983e-01 


F:
1.0000e+00 -6.0569e-05 -1.9084e-08 
0000 0001 -3.0461e-04 
2.5694e-09 6.1614e-05 9.9992e-01 



b:
1.0000e+00 -6.3696e-05 -2.2276e-08 
-6.3696e-05 1.0000e+00 -2.5274e-04 
-2.2276e-08 -2.5274e-04 9.9983e-01 


F:
1.0000e+00 -6.3696e-05 -2.1358e-08 
0000 0001 -3.1547e-04 
3.0741e-09 6.2701e-05 9.9991e-01 



b:
1.0000e+00 -6.6215e-05 -2.4271e-08 
-6.6215e-05 1.0000e+00 -2.6272e-04 
-2.4271e-08 -2.6272e-04 9.9983e-01 


F:
1.0000e+00 -6.6215e-05 -2.3693e-08 
0000 1.0000e+00 -3.2632e-04 
3.6285e-09 6.3571e-05 9.9991e-01 



b:
1.0000e+00 -6.8056e-05 -2.6210e-08 
-6.8056e-05 1.0000e+00 -2.7288e-04 
-2.6210e-08 -2.7288e-04 9.9982e-01 


F:
1.0000e+00 -6.8056e-05 -2.6066e-08 
0000 0001 -3.3717e-04 
4.2272e-09 6.4263e-05 9.9991e-01 



b:
1.0001e+00 -6.9171e-05 -2.8075e-08 
-6.9171e-05 1.0000e+00 -2.8317e-04 
-2.8075e-08 -2.8317e-04 9.9982e-01 


F:
1.0000e+00 -6.9171e-05 -2.8457e-08 
0000 0001 -3.4803e-04 
4.8630e-09 6.4824e-05 9.9991e-01 



b:
1.0001e+00 -6.9537e-05 -2.9858e-08 
-6.9537e-05 1.0000e+00 -2.9355e-04 
-2.9858e-08 -2.9355e-04 9.9982e-01 


F:
1.0000e+00 -6.9537e-05 -3.0846e-08 
0000 0001 -3.5888e-04 
5.5263e-09 6.5300e-05 9.9991e-01 



b:
1.0001e+00 -6.9155e-05 -3.1552e-08 
-6.9155e-05 1.0000e+00 -3.0395e-04 
-3.1552e-08 -3.0395e-04 9.9982e-01 


F:
1.0000e+00 -6.9155e-05 -3.3215e-08 
0000 0001 -3.6973e-04 
6.2058e-09 6.5742e-05 9.9991e-01 



b:
1.0000e+00 -6.8054e-05 -3.3160e-08 
-6.8054e-05 1.0000e+00 -3.1435e-04 
-3.3160e-08 -3.1435e-04 9.9982e-01 


F:
1.0000e+00 -6.8054e-05 -3.5546e-08 
0000 0001 -3.8058e-04 
6.8882e-09 6.6199e-05 9.9991e-01 



b:
1.0000e+00 -6.6289e-05 -3.4686e-08 
-6.6289e-05 1.0000e+00 -3.2468e-04 
-3.4686e-08 -3.2468e-04 9.9982e-01 


F:
1.0000e+00 -6.6289e-05 -3.7826e-08 
-2.7756e-17 0001 -3.9143e-04 
7.5591e-09 6.6717e-05 9.9991e-01 



b:
1.0000e+00 -6.3943e-05 -3.6141e-08 
-6.3943e-05 1.0000e+00 -3.3491e-04 
-3.6141e-08 -3.3491e-04 9.9982e-01 


F:
1.0000e+00 -6.3943e-05 -4.0042e-08 
0000 0001 -4.0228e-04 
8.2031e-09 6.7339e-05 9.9991e-01 



b:
1.0000e+00 -6.1122e-05 -3.7542e-08 
-6.1122e-05 1.0000e+00 -3.4499e-04 
-3.7542e-08 -3.4499e-04 9.9981e-01 


F:
1.0000e+00 -6.1122e-05 -4.2188e-08 
0000 1.0000e+00 -4.1313e-04 
8.8045e-09 6.8105e-05 9.9991e-01 



b:
1.0000e+00 -5.7955e-05 -3.8904e-08 
-5.7955e-05 1.0000e+00 -3.5490e-04 
-3.8904e-08 -3.5490e-04 9.9981e-01 


F:
1.0000e+00 -5.7955e-05 -4.4255e-08 
0000 0001 -4.2398e-04 
9.3481e-09 6.9045e-05 9.9991e-01 



b:
1.0000e+00 -5.4586e-05 -4.0250e-08 
-5.4586e-05 1.0000e+00 -3.6461e-04 
-4.0250e-08 -3.6461e-04 9.9981e-01 


F:
1.0000e+00 -5.4586e-05 -4.6243e-08 
0000 1.0000e+00 -4.3483e-04 
9.8196e-09 7.0185e-05 9.9990e-01 



b:
1.0000e+00 -5.1172e-05 -4.1600e-08 
-5.1172e-05 1.0000e+00 -3.7410e-04 
-4.1600e-08 -3.7410e-04 9.9980e-01 


F:
1.0000e+00 -5.1172e-05 -4.8150e-08 
0000 0001 -4.4568e-04 
1.0206e-08 7.1542e-05 9.9990e-01 



b:
1.0000e+00 -4.7878e-05 -4.2976e-08 
-4.7878e-05 1.0000e+00 -3.8336e-04 
-4.2976e-08 -3.8336e-04 9.9980e-01 


F:
1.0000e+00 -4.7878e-05 -4.9979e-08 
0000 1.0000e+00 -4.5653e-04 
1.0499e-08 7.3127e-05 9.9990e-01 



b:
1.0000e+00 -4.4870e-05 -4.4401e-08 
-4.4870e-05 1.0000e+00 -3.9239e-04 
-4.4401e-08 -3.9239e-04 9.9980e-01 


F:
1.0000e+00 -4.4870e-05 -5.1734e-08 
0000 1.0000e+00 -4.6738e-04 
1.0689e-08 7.4939e-05 9.9990e-01 



b:
1.0000e+00 -4.2308e-05 -4.5896e-08 
-4.2308e-05 1.0000e+00 -4.0120e-04 
-4.5896e-08 -4.0120e-04 9.9979e-01 


F:
1.0000e+00 -4.2308e-05 -5.3420e-08 
0000 0001 -4.7822e-04 
1.0776e-08 7.6975e-05 9.9989e-01 



b:
1.0000e+00 -4.0343e-05 -4.7478e-08 
-4.0343e-05 1.0000e+00 -4.0979e-04 
-4.7478e-08 -4.0979e-04 9.9978e-01 


F:
1.0000e+00 -4.0343e-05 -5.5046e-08 
0000 0001 -4.8907e-04 
1.0758e-08 7.9220e-05 9.9989e-01 



b:
1.0000e+00 -3.9105e-05 -4.9165e-08 
-3.9105e-05 1.0000e+00 -4.1820e-04 
-4.9165e-08 -4.1820e-04 9.9978e-01 


F:
1.0000e+00 -3.9105e-05 -5.6620e-08 
2.7756e-17 0001 -4.9991e-04 
1.0642e-08 8.1656e-05 9.9989e-01 



b:
1.0000e+00 -3.8707e-05 -5.0967e-08 
-3.8707e-05 1.0000e+00 -4.2644e-04 
-5.0967e-08 -4.2644e-04 9.9977e-01 


F:
1.0000e+00 -3.8707e-05 -5.8150e-08 
0000 0001 -5.1075e-04 
1.0438e-08 8.4258e-05 9.9988e-01 



b:
1.0000e+00 -3.9231e-05 -5.2894e-08 
-3.9231e-05 1.0000e+00 -4.3453e-04 
-5.2894e-08 -4.3453e-04 9.9976e-01 


F:
1.0000e+00 -3.9231e-05 -5.9648e-08 
0000 0001 -5.2159e-04 
1.0160e-08 8.6998e-05 9.9988e-01 



b:
1.0000e+00 -4.0729e-05 -5.4949e-08 
-4.0729e-05 1.0000e+00 -4.4252e-04 
-5.4949e-08 -4.4252e-04 9.9975e-01 


F:
1.0000e+00 -4.0729e-05 -6.1124e-08 
0000 1.0000e+00 -5.3243e-04 
9.8270e-09 8.9845e-05 9.9988e-01 



b:
1.0000e+00 -4.3223e-05 -5.7130e-08 
-4.3223e-05 1.0000e+00 -4.5044e-04 
-5.7130e-08 -4.5044e-04 9.9975e-01 


F:
1.0000e+00 -4.3223e-05 -6.2591e-08 
0000 0001 -5.4327e-04 
9.4626e-09 9.2765e-05 9.9987e-01 



b:
1.0000e+00 -4.6695e-05 -5.9432e-08 
-4.6695e-05 1.0000e+00 -4.5831e-04 
-5.9432e-08 -4.5831e-04 9.9974e-01 


F:
1.0000e+00 -4.6695e-05 -6.4063e-08 
-2.7756e-17 0001 -5.5411e-04 
9.0925e-09 9.5725e-05 9.9987e-01 



b:
1.0000e+00 -5.1098e-05 -6.1843e-08 
-5.1098e-05 1.0000e+00 -4.6617e-04 
-6.1843e-08 -4.6617e-04 9.9973e-01 


F:
1.0000e+00 -5.1098e-05 -6.5554e-08 
0000 0001 -5.6494e-04 
8.7452e-09 9.8691e-05 9.9987e-01 



b:
1.0000e+00 -5.6345e-05 -6.4349e-08 
-5.6345e-05 1.0000e+00 -4.7406e-04 
-6.4349e-08 -4.7406e-04 9.9972e-01 


F:
1.0000e+00 -5.6345e-05 -6.7083e-08 
0000 0001 -5.7577e-04 
8.4509e-09 1.0163e-04 9.9986e-01 



b:
1.0000e+00 -6.2324e-05 -6.6935e-08 
-6.2324e-05 1.0000e+00 -4.8200e-04 
-6.6935e-08 -4.8200e-04 9.9971e-01 


F:
1.0000e+00 -6.2324e-05 -6.8671e-08 
2.7756e-17 0001 -5.8660e-04 
8.2399e-09 1.0452e-04 9.9986e-01 



b:
1.0001e+00 -6.8890e-05 -6.9581e-08 
-6.8890e-05 1.0000e+00 -4.9001e-04 
-6.9581e-08 -4.9001e-04 9.9971e-01 


F:
1.0000e+00 -6.8890e-05 -7.0340e-08 
-2.7756e-17 0001 -5.9743e-04 
8.1419e-09 1.0733e-04 9.9985e-01 



b:
1.0001e+00 -7.5879e-05 -7.2271e-08 
-7.5879e-05 1.0000e+00 -4.9813e-04 
-7.2271e-08 -4.9813e-04 9.9970e-01 


F:
1.0000e+00 -7.5879e-05 -7.2117e-08 
0000 0001 -6.0825e-04 
8.1847e-09 1.1004e-04 9.9985e-01 



b:
1.0001e+00 -8.3107e-05 -7.4989e-08 
-8.3107e-05 1.0000e+00 -5.0636e-04 
-7.4989e-08 -5.0636e-04 9.9969e-01 


F:
1.0000e+00 -8.3107e-05 -7.4034e-08 
0000 0001 -6.1908e-04 
8.3927e-09 1.1263e-04 9.9985e-01 



b:
1.0001e+00 -9.0381e-05 -7.7725e-08 
-9.0381e-05 1.0000e+00 -5.1471e-04 
-7.7725e-08 -5.1471e-04 9.9969e-01 


F:
1.0000e+00 -9.0381e-05 -7.6122e-08 
0000 0001 -6.2990e-04 
8.7862e-09 1.1509e-04 9.9984e-01 



b:
1.0001e+00 -9.7500e-05 -8.0474e-08 
-9.7500e-05 1.0000e+00 -5.2321e-04 
-8.0474e-08 -5.2321e-04 9.9968e-01 


F:
1.0000e+00 -9.7500e-05 -7.8419e-08 
0000 0001 -6.4072e-04 
9.3799e-09 1.1741e-04 9.9984e-01 



b:
1.0001e+00 -1.0427e-04 -8.3237e-08 
-1.0427e-04 1.0000e+00 -5.3184e-04 
-8.3237e-08 -5.3184e-04 9.9967e-01 


F:
1.0000e+00 -1.0427e-04 -8.0963e-08 
0000 1.0000e+00 -6.5154e-04 
1.0183e-08 1.1959e-04 9.9984e-01 



b:
1.0001e+00 -1.1051e-04 -8.6024e-08 
-1.1051e-04 1.0000e+00 -5.4062e-04 
-8.6024e-08 -5.4062e-04 9.9967e-01 


F:
1.0000e+00 -1.1051e-04 -8.3794e-08 
2.7756e-17 0001 -6.6236e-04 
1.1196e-08 1.2163e-04 9.9983e-01 



b:
1.0001e+00 -1.1604e-04 -8.8855e-08 
-1.1604e-04 1.0000e+00 -5.4953e-04 
-8.8855e-08 -5.4953e-04 9.9966e-01 


F:
1.0000e+00 -1.1604e-04 -8.6950e-08 
0000 0001 -6.7317e-04 
1.2414e-08 1.2353e-04 9.9983e-01 



b:
1.0001e+00 -1.2071e-04 -9.1755e-08 
-1.2071e-04 1.0000e+00 -5.5857e-04 
-9.1755e-08 -5.5857e-04 9.9966e-01 


F:
1.0000e+00 -1.2071e-04 -9.0470e-08 
2.7756e-17 0001 -6.8399e-04 
1.3825e-08 1.2531e-04 9.9983e-01 



b:
1.0001e+00 -1.2442e-04 -9.4758e-08 
-1.2442e-04 1.0000e+00 -5.6772e-04 
-9.4758e-08 -5.6772e-04 9.9965e-01 


F:
1.0000e+00 -1.2442e-04 -9.4385e-08 
0000 1.0000e+00 -6.9480e-04 
1.5407e-08 1.2696e-04 9.9983e-01 



b:
1.0001e+00 -1.2707e-04 -9.7902e-08 
-1.2707e-04 1.0000e+00 -5.7698e-04 
-9.7902e-08 -5.7698e-04 9.9965e-01 


F:
1.0000e+00 -1.2707e-04 -9.8723e-08 
0000 0001 -7.0562e-04 
1.7133e-08 1.2851e-04 9.9982e-01 



b:
1.0001e+00 -1.2862e-04 -1.0123e-07 
-1.2862e-04 1.0000e+00 -5.8633e-04 
-1.0123e-07 -5.8633e-04 9.9964e-01 


F:
1.0000e+00 -1.2862e-04 -1.0350e-07 
0000 0001 -7.1643e-04 
1.8971e-08 1.2997e-04 9.9982e-01 



b:
1.0001e+00 -1.2904e-04 -1.0478e-07 
-1.2904e-04 1.0000e+00 -5.9575e-04 
-1.0478e-07 -5.9575e-04 9.9964e-01 


F:
1.0000e+00 -1.2904e-04 -1.0873e-07 
-2.7756e-17 0001 -7.2724e-04 
2.0882e-08 1.3136e-04 9.9982e-01 



b:
1.0001e+00 -1.2837e-04 -1.0859e-07 
-1.2837e-04 1.0000e+00 -6.0523e-04 
-1.0859e-07 -6.0523e-04 9.9964e-01 


F:
1.0000e+00 -1.2837e-04 -1.1440e-07 
0000 0001 -7.3805e-04 
2.2823e-08 1.3268e-04 9.9982e-01 



b:
1.0001e+00 -1.2667e-04 -1.1270e-07 
-1.2667e-04 1.0000e+00 -6.1476e-04 
-1.1270e-07 -6.1476e-04 9.9963e-01 


F:
1.0000e+00 -1.2667e-04 -1.2050e-07 
0000 1.0000e+00 -7.4886e-04 
2.4749e-08 1.3396e-04 9.9982e-01 



b:
1.0001e+00 -1.2404e-04 -1.1712e-07 
-1.2404e-04 1.0000e+00 -6.2431e-04 
-1.1712e-07 -6.2431e-04 9.9963e-01 


F:
1.0000e+00 -1.2404e-04 -1.2699e-07 
0000 0001 -7.5966e-04 
2.6616e-08 1.3521e-04 9.9982e-01 



b:
1.0001e+00 -1.2061e-04 -1.2187e-07 
-1.2061e-04 1.0000e+00 -6.3387e-04 
-1.2187e-07 -6.3387e-04 9.9963e-01 


F:
1.0000e+00 -1.2061e-04 -1.3382e-07 
0000 0001 -7.7047e-04 
2.8378e-08 1.3645e-04 9.9981e-01 



b:
1.0001e+00 -1.1654e-04 -1.2694e-07 
-1.1654e-04 1.0000e+00 -6.4344e-04 
-1.2694e-07 -6.4344e-04 9.9962e-01 


F:
1.0000e+00 -1.1654e-04 -1.4092e-07 
0000 0001 -7.8128e-04 
2.9994e-08 1.3769e-04 9.9981e-01 



b:
1.0001e+00 -1.1202e-04 -1.3231e-07 
-1.1202e-04 1.0000e+00 -6.5299e-04 
-1.3231e-07 -6.5299e-04 9.9962e-01 


F:
1.0000e+00 -1.1202e-04 -1.4820e-07 
0000 0001 -7.9208e-04 
3.1425e-08 1.3894e-04 9.9981e-01 



b:
1.0001e+00 -1.0724e-04 -1.3794e-07 
-1.0724e-04 1.0000e+00 -6.6252e-04 
-1.3794e-07 -6.6252e-04 9.9962e-01 


F:
1.0000e+00 -1.0724e-04 -1.5557e-07 
0000 0001 -8.0289e-04 
3.2641e-08 1.4021e-04 9.9981e-01 



b:
1.0001e+00 -1.0242e-04 -1.4377e-07 
-1.0242e-04 1.0000e+00 -6.7201e-04 
-1.4377e-07 -6.7201e-04 9.9961e-01 


F:
1.0000e+00 -1.0242e-04 -1.6292e-07 
0000 0001 -8.1369e-04 
3.3614e-08 1.4152e-04 9.9981e-01 



b:
1.0001e+00 -9.7751e-05 -1.4972e-07 
-9.7751e-05 1.0000e+00 -6.8146e-04 
-1.4972e-07 -6.8146e-04 9.9961e-01 


F:
1.0000e+00 -9.7751e-05 -1.7012e-07 
2.7756e-17 1.0000e+00 -8.2449e-04 
3.4330e-08 1.4287e-04 9.9980e-01 



b:
1.0001e+00 -9.3450e-05 -1.5571e-07 
-9.3450e-05 1.0000e+00 -6.9086e-04 
-1.5571e-07 -6.9086e-04 9.9961e-01 


F:
1.0000e+00 -9.3450e-05 -1.7705e-07 
0000 0001 -8.3529e-04 
3.4781e-08 1.4427e-04 9.9980e-01 



b:
1.0001e+00 -8.9704e-05 -1.6164e-07 
-8.9704e-05 1.0000e+00 -7.0020e-04 
-1.6164e-07 -7.0020e-04 9.9960e-01 


F:
1.0000e+00 -8.9704e-05 -1.8358e-07 
0000 0001 -8.4610e-04 
3.4967e-08 1.4573e-04 9.9980e-01 



b:
1.0001e+00 -8.6686e-05 -1.6740e-07 
-8.6686e-05 1.0000e+00 -7.0947e-04 
-1.6740e-07 -7.0947e-04 9.9960e-01 


F:
1.0000e+00 -8.6687e-05 -1.8957e-07 
0000 0001 -8.5690e-04 
3.4900e-08 1.4725e-04 9.9980e-01 



b:
1.0001e+00 -8.4544e-05 -1.7287e-07 
-8.4544e-05 1.0000e+00 -7.1867e-04 
-1.7287e-07 -7.1867e-04 9.9959e-01 


F:
1.0000e+00 -8.4544e-05 -1.9493e-07 
0000 0001 -8.6770e-04 
3.4600e-08 1.4885e-04 9.9980e-01 



b:
1.0001e+00 -8.3393e-05 -1.7796e-07 
-8.3393e-05 1.0000e+00 -7.2780e-04 
-1.7796e-07 -7.2780e-04 9.9959e-01 


F:
1.0000e+00 -8.3393e-05 -1.9954e-07 
0000 0001 -8.7849e-04 
3.4096e-08 1.5052e-04 9.9979e-01 



b:
1.0001e+00 -8.3317e-05 -1.8254e-07 
-8.3317e-05 1.0000e+00 -7.3684e-04 
-1.8254e-07 -7.3684e-04 9.9958e-01 


F:
1.0000e+00 -8.3317e-05 -2.0333e-07 
0000 0001 -8.8929e-04 
3.3424e-08 1.5227e-04 9.9979e-01 



b:
1.0001e+00 -8.4360e-05 -1.8655e-07 
-8.4360e-05 1.0000e+00 -7.4580e-04 
-1.8655e-07 -7.4580e-04 9.9958e-01 


F:
1.0000e+00 -8.4360e-05 -2.0622e-07 
0000 0001 -9.0009e-04 
3.2627e-08 1.5410e-04 9.9979e-01 



b:
1.0001e+00 -8.6531e-05 -1.8991e-07 
-8.6531e-05 1.0000e+00 -7.5467e-04 
-1.8991e-07 -7.5467e-04 9.9957e-01 


F:
1.0000e+00 -8.6532e-05 -2.0821e-07 
0000 0001 -9.1088e-04 
3.1753e-08 1.5602e-04 9.9979e-01 



b:
1.0001e+00 -8.9800e-05 -1.9257e-07 
-8.9800e-05 1.0000e+00 -7.6346e-04 
-1.9257e-07 -7.6346e-04 9.9957e-01 


F:
1.0000e+00 -8.9800e-05 -2.0928e-07 
0000 0001 -9.2168e-04 
3.0852e-08 1.5802e-04 9.9978e-01 



b:
1.0001e+00 -9.4098e-05 -1.9452e-07 
-9.4098e-05 1.0000e+00 -7.7215e-04 
-1.9452e-07 -7.7215e-04 9.9956e-01 


F:
1.0000e+00 -9.4098e-05 -2.0948e-07 
0000 0001 -9.3247e-04 
2.9977e-08 1.6011e-04 9.9978e-01 



b:
1.0001e+00 -9.9324e-05 -1.9577e-07 
-9.9324e-05 1.0000e+00 -7.8076e-04 
-1.9577e-07 -7.8076e-04 9.9956e-01 


F:
1.0000e+00 -9.9324e-05 -2.0888e-07 
0000 0001 -9.4326e-04 
2.9179e-08 1.6229e-04 9.9978e-01 



b:
1.0001e+00 -1.0535e-04 -1.9638e-07 
-1.0535e-04 1.0000e+00 -7.8928e-04 
-1.9638e-07 -7.8928e-04 9.9955e-01 


F:
1.0000e+00 -1.0535e-04 -2.0760e-07 
0000 0001 -9.5405e-04 
2.8507e-08 1.6456e-04 9.9978e-01 



b:
1.0001e+00 -1.1201e-04 -1.9641e-07 
-1.1201e-04 1.0000e+00 -7.9771e-04 
-1.9641e-07 -7.9771e-04 9.9954e-01 


F:
1.0000e+00 -1.1201e-04 -2.0578e-07 
2.7756e-17 1.0000e+00 -9.6484e-04 
2.8008e-08 1.6691e-04 9.9977e-01 



b:
1.0001e+00 -1.1912e-04 -1.9599e-07 
-1.1912e-04 1.0000e+00 -8.0607e-04 
-1.9599e-07 -8.0607e-04 9.9954e-01 


F:
1.0000e+00 -1.1913e-04 -2.0359e-07 
0000 0001 -9.7563e-04 
2.7720e-08 1.6933e-04 9.9977e-01 



b:
1.0001e+00 -1.2651e-04 -1.9526e-07 
-1.2651e-04 1.0000e+00 -8.1435e-04 
-1.9526e-07 -8.1435e-04 9.9953e-01 


F:
1.0000e+00 -1.2651e-04 -2.0125e-07 
0000 0001 -9.8641e-04 
2.7677e-08 1.7183e-04 9.9977e-01 



b:
1.0001e+00 -1.3397e-04 -1.9439e-07 
-1.3397e-04 1.0000e+00 -8.2258e-04 
-1.9439e-07 -8.2258e-04 9.9952e-01 


F:
1.0000e+00 -1.3397e-04 -1.9898e-07 
0000 0001 -9.9720e-04 
2.7904e-08 1.7438e-04 9.9976e-01 



b:
1.0001e+00 -1.4130e-04 -1.9355e-07 
-1.4130e-04 1.0000e+00 -8.3076e-04 
-1.9355e-07 -8.3076e-04 9.9952e-01 


F:
1.0001e+00 -1.4130e-04 -1.9701e-07 
0000 0001 -1.0080e-03 
2.8418e-08 1.7698e-04 9.9976e-01 



b:
1.0001e+00 -1.4832e-04 -1.9297e-07 
-1.4832e-04 1.0000e+00 -8.3890e-04 
-1.9297e-07 -8.3890e-04 9.9951e-01 


F:
1.0001e+00 -1.4832e-04 -1.9560e-07 
2.7756e-17 1.0000e+00 -1.0188e-03 
2.9226e-08 1.7961e-04 9.9975e-01 



b:
1.0001e+00 -1.5483e-04 -1.9283e-07 
-1.5483e-04 1.0000e+00 -8.4703e-04 
-1.9283e-07 -8.4703e-04 9.9950e-01 


F:
1.0001e+00 -1.5483e-04 -1.9499e-07 
0000 0001 -1.0295e-03 
3.0327e-08 1.8225e-04 9.9975e-01 



b:
1.0001e+00 -1.6069e-04 -1.9336e-07 
-1.6069e-04 1.0000e+00 -8.5515e-04 
-1.9336e-07 -8.5515e-04 9.9949e-01 


F:
1.0001e+00 -1.6069e-04 -1.9541e-07 
0000 0001 -1.0403e-03 
3.1711e-08 1.8490e-04 9.9975e-01 



b:
1.0001e+00 -1.6575e-04 -1.9473e-07 
-1.6575e-04 1.0000e+00 -8.6330e-04 
-1.9473e-07 -8.6330e-04 9.9949e-01 


F:
1.0001e+00 -1.6575e-04 -1.9706e-07 
-2.7756e-17 0001 -1.0511e-03 
3.3360e-08 1.8753e-04 9.9974e-01 



b:
1.0001e+00 -1.6991e-04 -1.9714e-07 
-1.6991e-04 1.0000e+00 -8.7148e-04 
-1.9714e-07 -8.7148e-04 9.9948e-01 


F:
1.0001e+00 -1.6991e-04 -2.0014e-07 
-2.7756e-17 0001 -1.0619e-03 
3.5246e-08 1.9011e-04 9.9974e-01 



b:
1.0001e+00 -1.7310e-04 -2.0072e-07 
-1.7310e-04 1.0000e+00 -8.7972e-04 
-2.0072e-07 -8.7972e-04 9.9947e-01 


F:
1.0001e+00 -1.7310e-04 -2.0477e-07 
0000 0001 -1.0726e-03 
3.7338e-08 1.9264e-04 9.9974e-01 



b:
1.0001e+00 -1.7526e-04 -2.0559e-07 
-1.7526e-04 1.0000e+00 -8.8804e-04 
-2.0559e-07 -8.8804e-04 9.9947e-01 


F:
1.0001e+00 -1.7526e-04 -2.1105e-07 
0000 0001 -1.0834e-03 
3.9599e-08 1.9508e-04 9.9973e-01 



b:
1.0001e+00 -1.7640e-04 -2.1181e-07 
-1.7640e-04 1.0000e+00 -8.9646e-04 
-2.1181e-07 -8.9646e-04 9.9946e-01 


F:
1.0001e+00 -1.7640e-04 -2.1903e-07 
-2.7756e-17 0001 -1.0942e-03 
4.1988e-08 1.9743e-04 9.9973e-01 



b:
1.0001e+00 -1.7654e-04 -2.1941e-07 
-1.7654e-04 1.0000e+00 -9.0499e-04 
-2.1941e-07 -9.0499e-04 9.9945e-01 


F:
1.0001e+00 -1.7654e-04 -2.2869e-07 
0000 0001 -1.1049e-03 
4.4460e-08 1.9966e-04 9.9973e-01 



b:
1.0001e+00 -1.7573e-04 -2.2837e-07 
-1.7573e-04 1.0000e+00 -9.1365e-04 
-2.2837e-07 -9.1365e-04 9.9945e-01 


F:
1.0001e+00 -1.7573e-04 -2.3996e-07 
0000 0001 -1.1157e-03 
4.6974e-08 2.0175e-04 9.9972e-01 



b:
1.0001e+00 -1.7406e-04 -2.3861e-07 
-1.7406e-04 1.0000e+00 -9.2246e-04 
-2.3861e-07 -9.2246e-04 9.9944e-01 


F:
1.0001e+00 -1.7406e-04 -2.5271e-07 
0000 0001 -1.1265e-03 
4.9484e-08 2.0371e-04 9.9972e-01 



b:
1.0001e+00 -1.7165e-04 -2.5001e-07 
-1.7165e-04 1.0000e+00 -9.3141e-04 
-2.5001e-07 -9.3141e-04 9.9944e-01 


F:
1.0001e+00 -1.7165e-04 -2.6676e-07 
0000 0001 -1.1372e-03 
5.1952e-08 2.0551e-04 9.9972e-01 



b:
1.0001e+00 -1.6863e-04 -2.6238e-07 
-1.6863e-04 1.0000e+00 -9.4052e-04 
-2.6238e-07 -9.4052e-04 9.9943e-01 


F:
1.0001e+00 -1.6863e-04 -2.8187e-07 
0000 0001 -1.1480e-03 
5.4337e-08 2.0715e-04 9.9972e-01 



b:
1.0001e+00 -1.6516e-04 -2.7553e-07 
-1.6516e-04 1.0000e+00 -9.4979e-04 
-2.7553e-07 -9.4979e-04 9.9943e-01 


F:
1.0001e+00 -1.6516e-04 -2.9776e-07 
0000 0001 -1.1588e-03 
5.6608e-08 2.0864e-04 9.9971e-01 



b:
1.0001e+00 -1.6139e-04 -2.8918e-07 
-1.6139e-04 1.0000e+00 -9.5920e-04 
-2.8918e-07 -9.5920e-04 9.9943e-01 


F:
1.0001e+00 -1.6139e-04 -3.1412e-07 
0000 0001 -1.1695e-03 
5.8736e-08 2.0999e-04 9.9971e-01 



b:
1.0001e+00 -1.5749e-04 -3.0306e-07 
-1.5749e-04 1.0000e+00 -9.6876e-04 
-3.0306e-07 -9.6876e-04 9.9942e-01 


F:
1.0001e+00 -1.5749e-04 -3.3059e-07 
0000 0001 -1.1803e-03 
6.0696e-08 2.1119e-04 9.9971e-01 



b:
1.0001e+00 -1.5364e-04 -3.1686e-07 
-1.5364e-04 1.0000e+00 -9.7843e-04 
-3.1686e-07 -9.7843e-04 9.9942e-01 


F:
1.0001e+00 -1.5364e-04 -3.4683e-07 
0000 0001 -1.1910e-03 
6.2471e-08 2.1226e-04 9.9971e-01 



b:
1.0001e+00 -1.4999e-04 -3.3029e-07 
-1.4999e-04 1.0000e+00 -9.8822e-04 
-3.3029e-07 -9.8822e-04 9.9942e-01 


F:
1.0001e+00 -1.4999e-04 -3.6246e-07 
0000 0001 -1.2018e-03 
6.4050e-08 2.1323e-04 9.9971e-01 



b:
1.0001e+00 -1.4671e-04 -3.4302e-07 
-1.4671e-04 1.0000e+00 -9.9808e-04 
-3.4302e-07 -9.9808e-04 9.9941e-01 


F:
1.0001e+00 -1.4671e-04 -3.7714e-07 
0000 0001 -1.2126e-03 
6.5426e-08 2.1412e-04 9.9971e-01 



b:
1.0001e+00 -1.4392e-04 -3.5477e-07 
-1.4392e-04 1.0000e+00 -1.0080e-03 
-3.5477e-07 -1.0080e-03 9.9941e-01 


F:
1.0001e+00 -1.4392e-04 -3.9055e-07 
0000 0001 -1.2233e-03 
6.6597e-08 2.1496e-04 9.9971e-01 



b:
1.0001e+00 -1.4175e-04 -3.6527e-07 
-1.4175e-04 1.0000e+00 -1.0179e-03 
-3.6527e-07 -1.0179e-03 9.9941e-01 


F:
1.0001e+00 -1.4175e-04 -4.0238e-07 
0000 0001 -1.2341e-03 
6.7566e-08 2.1577e-04 9.9971e-01 



b:
1.0001e+00 -1.4030e-04 -3.7431e-07 
-1.4030e-04 1.0000e+00 -1.0279e-03 
-3.7431e-07 -1.0279e-03 9.9941e-01 


F:
1.0001e+00 -1.4030e-04 -4.1239e-07 
0000 0001 -1.2448e-03 
6.8341e-08 2.1659e-04 9.9970e-01 



b:
1.0001e+00 -1.3962e-04 -3.8170e-07 
-1.3962e-04 1.0000e+00 -1.0377e-03 
-3.8170e-07 -1.0377e-03 9.9941e-01 


F:
1.0001e+00 -1.3962e-04 -4.2039e-07 
0000 0001 -1.2556e-03 
6.8931e-08 2.1746e-04 9.9970e-01 



b:
1.0001e+00 -1.3978e-04 -3.8732e-07 
-1.3978e-04 1.0000e+00 -1.0475e-03 
-3.8732e-07 -1.0475e-03 9.9940e-01 


F:
1.0001e+00 -1.3978e-04 -4.2627e-07 
2.7756e-17 1.0000e+00 -1.2663e-03 
6.9350e-08 2.1840e-04 9.9970e-01 



b:
1.0001e+00 -1.4078e-04 -3.9111e-07 
-1.4078e-04 1.0000e+00 -1.0572e-03 
-3.9111e-07 -1.0572e-03 9.9940e-01 


F:
1.0001e+00 -1.4078e-04 -4.2996e-07 
0000 0001 -1.2771e-03 
6.9612e-08 2.1945e-04 9.9970e-01 



b:
1.0001e+00 -1.4261e-04 -3.9310e-07 
-1.4261e-04 1.0000e+00 -1.0668e-03 
-3.9310e-07 -1.0668e-03 9.9940e-01 


F:
1.0001e+00 -1.4261e-04 -4.3150e-07 
0000 0001 -1.2878e-03 
6.9734e-08 2.2064e-04 9.9970e-01 



b:
1.0001e+00 -1.4524e-04 -3.9336e-07 
-1.4524e-04 1.0000e+00 -1.0762e-03 
-3.9336e-07 -1.0762e-03 9.9939e-01 


F:
1.0001e+00 -1.4524e-04 -4.3099e-07 
0000 0001 -1.2986e-03 
6.9733e-08 2.2200e-04 9.9970e-01 



b:
1.0001e+00 -1.4861e-04 -3.9205e-07 
-1.4861e-04 1.0000e+00 -1.0854e-03 
-3.9205e-07 -1.0854e-03 9.9939e-01 


F:
1.0001e+00 -1.4861e-04 -4.2859e-07 
0000 0001 -1.3093e-03 
6.9628e-08 2.2354e-04 9.9969e-01 



b:
1.0001e+00 -1.5264e-04 -3.8937e-07 
-1.5264e-04 1.0000e+00 -1.0944e-03 
-3.8937e-07 -1.0944e-03 9.9938e-01 


F:
1.0001e+00 -1.5264e-04 -4.2455e-07 
0000 0001 -1.3201e-03 
6.9436e-08 2.2528e-04 9.9969e-01 



b:
1.0001e+00 -1.5724e-04 -3.8560e-07 
-1.5724e-04 1.0000e+00 -1.1032e-03 
-3.8560e-07 -1.1032e-03 9.9938e-01 


F:
1.0001e+00 -1.5724e-04 -4.1918e-07 
-2.7756e-17 0001 -1.3308e-03 
6.9176e-08 2.2724e-04 9.9969e-01 



b:
1.0001e+00 -1.6229e-04 -3.8106e-07 
-1.6229e-04 1.0000e+00 -1.1118e-03 
-3.8106e-07 -1.1118e-03 9.9937e-01 


F:
1.0001e+00 -1.6229e-04 -4.1283e-07 
0000 0001 -1.3416e-03 
6.8869e-08 2.2941e-04 9.9969e-01 



b:
1.0001e+00 -1.6767e-04 -3.7610e-07 
-1.6767e-04 1.0000e+00 -1.1201e-03 
-3.7610e-07 -1.1201e-03 9.9937e-01 


F:
1.0001e+00 -1.6767e-04 -4.0590e-07 
-2.7756e-17 0001 -1.3523e-03 
6.8534e-08 2.3180e-04 9.9968e-01 



b:
1.0001e+00 -1.7326e-04 -3.7111e-07 
-1.7326e-04 1.0000e+00 -1.1283e-03 
-3.7111e-07 -1.1283e-03 9.9936e-01 


F:
1.0001e+00 -1.7326e-04 -3.9882e-07 
2.7756e-17 0001 -1.3631e-03 
6.8192e-08 2.3438e-04 9.9968e-01 



b:
1.0001e+00 -1.7892e-04 -3.6646e-07 
-1.7892e-04 1.0000e+00 -1.1362e-03 
-3.6646e-07 -1.1362e-03 9.9935e-01 


F:
1.0001e+00 -1.7892e-04 -3.9202e-07 
0000 0001 -1.3738e-03 
6.7865e-08 2.3715e-04 9.9968e-01 



b:
1.0001e+00 -1.8454e-04 -3.6254e-07 
-1.8454e-04 1.0000e+00 -1.1440e-03 
-3.6254e-07 -1.1440e-03 9.9934e-01 


F:
1.0001e+00 -1.8454e-04 -3.8594e-07 
0000 0001 -1.3846e-03 
6.7578e-08 2.4009e-04 9.9967e-01 



b:
1.0001e+00 -1.9000e-04 -3.5971e-07 
-1.9000e-04 1.0000e+00 -1.1517e-03 
-3.5971e-07 -1.1517e-03 9.9934e-01 


F:
1.0001e+00 -1.9000e-04 -3.8100e-07 
0000 1.0000e+00 -1.3953e-03 
6.7354e-08 2.4315e-04 9.9967e-01 



b:
1.0001e+00 -1.9518e-04 -3.5829e-07 
-1.9518e-04 1.0000e+00 -1.1593e-03 
-3.5829e-07 -1.1593e-03 9.9933e-01 


F:
1.0001e+00 -1.9518e-04 -3.7757e-07 
0000 0001 -1.4060e-03 
6.7220e-08 2.4631e-04 9.9966e-01 



b:
1.0001e+00 -1.9998e-04 -3.5855e-07 
-1.9998e-04 1.0000e+00 -1.1668e-03 
-3.5855e-07 -1.1668e-03 9.9932e-01 


F:
1.0001e+00 -1.9998e-04 -3.7599e-07 
0000 0001 -1.4168e-03 
6.7205e-08 2.4952e-04 9.9966e-01 



b:
1.0001e+00 -2.0433e-04 -3.6072e-07 
-2.0433e-04 1.0000e+00 -1.1743e-03 
-3.6072e-07 -1.1743e-03 9.9931e-01 


F:
1.0001e+00 -2.0433e-04 -3.7655e-07 
0000 1.0000e+00 -1.4275e-03 
6.7337e-08 2.5275e-04 9.9965e-01 



b:
1.0002e+00 -2.0816e-04 -3.6495e-07 
-2.0816e-04 1.0000e+00 -1.1818e-03 
-3.6495e-07 -1.1818e-03 9.9930e-01 


F:
1.0001e+00 -2.0816e-04 -3.7945e-07 
2.7756e-17 0001 -1.4382e-03 
6.7645e-08 2.5596e-04 9.9965e-01 



b:
1.0002e+00 -2.1142e-04 -3.7131e-07 
-2.1142e-04 1.0000e+00 -1.1894e-03 
-3.7131e-07 -1.1894e-03 9.9929e-01 


F:
1.0001e+00 -2.1142e-04 -3.8483e-07 
0000 0001 -1.4490e-03 
6.8159e-08 2.5909e-04 9.9965e-01 



b:
1.0002e+00 -2.1408e-04 -3.7982e-07 
-2.1408e-04 1.0000e+00 -1.1971e-03 
-3.7982e-07 -1.1971e-03 9.9928e-01 


F:
1.0001e+00 -2.1408e-04 -3.9276e-07 
0000 1.0000e+00 -1.4597e-03 
6.8907e-08 2.6212e-04 9.9964e-01 



b:
1.0002e+00 -2.1612e-04 -3.9040e-07 
-2.1612e-04 1.0000e+00 -1.2049e-03 
-3.9040e-07 -1.2049e-03 9.9928e-01 


F:
1.0001e+00 -2.1612e-04 -4.0320e-07 
0000 0001 -1.4704e-03 
6.9915e-08 2.6499e-04 9.9964e-01 



b:
1.0002e+00 -2.1756e-04 -4.0291e-07 
-2.1756e-04 1.0000e+00 -1.2129e-03 
-4.0291e-07 -1.2129e-03 9.9927e-01 


F:
1.0001e+00 -2.1756e-04 -4.1604e-07 
-2.7756e-17 0001 -1.4812e-03 
7.1208e-08 2.6769e-04 9.9963e-01 



b:
1.0002e+00 -2.1840e-04 -4.1716e-07 
-2.1840e-04 1.0000e+00 -1.2212e-03 
-4.1716e-07 -1.2212e-03 9.9926e-01 


F:
1.0001e+00 -2.1840e-04 -4.3112e-07 
0000 0001 -1.4919e-03 
7.2802e-08 2.7017e-04 9.9963e-01 



b:
1.0002e+00 -2.1869e-04 -4.3286e-07 
-2.1869e-04 1.0000e+00 -1.2296e-03 
-4.3286e-07 -1.2296e-03 9.9926e-01 


F:
1.0001e+00 -2.1869e-04 -4.4817e-07 
0000 0001 -1.5026e-03 
7.4713e-08 2.7242e-04 9.9963e-01 



b:
1.0002e+00 -2.1848e-04 -4.4972e-07 
-2.1848e-04 1.0000e+00 -1.2383e-03 
-4.4972e-07 -1.2383e-03 9.9925e-01 


F:
1.0001e+00 -2.1848e-04 -4.6689e-07 
0000 1.0000e+00 -1.5133e-03 
7.6946e-08 2.7443e-04 9.9962e-01 



b:
1.0002e+00 -2.1782e-04 -4.6738e-07 
-2.1782e-04 1.0000e+00 -1.2473e-03 
-4.6738e-07 -1.2473e-03 9.9924e-01 


F:
1.0001e+00 -2.1782e-04 -4.8691e-07 
0000 1.0000e+00 -1.5240e-03 
7.9498e-08 2.7618e-04 9.9962e-01 



b:
1.0002e+00 -2.1678e-04 -4.8547e-07 
-2.1678e-04 1.0000e+00 -1.2565e-03 
-4.8547e-07 -1.2565e-03 9.9924e-01 


F:
1.0001e+00 -2.1678e-04 -5.0783e-07 
0000 0001 -1.5348e-03 
8.2360e-08 2.7768e-04 9.9962e-01 



b:
1.0002e+00 -2.1543e-04 -5.0362e-07 
-2.1543e-04 1.0000e+00 -1.2659e-03 
-5.0362e-07 -1.2659e-03 9.9924e-01 


F:
1.0001e+00 -2.1543e-04 -5.2925e-07 
0000 1.0000e+00 -1.5455e-03 
8.5509e-08 2.7894e-04 9.9962e-01 



b:
1.0002e+00 -2.1385e-04 -5.2145e-07 
-2.1385e-04 1.0000e+00 -1.2756e-03 
-5.2145e-07 -1.2756e-03 9.9923e-01 


F:
1.0001e+00 -2.1386e-04 -5.5071e-07 
-2.7756e-17 1.0000e+00 -1.5562e-03 
8.8917e-08 2.7997e-04 9.9962e-01 



b:
1.0002e+00 -2.1213e-04 -5.3861e-07 
-2.1213e-04 1.0000e+00 -1.2855e-03 
-5.3861e-07 -1.2855e-03 9.9923e-01 


F:
1.0001e+00 -2.1213e-04 -5.7181e-07 
2.7756e-17 1.0000e+00 -1.5669e-03 
9.2541e-08 2.8081e-04 9.9962e-01 



b:
1.0002e+00 -2.1035e-04 -5.5476e-07 
-2.1035e-04 1.0000e+00 -1.2955e-03 
-5.5476e-07 -1.2955e-03 9.9923e-01 


F:
1.0001e+00 -2.1035e-04 -5.9212e-07 
2.7756e-17 0001 -1.5776e-03 
9.6330e-08 2.8148e-04 9.9962e-01 



b:
1.0002e+00 -2.0857e-04 -5.6964e-07 
-2.0857e-04 1.0000e+00 -1.3057e-03 
-5.6964e-07 -1.3057e-03 9.9923e-01 


F:
1.0001e+00 -2.0857e-04 -6.1128e-07 
0000 0001 -1.5883e-03 
1.0022e-07 2.8201e-04 9.9961e-01 



b:
1.0002e+00 -2.0688e-04 -5.8299e-07 
-2.0688e-04 1.0000e+00 -1.3159e-03 
-5.8299e-07 -1.3159e-03 9.9923e-01 


F:
1.0001e+00 -2.0688e-04 -6.2896e-07 
0000 0001 -1.5990e-03 
1.0416e-07 2.8247e-04 9.9961e-01 



b:
1.0002e+00 -2.0535e-04 -5.9466e-07 
-2.0535e-04 1.0000e+00 -1.3262e-03 
-5.9466e-07 -1.3262e-03 9.9923e-01 


F:
1.0001e+00 -2.0535e-04 -6.4488e-07 
0000 0001 -1.6097e-03 
1.0805e-07 2.8288e-04 9.9961e-01 



b:
1.0001e+00 -2.0403e-04 -6.0453e-07 
-2.0403e-04 1.0000e+00 -1.3365e-03 
-6.0453e-07 -1.3365e-03 9.9923e-01 


F:
1.0001e+00 -2.0403e-04 -6.5882e-07 
0000 0001 -1.6205e-03 
1.1183e-07 2.8330e-04 9.9961e-01 



b:
1.0001e+00 -2.0299e-04 -6.1256e-07 
-2.0299e-04 1.0000e+00 -1.3468e-03 
-6.1256e-07 -1.3468e-03 9.9922e-01 


F:
1.0001e+00 -2.0299e-04 -6.7064e-07 
0000 0001 -1.6312e-03 
1.1541e-07 2.8376e-04 9.9961e-01 



b:
1.0001e+00 -2.0228e-04 -6.1876e-07 
-2.0228e-04 1.0000e+00 -1.3569e-03 
-6.1876e-07 -1.3569e-03 9.9922e-01 


F:
1.0001e+00 -2.0228e-04 -6.8024e-07 
0000 0001 -1.6419e-03 
1.1872e-07 2.8433e-04 9.9961e-01 



b:
1.0001e+00 -2.0193e-04 -6.2323e-07 
-2.0193e-04 1.0000e+00 -1.3669e-03 
-6.2323e-07 -1.3669e-03 9.9922e-01 


F:
1.0001e+00 -2.0194e-04 -6.8763e-07 
0000 0001 -1.6526e-03 
1.2168e-07 2.8504e-04 9.9961e-01 



b:
1.0001e+00 -2.0198e-04 -6.2612e-07 
-2.0198e-04 1.0000e+00 -1.3767e-03 
-6.2612e-07 -1.3767e-03 9.9922e-01 


F:
1.0001e+00 -2.0199e-04 -6.9286e-07 
0000 0001 -1.6633e-03 
1.2422e-07 2.8593e-04 9.9961e-01 



b:
1.0001e+00 -2.0245e-04 -6.2760e-07 
-2.0245e-04 1.0000e+00 -1.3863e-03 
-6.2760e-07 -1.3863e-03 9.9922e-01 


F:
1.0001e+00 -2.0246e-04 -6.9606e-07 
2.7756e-17 0001 -1.6740e-03 
1.2628e-07 2.8702e-04 9.9961e-01 



b:
1.0001e+00 -2.0336e-04 -6.2794e-07 
-2.0336e-04 1.0000e+00 -1.3957e-03 
-6.2794e-07 -1.3957e-03 9.9921e-01 


F:
1.0001e+00 -2.0336e-04 -6.9740e-07 
0000 0001 -1.6847e-03 
1.2782e-07 2.8836e-04 9.9961e-01 



b:
1.0001e+00 -2.0470e-04 -6.2739e-07 
-2.0470e-04 1.0000e+00 -1.4048e-03 
-6.2739e-07 -1.4048e-03 9.9921e-01 


F:
1.0001e+00 -2.0470e-04 -6.9711e-07 
-2.7756e-17 0001 -1.6954e-03 
1.2880e-07 2.8995e-04 9.9960e-01 



b:
1.0002e+00 -2.0648e-04 -6.2624e-07 
-2.0648e-04 1.0000e+00 -1.4136e-03 
-6.2624e-07 -1.4136e-03 9.9920e-01 


F:
1.0001e+00 -2.0648e-04 -6.9548e-07 
0000 0001 -1.7061e-03 
1.2920e-07 2.9180e-04 9.9960e-01 



b:
1.0002e+00 -2.0868e-04 -6.2480e-07 
-2.0868e-04 1.0000e+00 -1.4222e-03 
-6.2480e-07 -1.4222e-03 9.9920e-01 


F:
1.0001e+00 -2.0868e-04 -6.9279e-07 
0000 0001 -1.7168e-03 
1.2903e-07 2.9392e-04 9.9960e-01 



b:
1.0002e+00 -2.1129e-04 -6.2337e-07 
-2.1129e-04 1.0000e+00 -1.4305e-03 
-6.2337e-07 -1.4305e-03 9.9919e-01 


F:
1.0001e+00 -2.1129e-04 -6.8937e-07 
0000 0001 -1.7275e-03 
1.2832e-07 2.9630e-04 9.9959e-01 



b:
1.0002e+00 -2.1427e-04 -6.2222e-07 
-2.1427e-04 1.0000e+00 -1.4386e-03 
-6.2222e-07 -1.4386e-03 9.9918e-01 


F:
1.0001e+00 -2.1427e-04 -6.8555e-07 
0000 0001 -1.7382e-03 
1.2709e-07 2.9891e-04 9.9959e-01 



b:
1.0002e+00 -2.1760e-04 -6.2162e-07 
-2.1760e-04 1.0000e+00 -1.4465e-03 
-6.2162e-07 -1.4465e-03 9.9918e-01 


F:
1.0001e+00 -2.1760e-04 -6.8167e-07 
0000 0001 -1.7489e-03 
1.2542e-07 3.0175e-04 9.9959e-01 



b:
1.0002e+00 -2.2123e-04 -6.2180e-07 
-2.2123e-04 1.0000e+00 -1.4541e-03 
-6.2180e-07 -1.4541e-03 9.9917e-01 


F:
1.0001e+00 -2.2123e-04 -6.7804e-07 
0000 0001 -1.7596e-03 
1.2338e-07 3.0477e-04 9.9958e-01 



b:
1.0002e+00 -2.2511e-04 -6.2294e-07 
-2.2511e-04 1.0000e+00 -1.4617e-03 
-6.2294e-07 -1.4617e-03 9.9916e-01 


F:
1.0001e+00 -2.2512e-04 -6.7497e-07 
-2.7756e-17 0001 -1.7703e-03 
1.2106e-07 3.0795e-04 9.9958e-01 



b:
1.0002e+00 -2.2920e-04 -6.2519e-07 
-2.2920e-04 1.0000e+00 -1.4691e-03 
-6.2519e-07 -1.4691e-03 9.9915e-01 


F:
1.0001e+00 -2.2920e-04 -6.7272e-07 
2.7756e-17 1.0000e+00 -1.7810e-03 
1.1857e-07 3.1123e-04 9.9957e-01 



b:
1.0002e+00 -2.3344e-04 -6.2864e-07 
-2.3344e-04 1.0000e+00 -1.4764e-03 
-6.2864e-07 -1.4764e-03 9.9914e-01 


F:
1.0001e+00 -2.3344e-04 -6.7153e-07 
2.7756e-17 0001 -1.7917e-03 
1.1604e-07 3.1458e-04 9.9957e-01 



b:
1.0002e+00 -2.3776e-04 -6.3334e-07 
-2.3776e-04 1.0000e+00 -1.4837e-03 
-6.3334e-07 -1.4837e-03 9.9913e-01 


F:
1.0001e+00 -2.3776e-04 -6.7162e-07 
0000 0001 -1.8024e-03 
1.1357e-07 3.1795e-04 9.9957e-01 



b:
1.0002e+00 -2.4210e-04 -6.3930e-07 
-2.4210e-04 1.0000e+00 -1.4910e-03 
-6.3930e-07 -1.4910e-03 9.9912e-01 


F:
1.0001e+00 -2.4210e-04 -6.7313e-07 
0000 0001 -1.8131e-03 
1.1131e-07 3.2129e-04 9.9956e-01 



b:
1.0002e+00 -2.4640e-04 -6.4649e-07 
-2.4640e-04 1.0000e+00 -1.4984e-03 
-6.4649e-07 -1.4984e-03 9.9911e-01 


F:
1.0001e+00 -2.4640e-04 -6.7620e-07 
0000 1.0000e+00 -1.8238e-03 
1.0937e-07 3.2456e-04 9.9956e-01 



b:
1.0002e+00 -2.5059e-04 -6.5482e-07 
-2.5059e-04 1.0000e+00 -1.5060e-03 
-6.5482e-07 -1.5060e-03 9.9910e-01 


F:
1.0001e+00 -2.5059e-04 -6.8089e-07 
0000 0001 -1.8345e-03 
1.0788e-07 3.2771e-04 9.9955e-01 



b:
1.0002e+00 -2.5460e-04 -6.6420e-07 
-2.5460e-04 1.0000e+00 -1.5136e-03 
-6.6420e-07 -1.5136e-03 9.9910e-01 


F:
1.0001e+00 -2.5460e-04 -6.8725e-07 
0000 0001 -1.8452e-03 
1.0693e-07 3.3070e-04 9.9955e-01 



b:
1.0002e+00 -2.5838e-04 -6.7450e-07 
-2.5838e-04 1.0000e+00 -1.5215e-03 
-6.7450e-07 -1.5215e-03 9.9909e-01 


F:
1.0001e+00 -2.5838e-04 -6.9529e-07 
0000 0001 -1.8559e-03 
1.0664e-07 3.3351e-04 9.9954e-01 



b:
1.0002e+00 -2.6185e-04 -6.8558e-07 
-2.6185e-04 1.0000e+00 -1.5296e-03 
-6.8558e-07 -1.5296e-03 9.9908e-01 


F:
1.0001e+00 -2.6185e-04 -7.0497e-07 
0000 1.0000e+00 -1.8665e-03 
1.0706e-07 3.3609e-04 9.9954e-01 



b:
1.0002e+00 -2.6496e-04 -6.9730e-07 
-2.6496e-04 1.0000e+00 -1.5379e-03 
-6.9730e-07 -1.5379e-03 9.9907e-01 


F:
1.0001e+00 -2.6496e-04 -7.1622e-07 
0000 0001 -1.8772e-03 
1.0826e-07 3.3844e-04 9.9954e-01 



b:
1.0002e+00 -2.6767e-04 -7.0952e-07 
-2.6767e-04 1.0000e+00 -1.5465e-03 
-7.0952e-07 -1.5465e-03 9.9907e-01 


F:
1.0001e+00 -2.6767e-04 -7.2897e-07 
0000 0001 -1.8879e-03 
1.1026e-07 3.4055e-04 9.9953e-01 



b:
1.0002e+00 -2.6992e-04 -7.2210e-07 
-2.6992e-04 1.0000e+00 -1.5553e-03 
-7.2210e-07 -1.5553e-03 9.9906e-01 


F:
1.0001e+00 -2.6993e-04 -7.4310e-07 
0000 0001 -1.8986e-03 
1.1306e-07 3.4240e-04 9.9953e-01 



b:
1.0002e+00 -2.7170e-04 -7.3492e-07 
-2.7170e-04 1.0000e+00 -1.5644e-03 
-7.3492e-07 -1.5644e-03 9.9906e-01 


F:
1.0001e+00 -2.7170e-04 -7.5848e-07 
0000 0001 -1.9092e-03 
1.1666e-07 3.4399e-04 9.9953e-01 



b:
1.0002e+00 -2.7297e-04 -7.4788e-07 
-2.7297e-04 1.0000e+00 -1.5737e-03 
-7.4788e-07 -1.5737e-03 9.9906e-01 


F:
1.0001e+00 -2.7297e-04 -7.7498e-07 
0000 0001 -1.9199e-03 
1.2099e-07 3.4535e-04 9.9953e-01 



b:
1.0002e+00 -2.7373e-04 -7.6091e-07 
-2.7373e-04 1.0000e+00 -1.5832e-03 
-7.6091e-07 -1.5832e-03 9.9905e-01 


F:
1.0001e+00 -2.7373e-04 -7.9244e-07 
0000 0001 -1.9306e-03 
1.2599e-07 3.4649e-04 9.9953e-01 



b:
1.0002e+00 -2.7397e-04 -7.7393e-07 
-2.7397e-04 1.0000e+00 -1.5929e-03 
-7.7393e-07 -1.5929e-03 9.9905e-01 


F:
1.0001e+00 -2.7397e-04 -8.1071e-07 
0000 0001 -1.9413e-03 
1.3156e-07 3.4743e-04 9.9952e-01 



b:
1.0002e+00 -2.7371e-04 -7.8692e-07 
-2.7371e-04 1.0000e+00 -1.6028e-03 
-7.8692e-07 -1.6028e-03 9.9905e-01 


F:
1.0001e+00 -2.7371e-04 -8.2960e-07 
2.7756e-17 1.0000e+00 -1.9519e-03 
1.3758e-07 3.4821e-04 9.9952e-01 



b:
1.0002e+00 -2.7299e-04 -7.9985e-07 
-2.7299e-04 1.0000e+00 -1.6128e-03 
-7.9985e-07 -1.6128e-03 9.9905e-01 


F:
1.0001e+00 -2.7299e-04 -8.4896e-07 
0000 0001 -1.9626e-03 
1.4393e-07 3.4886e-04 9.9952e-01 



b:
1.0002e+00 -2.7184e-04 -8.1271e-07 
-2.7184e-04 1.0000e+00 -1.6229e-03 
-8.1271e-07 -1.6229e-03 9.9904e-01 


F:
1.0001e+00 -2.7184e-04 -8.6860e-07 
0000 0001 -1.9733e-03 
1.5044e-07 3.4942e-04 9.9952e-01 



b:
1.0002e+00 -2.7032e-04 -8.2551e-07 
-2.7032e-04 1.0000e+00 -1.6331e-03 
-8.2551e-07 -1.6331e-03 9.9904e-01 


F:
1.0001e+00 -2.7032e-04 -8.8834e-07 
0000 0001 -1.9839e-03 
1.5698e-07 3.4993e-04 9.9952e-01 



b:
1.0002e+00 -2.6849e-04 -8.3826e-07 
-2.6849e-04 1.0000e+00 -1.6432e-03 
-8.3826e-07 -1.6432e-03 9.9904e-01 


F:
