Elt 1
 0.0000000000e+00 0.0000000000e+00 0.0000000000e+00 
 0.0000000000e+00 0.0000000000e+00 0.0000000000e+00 
 0.0000000000e+00 0.0000000000e+00 0.0000000000e+00
 
Elt 2
 0.0000000000e+00 0.0000000000e+00 0.0000000000e+00 
 0.0000000000e+00 0.0000000000e+00 0.0000000000e+00 
 0.0000000000e+00 0.0000000000e+00 0.0000000000e+00
 
Elt 1
 0.0000000000e+00 0.0000000000e+00 0.0000000000e+00 
 0.0000000000e+00 0.0000000000e+00 0.0000000000e+00 
 0.0000000000e+00 0.0000000000e+00 0.0000000000e+00
 
Elt 2
 -1.7054730999e-16 2.7177232558e-16 -2.7272713172e-16 
 2.7177232558e-16 -1.2802662466e-16 8.4572632373e-17 
 -2.7272713172e-16 8.4572632373e-17 -3.4492972732e-17
 
Elt 1
 0.0000000000e+00 0.0000000000e+00 0.0000000000e+00 
 0.0000000000e+00 4.6352700945e-11 6.8082814628e-06 
 0.0000000000e+00 6.8082814628e-06 -4.6352697968e-11
 
Elt 2
 -6.9728994207e-27 1.0061150502e-16 -2.3592307773e-16 
 1.0061150502e-16 4.6352589925e-11 6.8082814627e-06 
 -2.3592307773e-16 6.8082814627e-06 -4.6352697967e-11
 
Elt 1
 1.8081092179e-12 3.6030503800e-22 2.6721381826e-17 
 3.6030503800e-22 1.8541074825e-10 1.3616562924e-05 
 2.6721381826e-17 1.3616562924e-05 -1.8541084735e-10
 
Elt 2
 9.0416563125e-13 7.2855362498e-17 -9.7145506700e-17 
 7.2855362498e-17 1.8541063723e-10 1.3616562924e-05 
 -9.7145506700e-17 1.3616562924e-05 -1.8541084735e-10
 
Elt 1
 1.0617062784e-11 -4.4666223903e-22 -2.2439660891e-17 
 -4.4666223903e-22 4.1717430840e-10 2.0424844384e-05 
 -2.2439660891e-17 2.0424844384e-05 -4.1717428158e-10
 
Elt 2
 1.0617062784e-11 7.9789936379e-17 -2.3463887037e-16 
 7.9789936379e-17 4.1717419738e-10 2.0424844384e-05 
 -2.3463887037e-16 2.0424844384e-05 -4.1717428158e-10
 
Elt 1
 3.4385827518e-11 4.6135222363e-22 1.7764487671e-17 
 4.6135222363e-22 7.4164310372e-10 2.7233125842e-05 
 1.7764487671e-17 2.7233125842e-05 -7.4164316714e-10
 
Elt 2
 3.4386049563e-11 1.3529994671e-16 -1.8664889433e-16 
 1.3529994671e-16 7.4164299270e-10 2.7233125841e-05 
 -1.8664889433e-16 2.7233125841e-05 -7.4164316714e-10
 
Elt 1
 8.2953865995e-11 6.7450972189e-22 2.1342167660e-17 
 6.7450972189e-22 1.1588174116e-09 3.4041407297e-05 
 2.1342167660e-17 3.4041407297e-05 -1.1588174484e-09
 
Elt 2
 8.2954088040e-11 9.3668848723e-17 -5.7789707400e-17 
 9.3668848723e-17 1.1588173561e-09 3.4041407297e-05 
 -5.7789707400e-17 3.4041407297e-05 -1.1588173929e-09
 
Elt 1
 1.6698620263e-10 5.9796568807e-23 1.6265922323e-18 
 5.9796568808e-23 1.6686970652e-09 4.0849688751e-05 
 1.6265922323e-18 4.0849688751e-05 -1.6686970699e-09
 
Elt 2
 1.6698620263e-10 1.0406952551e-16 -2.1495820611e-16 
 1.0406952551e-16 1.6686969542e-09 4.0849688751e-05 
 -2.1495820611e-16 4.0849688751e-05 -1.6686970699e-09
 
Elt 1
 2.9685764953e-10 1.6072130806e-22 3.8794350664e-18 
 1.6072130806e-22 2.2712820643e-09 4.7657970203e-05 
 3.8794350664e-18 4.7657970203e-05 -2.2712821425e-09
 
Elt 2
 2.9685764953e-10 1.1100715184e-16 -1.9300490531e-16 
 1.1100715184e-16 2.2712818423e-09 4.7657970203e-05 
 -1.9300490531e-16 4.7657970203e-05 -2.2712821425e-09
 
Elt 1
 4.8160142529e-10 1.2388107277e-22 2.7152578346e-18 
 1.2388107277e-22 2.9665726861e-09 5.4466251653e-05 
 2.7152578346e-18 5.4466251653e-05 -2.9665724996e-09
 
Elt 2
 4.8160164733e-10 1.0406606272e-16 -1.9357114268e-16 
 1.0406606272e-16 2.9665724640e-09 5.4466251653e-05 
 -1.9357114268e-16 5.4466251653e-05 -2.9665726106e-09
 
Elt 1
 7.2801564750e-10 -7.7402426295e-22 -1.5670625822e-17 
 -7.7402426295e-22 3.7545683749e-09 6.1274533102e-05 
 -1.5670625822e-17 6.1274533102e-05 -3.7545684741e-09
 
Elt 2
 7.2801586955e-10 9.7129721774e-17 -1.1652181774e-16 
 9.7129721774e-17 3.7545682084e-09 6.1274533101e-05 
 -1.1652181774e-16 6.1274533101e-05 -3.7545685296e-09
 
Elt 1
 1.0400258427e-09 2.6556580185e-23 5.0289961703e-19 
 2.6556580185e-23 4.6352696300e-09 6.8082814548e-05 
 5.0289961703e-19 6.8082814548e-05 -4.6352696775e-09
 
Elt 2
 1.0400262868e-09 -4.3123658604e-21 -8.1662905875e-17 
 -4.3123658604e-21 4.6352694635e-09 6.8082814548e-05 
 -8.1662905875e-17 6.8082814548e-05 -4.6352697330e-09
 
Elt 1
 1.4183563203e-09 4.2052382936e-22 7.5157722423e-18 
 4.2052382935e-22 5.6086762842e-09 7.4891095993e-05 
 7.5157722423e-18 7.4891095993e-05 -5.6086762761e-09
 
Elt 2
 1.4183567644e-09 8.6703527158e-17 -3.1102392621e-16 
 8.6703527158e-17 5.6086761733e-09 7.4891095992e-05 
 -3.1102392621e-16 7.4891095992e-05 -5.6086762761e-09
 
Elt 1
 1.8605372781e-09 8.2418389429e-22 1.3986664132e-17 
 8.2418389429e-22 6.6747882260e-09 8.1699377435e-05 
 1.3986664132e-17 8.1699377435e-05 -6.6747882699e-09
 
Elt 2
 1.8605375001e-09 8.6722482318e-17 -4.2686327952e-17 
 8.6722482318e-17 6.6747881705e-09 8.1699377435e-05 
 -4.2686327952e-17 8.1699377435e-05 -6.6747883254e-09
 
Elt 1
 2.3612403116e-09 1.0410230665e-21 1.6837054431e-17 
 1.0410230665e-21 7.8336057321e-09 8.8507658876e-05 
 1.6837054431e-17 8.8507658876e-05 -7.8336057142e-09
 
Elt 2
 2.3612409777e-09 9.3664757326e-17 8.4059752620e-18 
 9.3664757326e-17 7.8336056211e-09 8.8507658876e-05 
 8.4059752620e-18 8.8507658876e-05 -7.8336057142e-09
 
Elt 1
 2.9128968084e-09 1.7707860270e-21 2.7345722181e-17 
 1.7707860270e-21 9.0851285798e-09 9.5315940315e-05 
 2.7345722181e-17 9.5315940315e-05 -9.0851284979e-09
 
Elt 2
 2.9128972525e-09 5.8964343002e-17 -4.5642850069e-17 
 5.8964343002e-17 9.0851284133e-09 9.5315940314e-05 
 -4.5642850069e-17 9.5315940314e-05 -9.0851285534e-09
 
Elt 1
 3.5065310594e-09 1.9610077859e-21 2.8928417731e-17 
 1.9610077859e-21 1.0429356768e-08 1.0212422175e-04 
 2.8928417731e-17 1.0212422175e-04 -1.0429356732e-08
 
Elt 2
 3.5065312814e-09 9.0181499552e-17 -1.1129778447e-16 
 9.0181499552e-17 1.0429356491e-08 1.0212422175e-04 
 -1.1129778447e-16 1.0212422175e-04 -1.0429356787e-08
 
Elt 1
 4.1327130521e-09 1.8625112964e-21 2.6234691709e-17 
 1.8625112964e-21 1.1866290408e-08 1.0893250319e-04 
 2.6234691709e-17 1.0893250319e-04 -1.1866290305e-08
 
Elt 2
 4.1327134962e-09 8.3256427115e-17 3.0344910962e-17 
 8.3256427115e-17 1.1866290352e-08 1.0893250319e-04 
 3.0344910962e-17 1.0893250319e-04 -1.1866290249e-08
 
Elt 1
 4.7825390200e-09 1.0635987634e-21 1.4291904924e-17 
 1.0635987634e-21 1.3395929331e-08 1.1574078462e-04 
 1.4291904924e-17 1.1574078462e-04 -1.3395929384e-08
 
Elt 2
 4.7825390200e-09 -6.5750241569e-21 -8.8350629923e-17 
 -6.5750241569e-21 1.3395929275e-08 1.1574078462e-04 
 -8.8350629923e-17 1.1574078462e-04 -1.3395929328e-08
 
Elt 1
 5.4485271701e-09 -3.0060014614e-21 -3.8494506885e-17 
 -3.0060014614e-21 1.5018273647e-08 1.2254906605e-04 
 -3.8494506885e-17 1.2254906605e-04 -1.5018273746e-08
 
Elt 2
 5.4485276142e-09 7.9737401779e-17 -3.6371041288e-16 
 7.9737401779e-17 1.5018273647e-08 1.2254906605e-04 
 -3.6371041288e-16 1.2254906605e-04 -1.5018273746e-08
 
Elt 1
 6.1253493201e-09 -1.2699463894e-21 -1.5486170426e-17 
 -1.2699463894e-21 1.6733323523e-08 1.2935734748e-04 
 -1.5486170426e-17 1.2935734748e-04 -1.6733323557e-08
 
Elt 2
 6.1253499862e-09 7.9731709926e-17 -3.8199467171e-16 
 7.9731709926e-17 1.6733323412e-08 1.2935734748e-04 
 -3.8199467171e-16 1.2935734748e-04 -1.6733323557e-08
 
Elt 1
 6.8103196184e-09 -1.8736946371e-22 -2.1749045065e-18 
 -1.8736946371e-22 1.8541078734e-08 1.3616562891e-04 
 -2.1749045065e-18 1.3616562891e-04 -1.8541078708e-08
 
Elt 2
 6.8103198404e-09 -2.5047944558e-20 -2.9074582497e-16 
 -2.5047944558e-20 1.8541078567e-08 1.3616562891e-04 
 -2.9074582497e-16 1.3616562891e-04 -1.8541078763e-08
 
Elt 1
 7.5036030441e-09 -3.6961978377e-21 -4.0845761883e-17 
 -3.6961978377e-21 2.0441539169e-08 1.4297391033e-04 
 -4.0845761883e-17 1.4297391033e-04 -2.0441539307e-08
 
Elt 2
 7.5036032661e-09 1.1097082969e-16 -2.3512125196e-16 
 1.1097082969e-16 2.0441539113e-08 1.4297391033e-04 
 -2.3512125196e-16 1.4297391033e-04 -2.0441539363e-08
 
Elt 1
 8.2081243687e-09 7.2531416519e-22 7.6363495700e-18 
 7.2531416519e-22 2.2434705326e-08 1.4978219176e-04 
 7.6363495700e-18 1.4978219176e-04 -2.2434705301e-08
 
Elt 2
 8.2081248128e-09 8.3210972752e-17 -2.4733985864e-16 
 8.3210972752e-17 2.2434705270e-08 1.4978219176e-04 
 -2.4733985864e-16 1.4978219176e-04 -2.2434705245e-08
 
Elt 1
 8.9292004503e-09 -3.1105197681e-21 -3.1240203199e-17 
 -3.1105197681e-21 2.4520576704e-08 1.5659047318e-04 
 -3.1240203199e-17 1.5659047318e-04 -2.4520576632e-08
 
Elt 2
 8.9292004503e-09 6.9326847496e-17 -2.7162733864e-16 
 6.9326847496e-17 2.4520576648e-08 1.5659047318e-04 
 -2.7162733864e-16 1.5659047318e-04 -2.4520576577e-08
 
Elt 1
 9.6739320530e-09 -1.7321516472e-21 -1.6624243289e-17 
 -1.7321516472e-21 2.6699153413e-08 1.6339875460e-04 
 -1.6624243289e-17 1.6339875460e-04 -2.6699153523e-08
 
Elt 2
 9.6739322751e-09 8.6654669443e-17 -3.7391252612e-16 
 8.6654669443e-17 2.6699153413e-08 1.6339875460e-04 
 -3.7391252612e-16 1.6339875460e-04 -2.6699153412e-08
 
Elt 1
 1.0450431577e-08 -6.2734996349e-21 -5.7656238949e-17 
 -6.2734996349e-21 2.8970435617e-08 1.7020703602e-04 
 -5.7656238949e-17 1.7020703602e-04 -2.8970435697e-08
 
Elt 2
 1.0450431799e-08 9.0124721402e-17 -3.5040660656e-16 
 9.0124721402e-17 2.8970435506e-08 1.7020703602e-04 
 -3.5040660656e-16 1.7020703602e-04 -2.8970435697e-08
 
Elt 1
 1.1266967074e-08 -6.5551151207e-21 -5.7822764034e-17 
 -6.5551151207e-21 3.1334423261e-08 1.7701531743e-04 
 -5.7822764034e-17 1.7701531743e-04 -3.1334423208e-08
 
Elt 2
 1.1266967518e-08 8.6659211607e-17 -3.0988335654e-16 
 8.6659211607e-17 3.1334423094e-08 1.7701531743e-04 
 -3.0988335654e-16 1.7701531743e-04 -3.1334423263e-08
 
Elt 1
 1.2131112263e-08 -1.0293633595e-20 -8.7359761580e-17 
 -1.0293633595e-20 3.3791116120e-08 1.8382359885e-04 
 -8.7359761580e-17 1.8382359885e-04 -3.3791116278e-08
 
Elt 2
 1.2131112707e-08 1.0747228568e-16 -3.1340823374e-16 
 1.0747228568e-16 3.3791116175e-08 1.8382359885e-04 
 -3.1340823374e-16 1.8382359885e-04 -3.3791116223e-08
 
Elt 1
 1.3048987361e-08 -7.0514238105e-21 -5.7713097420e-17 
 -7.0514238105e-21 3.6340514581e-08 1.9063188026e-04 
 -5.7713097420e-17 1.9063188026e-04 -3.6340514630e-08
 
Elt 2
 1.3048987583e-08 8.6647523461e-17 -3.4014099818e-16 
 8.6647523461e-17 3.6340514525e-08 1.9063188026e-04 
 -3.4014099818e-16 1.9063188026e-04 -3.6340514685e-08
 
Elt 1
 1.4024669105e-08 -1.2371666814e-20 -9.7871177617e-17 
 -1.2371666814e-20 3.8982618476e-08 1.9744016167e-04 
 -9.7871177617e-17 1.9744016167e-04 -3.8982618429e-08
 
Elt 2
 1.4024669105e-08 8.3161173233e-17 -4.0971627485e-16 
 8.3161173233e-17 3.8982618254e-08 1.9744016167e-04 
 -4.0971627485e-16 1.9744016167e-04 -3.8982618540e-08
 
Elt 1
 1.5059827272e-08 -1.6182539967e-20 -1.2398935167e-16 
 -1.6182539967e-20 4.1717427692e-08 2.0424844308e-04 
 -1.2398935167e-16 2.0424844308e-04 -4.1717427677e-08
 
Elt 2
 1.5059827494e-08 1.2477720862e-16 -4.7673802461e-16 
 1.2477720862e-16 4.1717427526e-08 2.0424844308e-04 
 -4.7673802461e-16 2.0424844308e-04 -4.1717427621e-08
 
Elt 1
 1.6153615870e-08 -4.4757545038e-21 -3.3272065896e-17 
 -4.4757545038e-21 4.4544942339e-08 2.1105672448e-04 
 -3.3272065896e-17 2.1105672448e-04 -4.4544942260e-08
 
Elt 2
 1.6153616092e-08 7.2755541722e-17 -3.6238867979e-16 
 7.2755541722e-17 4.4544942228e-08 2.1105672448e-04 
 -3.6238867979e-16 2.1105672448e-04 -4.4544942260e-08
 
Elt 1
 1.7302820582e-08 -5.9397628622e-21 -4.2903382068e-17 
 -5.9397628622e-21 4.7465162304e-08 2.1786500589e-04 
 -4.2903382068e-17 2.1786500589e-04 -4.7465162291e-08
 
Elt 2
 1.7302821248e-08 9.0122898805e-17 -2.5480058534e-16 
 9.0122898805e-17 4.7465162193e-08 2.1786500589e-04 
 -2.5480058534e-16 2.1786500589e-04 -4.7465162291e-08
 
Elt 1
 1.8502253336e-08 -6.6512179686e-21 -4.6733761150e-17 
 -6.6512179686e-21 5.0478087695e-08 2.2467328729e-04 
 -4.6733761150e-17 2.2467328729e-04 -5.0478087769e-08
 
Elt 2
 1.8502253558e-08 1.0746754922e-16 -2.5479950070e-16 
 1.0746754922e-16 5.0478087584e-08 2.2467328729e-04 
 -2.5479950070e-16 2.2467328729e-04 -5.0478087769e-08
 
Elt 1
 1.9745329399e-08 3.7574391645e-21 2.5703880517e-17 
 3.7574391645e-21 5.3583718566e-08 2.3148156869e-04 
 2.5703880517e-17 2.3148156869e-04 -5.3583718527e-08
 
Elt 2
 1.9745329843e-08 9.0102710727e-17 -3.1967946452e-16 
 9.0102710727e-17 5.3583718455e-08 2.3148156869e-04 
 -3.1967946452e-16 2.3148156869e-04 -5.3583718527e-08
 
Elt 1
 2.1024781028e-08 3.5147074343e-21 2.3422342342e-17 
 3.5147074343e-21 5.6782054805e-08 2.3828985009e-04 
 2.3422342342e-17 2.3828985009e-04 -5.6782054786e-08
 
Elt 2
 2.1024781472e-08 1.0048767172e-16 -4.0509372731e-16 
 1.0048767172e-16 5.6782054639e-08 2.3828985009e-04 
 -4.0509372731e-16 2.3828985009e-04 -5.6782054731e-08
 
Elt 1
 2.2333417532e-08 3.8532317319e-21 2.5024587537e-17 
 3.8532317319e-21 6.0073096409e-08 2.4509813149e-04 
 2.5024587537e-17 2.4509813149e-04 -6.0073096437e-08
 
Elt 2
 2.2333418199e-08 1.0749127793e-16 -1.2634320034e-16 
 1.0749127793e-16 6.0073096298e-08 2.4509813149e-04 
 -1.2634320034e-16 2.4509813149e-04 -6.0073096548e-08
 
Elt 1
 2.3664860014e-08 -1.1108623148e-22 -7.0324049348e-19 
 -1.1108623148e-22 6.3456843486e-08 2.5190641288e-04 
 -7.0324049348e-19 2.5190641288e-04 -6.3456843589e-08
 
Elt 2
 2.3664860236e-08 8.6609999660e-17 -3.7598453286e-16 
 8.6609999660e-17 6.3456843431e-08 2.5190641288e-04 
 -3.7598453286e-16 2.5190641288e-04 -6.3456843533e-08
 
Elt 1
 2.5014173308e-08 9.4315296228e-21 5.8209121379e-17 
 9.4315296228e-21 6.6933296036e-08 2.5871469428e-04 
 5.8209121379e-17 2.5871469428e-04 -6.6933296020e-08
 
Elt 2
 2.5014173531e-08 1.1097439646e-16 -6.0277697820e-17 
 1.1097439646e-16 6.6933295869e-08 2.5871469428e-04 
 -6.0277697820e-17 2.5871469428e-04 -6.6933296075e-08
 
Elt 1
 2.6378334724e-08 6.0145183181e-21 3.6193193911e-17 
 6.0145183181e-21 7.0502453888e-08 2.6552297567e-04 
 3.6193193911e-17 2.6552297567e-04 -7.0502453896e-08
 
Elt 2
 2.6378335168e-08 1.2482138168e-16 -1.7153708041e-16 
 1.2482138168e-16 7.0502453888e-08 2.6552297567e-04 
 -1.7153708041e-16 2.6552297567e-04 -7.0502453896e-08
 
Elt 1
 2.7756495161e-08 1.2167087495e-20 7.1399132350e-17 
 1.2167087495e-20 7.4164317262e-08 2.7233125706e-04 
 7.1399132350e-17 2.7233125706e-04 -7.4164317217e-08
 
Elt 2
 2.7756495383e-08 1.7688698451e-16 -7.6372690280e-17 
 1.7688698451e-16 7.4164317151e-08 2.7233125706e-04 
 -7.6372690280e-17 2.7233125706e-04 -7.4164317217e-08
 
Elt 1
 2.9150009092e-08 1.2437257458e-20 7.1187415647e-17 
 1.2437257458e-20 7.7918885935e-08 2.7913953845e-04 
 7.1187415647e-17 2.7913953845e-04 -7.7918885983e-08
 
Elt 2
 2.9150009537e-08 1.4220003815e-16 -4.4512521401e-17 
 1.4220003815e-16 7.7918885935e-08 2.7913953845e-04 
 -4.4512521401e-17 2.7913953845e-04 -7.7918885983e-08
 
Elt 1
 3.0562241159e-08 1.5392770487e-20 8.5960786993e-17 
 1.5392770487e-20 8.1766160014e-08 2.8594781983e-04 
 8.5960786993e-17 2.8594781983e-04 -8.1766160083e-08
 
Elt 2
 3.0562241603e-08 1.3870473083e-16 -1.3091755202e-16 
 1.3870473083e-16 8.1766159959e-08 2.8594781983e-04 
 -1.3091755202e-16 2.8594781983e-04 -8.1766160138e-08
 
Elt 1
 3.1998168935e-08 5.4281396123e-21 2.9588177848e-17 
 5.4281396123e-21 8.5706139664e-08 2.9275610122e-04 
 2.9588177848e-17 2.9275610122e-04 -8.5706139682e-08
 
Elt 2
 3.1998169158e-08 7.9776827632e-17 5.5027039239e-17 
 7.9776827632e-17 8.5706139498e-08 2.9275610122e-04 
 5.5027039239e-17 2.9275610122e-04 -8.5706139627e-08
 
Elt 1
 3.3463831368e-08 6.9870259036e-21 3.7193502415e-17 
 6.9870259036e-21 8.9738824715e-08 2.9956438260e-04 
 3.7193502415e-17 2.9956438260e-04 -8.9738824614e-08
 
Elt 2
 3.3463831812e-08 1.2134356746e-16 -1.6578656186e-16 
 1.2134356746e-16 8.9738824549e-08 2.9956438260e-04 
 -1.6578656186e-16 2.9956438260e-04 -8.9738824670e-08
 
Elt 1
 3.4965685735e-08 1.0629154648e-20 5.5289706839e-17 
 1.0629154648e-20 9.3864215166e-08 3.0637266398e-04 
 5.5289706839e-17 3.0637266398e-04 -9.3864215101e-08
 
Elt 2
 3.4965685957e-08 1.3522505369e-16 -1.4725756690e-16 
 1.3522505369e-16 9.3864215110e-08 3.0637266398e-04 
 -1.4725756690e-16 3.0637266398e-04 -9.3864215045e-08
 
Elt 1
 3.6509932410e-08 1.5756555412e-20 8.0143938427e-17 
 1.5756555412e-20 9.8082311012e-08 3.1318094536e-04 
 8.0143938427e-17 3.1318094536e-04 -9.8082310920e-08
 
Elt 2
 3.6509932632e-08 9.0124376384e-17 -1.3452600207e-16 
 9.0124376384e-17 9.8082310901e-08 3.1318094536e-04 
 -1.3452600207e-16 3.1318094536e-04 -9.8082310919e-08
 
Elt 1
 3.8101889806e-08 1.5402512290e-20 7.6661133866e-17 
 1.5402512290e-20 1.0239311208e-07 3.1998922673e-04 
 7.6661133866e-17 3.1998922673e-04 -1.0239311224e-07
 
Elt 2
 3.8101889806e-08 7.2802350224e-17 -5.0227810230e-17 
 7.2802350224e-17 1.0239311214e-07 3.1998922673e-04 
 -5.0227810230e-17 3.1998922673e-04 -1.0239311218e-07
 
Elt 1
 3.9745469236e-08 1.6145353019e-20 7.8690092000e-17 
 1.6145353019e-20 1.0679661888e-07 3.2679750811e-04 
 7.8690092000e-17 3.2679750811e-04 -1.0679661889e-07
 
Elt 2
 3.9745469458e-08 7.2829476582e-17 3.6423499335e-17 
 7.2829476582e-17 1.0679661883e-07 3.2679750811e-04 
 3.6423499335e-17 3.2679750811e-04 -1.0679661883e-07
 
Elt 1
 4.1442812767e-08 1.3086034677e-20 6.2499295483e-17 
 1.3086034677e-20 1.1129283101e-07 3.3360578948e-04 
 6.2499295483e-17 3.3360578948e-04 -1.1129283103e-07
 
Elt 2
 4.1442812767e-08 -3.0763530977e-21 -1.4692755010e-17 
 -3.0763530977e-21 1.1129283090e-07 3.3360578948e-04 
 -1.4692755010e-17 3.3360578948e-04 -1.1129283103e-07
 
Elt 1
 4.3194117571e-08 -5.8960788796e-17 5.8191238579e-17 
 -5.8960788796e-17 1.1588174863e-07 3.4041407085e-04 
 5.8191238579e-17 3.4041407085e-04 -1.1588174851e-07
 
Elt 2
 4.3194118237e-08 6.5771845458e-17 -3.0883920417e-16 
 6.5771845458e-17 1.1588174852e-07 3.4041407085e-04 
 -3.0883920417e-16 3.4041407085e-04 -1.1588174851e-07
 
Elt 1
 4.4997668578e-08 4.6850643467e-21 2.1527743398e-17 
 4.6850643467e-21 1.2056337153e-07 3.4722235222e-04 
 2.1527743398e-17 3.4722235222e-04 -1.2056337154e-07
 
Elt 2
 4.4997668800e-08 1.0394069905e-16 -2.8612099644e-16 
 1.0394069905e-16 1.2056337153e-07 3.4722235222e-04 
 -2.8612099644e-16 3.4722235222e-04 -1.2056337154e-07
 
Elt 1
 4.6850057180e-08 8.8409411600e-21 3.9878430347e-17 
 8.8409411600e-21 1.2533770008e-07 3.5403063358e-04 
 3.9878430347e-17 3.5403063358e-04 -1.2533769995e-07
 
Elt 2
 4.6850057846e-08 5.8886218777e-17 -1.4170052885e-16 
 5.8886218777e-17 1.2533769985e-07 3.5403063358e-04 
 -1.4170052885e-16 3.5403063358e-04 -1.2533770006e-07
 
Elt 1
 4.8746579806e-08 2.7701690489e-21 1.2271144693e-17 
 2.7701690489e-21 1.3020473378e-07 3.6083891495e-04 
 1.2271144693e-17 3.6083891495e-04 -1.3020473381e-07
 
Elt 2
 4.8746580028e-08 -2.3493359636e-20 -1.0406961132e-16 
 -2.3493359636e-20 1.3020473378e-07 3.6083891495e-04 
 -1.0406961132e-16 3.6083891495e-04 -1.3020473381e-07
 
Elt 1
 5.0681749068e-08 1.3085062766e-21 5.6942844703e-18 
 1.3085062766e-21 1.3516447319e-07 3.6764719631e-04 
 5.6942844703e-18 3.6764719631e-04 -1.3516447311e-07
 
Elt 2
 5.0681749512e-08 6.5838056407e-17 -9.6621538116e-17 
 6.5838056407e-17 1.3516447302e-07 3.6764719631e-04 
 -9.6621538116e-17 3.6764719631e-04 -1.3516447316e-07
 
Elt 1
 5.2649876849e-08 -6.6050687735e-21 -2.8244692915e-17 
 -6.6050687735e-21 1.4021691785e-07 3.7445547767e-04 
 -2.8244692915e-17 3.7445547767e-04 -1.4021691784e-07
 
Elt 2
 5.2649877071e-08 -6.2723422850e-20 -2.6821883130e-16 
 -6.2723422850e-20 1.4021691758e-07 3.7445547767e-04 
 -2.6821883130e-16 3.7445547767e-04 -1.4021691790e-07
 
Elt 1
 5.4645662279e-08 -4.5746245967e-21 -1.9226275061e-17 
 -4.5746245967e-21 1.4536206805e-07 3.8126375903e-04 
 -1.9226275061e-17 3.8126375903e-04 -1.4536206807e-07
 
Elt 2
 5.4645662501e-08 1.1437603523e-16 -1.7861907639e-16 
 1.1437603523e-16 1.4536206794e-07 3.8126375903e-04 
 -1.7861907639e-16 3.8126375903e-04 -1.4536206807e-07
 
Elt 1
 5.6664723529e-08 -1.1533237441e-20 -4.7646962766e-17 
 -1.1533237441e-20 1.5059992372e-07 3.8807204039e-04 
 -4.7646962766e-17 3.8807204039e-04 -1.5059992363e-07
 
Elt 2
 5.6664723751e-08 -7.2600804227e-20 -2.9993380834e-16 
 -7.2600804227e-20 1.5059992361e-07 3.8807204039e-04 
 -2.9993380834e-16 3.8807204039e-04 -1.5059992363e-07
 
Elt 1
 5.8704024140e-08 -9.0683285034e-21 -3.6830554756e-17 
 -9.0683285034e-21 1.5593048464e-07 3.9488032175e-04 
 -3.6830554756e-17 3.9488032175e-04 -1.5593048474e-07
 
Elt 2
 5.8704024806e-08 6.5757638650e-17 -2.8499186592e-16 
 6.5757638650e-17 1.5593048442e-07 3.9488032175e-04 
 -2.8499186592e-16 3.9488032175e-04 -1.5593048485e-07
 
Elt 1
 6.0762148798e-08 -1.8645917090e-20 -7.4458028416e-17 
 -1.8645917090e-20 1.6135375119e-07 4.0168860310e-04 
 -7.4458028416e-17 4.0168860310e-04 -1.6135375123e-07
 
Elt 2
 6.0762149020e-08 -6.1646634001e-20 -2.4617114939e-16 
 -6.1646634001e-20 1.6135375108e-07 4.0168860310e-04 
 -2.4617114939e-16 4.0168860310e-04 -1.6135375124e-07
 
Elt 1
 6.2839406813e-08 -1.9610087012e-20 -7.7003124921e-17 
 -1.9610087012e-20 1.6686972320e-07 4.0849688445e-04 
 -7.7003124921e-17 4.0849688445e-04 -1.6686972317e-07
 
Elt 2
 6.2839407257e-08 7.2680220488e-17 -3.1126302772e-16 
 7.2680220488e-17 1.6686972303e-07 4.0849688445e-04 
 -3.1126302772e-16 4.0849688445e-04 -1.6686972322e-07
 
Elt 1
 6.4937756839e-08 -1.0337025958e-20 -3.9919979437e-17 
 -1.0337025958e-20 1.7247840039e-07 4.1530516580e-04 
 -3.9919979437e-17 4.1530516580e-04 -1.7247840059e-07
 
Elt 2
 6.4937757061e-08 1.2123470843e-16 -3.4690200024e-16 
 1.2123470843e-16 1.7247840028e-07 4.1530516580e-04 
 -3.4690200024e-16 4.1530516580e-04 -1.7247840059e-07
 
Elt 1
 6.7060563519e-08 -9.7879350064e-21 -3.7181857427e-17 
 -9.7879350064e-21 1.7817978326e-07 4.2211344715e-04 
 -3.7181857427e-17 4.2211344715e-04 -1.7817978345e-07
 
Elt 2
 6.7060563741e-08 1.2477108914e-16 -1.8072405608e-16 
 1.2477108914e-16 1.7817978332e-07 4.2211344715e-04 
 -1.8072405608e-16 4.2211344715e-04 -1.7817978339e-07
 
Elt 1
 6.9212216672e-08 7.6327721116e-17 -2.5931389419e-19 
 7.6327721116e-17 1.8397387175e-07 4.2892172849e-04 
 -2.5931389419e-19 4.2892172849e-04 -1.8397387169e-07
 
Elt 2
 6.9212217116e-08 1.8031772632e-16 -9.3137806927e-17 
 1.8031772632e-16 1.8397387164e-07 4.2892172849e-04 
 -9.3137806927e-17 4.2892172849e-04 -1.8397387169e-07
 
Elt 1
 7.1397656569e-08 5.8978059865e-17 -5.8237715981e-18 
 5.8978059865e-17 1.8986066552e-07 4.3573000984e-04 
 -5.8237715981e-18 4.3573000984e-04 -1.8986066553e-07
 
Elt 2
 7.1397657014e-08 1.1430224851e-16 -3.1001632353e-16 
 1.1430224851e-16 1.8986066535e-07 4.3573000984e-04 
 -3.1001632353e-16 4.3573000984e-04 -1.8986066559e-07
 
Elt 1
 7.3621853457e-08 6.2445359671e-17 -1.0586525249e-17 
 6.2445359671e-17 1.9584016473e-07 4.4253829118e-04 
 -1.0586525249e-17 4.4253829118e-04 -1.9584016470e-07
 
Elt 2
 7.3621853235e-08 1.6293548216e-16 -1.6554172814e-16 
 1.6293548216e-16 1.9584016462e-07 4.4253829118e-04 
 -1.6554172814e-16 4.4253829118e-04 -1.9584016470e-07
 
Elt 1
 7.5889297076e-08 -1.5344088089e-21 -5.4710722926e-18 
 -1.5344088089e-21 2.0191236938e-07 4.4934657252e-04 
 -5.4710722926e-18 4.4934657252e-04 -2.0191236942e-07
 
Elt 2
 7.5889297298e-08 2.2539192519e-16 -1.4690627815e-16 
 2.2539192519e-16 2.0191236927e-07 4.4934657252e-04 
 -1.4690627815e-16 4.4934657252e-04 -2.0191236942e-07
 
Elt 1
 7.8203550797e-08 5.5513672877e-17 5.5297175561e-18 
 5.5513672877e-17 2.0807727964e-07 4.5615485386e-04 
 5.5297175561e-18 4.5615485386e-04 -2.0807727951e-07
 
Elt 2
 7.8203551241e-08 1.9056981793e-16 -4.2266297487e-16 
 1.9056981793e-16 2.0807727936e-07 4.5615485386e-04 
 -4.2266297487e-16 4.5615485386e-04 -2.0807727957e-07
 
Elt 1
 8.0566908341e-08 9.0209770038e-17 8.9642337035e-18 
 9.0209770038e-17 2.1433489515e-07 4.6296313520e-04 
 8.9642337035e-18 4.6296313520e-04 -2.1433489521e-07
 
Elt 2
 8.0566908563e-08 1.8722850634e-16 -1.3783115631e-16 
 1.8722850634e-16 2.1433489515e-07 4.6296313520e-04 
 -1.3783115631e-16 4.6296313520e-04 -2.1433489521e-07
 
Elt 1
 8.2980194159e-08 6.5920671029e-17 2.5109284638e-18 
 6.5920671029e-17 2.2068521621e-07 4.6977141653e-04 
 2.5109284638e-18 4.6977141653e-04 -2.2068521634e-07
 
Elt 2
 8.2980194381e-08 1.3853620833e-16 -3.8955657301e-16 
 1.3853620833e-16 2.2068521621e-07 4.6977141653e-04 
 -3.8955657301e-16 4.6977141653e-04 -2.2068521623e-07
 
Elt 1
 8.5442713474e-08 -4.1359902426e-21 -1.3911999279e-17 
 -4.1359902426e-21 2.2712824269e-07 4.7657969786e-04 
 -1.3911999279e-17 4.7657969786e-04 -2.2712824279e-07
 
Elt 2
 8.5442713918e-08 1.0748293798e-16 -2.1823240818e-17 
 1.0748293798e-16 2.2712824263e-07 4.7657969786e-04 
 -2.1823240818e-17 4.7657969786e-04 -2.2712824285e-07
 
Elt 1
 8.7952365298e-08 -6.1709882314e-21 -2.0471817858e-17 
 -6.1709882314e-21 2.3366397486e-07 4.8338797919e-04 
 -2.0471817858e-17 4.8338797919e-04 -2.3366397484e-07
 
Elt 2
 8.7952365298e-08 1.2475473538e-16 -1.7582211997e-16 
 1.2475473538e-16 2.3366397475e-07 4.8338797919e-04 
 -1.7582211997e-16 4.8338797919e-04 -2.3366397484e-07
 
Elt 1
 9.0505891127e-08 -2.1568466845e-20 -7.0585668985e-17 
 -2.1568466845e-20 2.4029241217e-07 4.9019626052e-04 
 -7.0585668985e-17 4.9019626052e-04 -2.4029241238e-07
 
Elt 2
 9.0505891571e-08 1.0384676113e-16 -3.5787674336e-16 
 1.0384676113e-16 2.4029241217e-07 4.9019626052e-04 
 -3.5787674336e-16 4.9019626052e-04 -2.4029241238e-07
 
Elt 1
 9.3099239758e-08 -2.1625879449e-20 -6.9832102849e-17 
 -2.1625879449e-20 2.4701355522e-07 4.9700454185e-04 
 -6.9832102849e-17 4.9700454185e-04 -2.4701355535e-07
 
Elt 2
 9.3099239758e-08 8.9967769258e-17 -3.5369001227e-16 
 8.9967769258e-17 2.4701355511e-07 4.9700454185e-04 
 -3.5369001227e-16 4.9700454185e-04 -2.4701355535e-07
 
Elt 1
 9.5728002051e-08 -1.3036298441e-20 -4.1542562773e-17 
 -1.3036298441e-20 2.5382740379e-07 5.0381282318e-04 
 -4.1542562773e-17 5.0381282318e-04 -2.5382740376e-07
 
Elt 2
 9.5728002495e-08 6.2230042378e-17 -3.1179049832e-16 
 6.2230042378e-17 2.5382740363e-07 5.0381282318e-04 
 -3.1179049832e-16 5.0381282318e-04 -2.5382740381e-07
 
Elt 1
 9.8387871450e-08 -1.0492731558e-20 -3.3002398153e-17 
 -1.0492731558e-20 2.6073395771e-07 5.1062110450e-04 
 -3.3002398153e-17 5.1062110450e-04 -2.6073395765e-07
 
Elt 2
 9.8387871895e-08 -9.6668537210e-20 -3.0404795426e-16 
 -9.6668537210e-20 2.6073395760e-07 5.1062110450e-04 
 -3.0404795426e-16 5.1062110450e-04 -2.6073395765e-07
 
Elt 1
 1.0107508208e-07 -1.1684392124e-20 -3.6276944059e-17 
 -1.1684392124e-20 2.6773321707e-07 5.1742938582e-04 
 -3.6276944059e-17 5.1742938582e-04 -2.6773321713e-07
 
Elt 2
 1.0107508230e-07 -1.0604926864e-19 -3.2925490285e-16 
 -1.0604926864e-19 2.6773321696e-07 5.1742938582e-04 
 -3.2925490285e-16 5.1742938582e-04 -2.6773321713e-07
 
Elt 1
 1.0378678156e-07 -1.2930227987e-20 -3.9631524501e-17 
 -1.2930227987e-20 2.7482518194e-07 5.2423766714e-04 
 -3.9631524501e-17 5.2423766714e-04 -2.7482518205e-07
 
Elt 2
 1.0378678178e-07 -9.1787968410e-20 -2.8133279076e-16 
 -9.1787968410e-20 2.7482518189e-07 5.2423766714e-04 
 -2.8133279076e-16 5.2423766714e-04 -2.7482518199e-07
 
Elt 1
 1.0652129833e-07 -5.6693626175e-21 -1.7156059345e-17 
 -5.6693626175e-21 2.8200985242e-07 5.3104594846e-04 
 -1.7156059345e-17 5.3104594846e-04 -2.8200985240e-07
 
Elt 2
 1.0652129855e-07 -9.9163739483e-20 -3.0007941225e-16 
 -9.9163739483e-20 2.8200985237e-07 5.3104594846e-04 
 -3.0007941225e-16 5.3104594846e-04 -2.8200985234e-07
 
Elt 1
 1.0927828356e-07 -1.0591794080e-20 -3.1647545379e-17 
 -1.0591794080e-20 2.8928722828e-07 5.3785422977e-04 
 -3.1647545379e-17 5.3785422977e-04 -2.8928722828e-07
 
Elt 2
 1.0927828356e-07 -1.0867218429e-19 -3.2470494213e-16 
 -1.0867218429e-19 2.8928722828e-07 5.3785422977e-04 
 -3.2470494213e-16 5.3785422977e-04 -2.8928722828e-07
 
Elt 1
 1.1205871225e-07 -1.9664210773e-20 -5.8019717196e-17 
 -1.9664210773e-20 2.9665730968e-07 5.4466251109e-04 
 -5.8019717196e-17 5.4466251109e-04 -2.9665730965e-07
 
Elt 2
 1.1205871247e-07 -1.2131177853e-19 -3.5793326132e-16 
 -1.2131177853e-19 2.9665730963e-07 5.4466251109e-04 
 -3.5793326132e-16 5.4466251109e-04 -2.9665730960e-07
 
Elt 1
 1.1486475111e-07 -8.6507443789e-21 -2.5207387656e-17 
 -8.6507443789e-21 3.0412009651e-07 5.5147079240e-04 
 -2.5207387656e-17 5.5147079240e-04 -3.0412009650e-07
 
Elt 2
 1.1486475133e-07 8.9972766798e-17 -2.9736600878e-16 
 8.9972766798e-17 3.0412009635e-07 5.5147079240e-04 
 -2.9736600878e-16 5.5147079240e-04 -3.0412009656e-07
 
Elt 1
 1.1769950366e-07 -1.2759902374e-20 -3.6724044964e-17 
 -1.2759902374e-20 3.1167558893e-07 5.5827907371e-04 
 -3.6724044964e-17 5.5827907371e-04 -3.1167558889e-07
 
Elt 2
 1.1769950388e-07 -1.2208790218e-19 -3.5137899056e-16 
 -1.2208790218e-19 3.1167558888e-07 5.5827907371e-04 
 -3.5137899056e-16 5.5827907371e-04 -3.1167558895e-07
 
Elt 1
 1.2056667093e-07 -9.7013084073e-21 -2.7581838700e-17 
 -9.7013084073e-21 3.1932378671e-07 5.6508735502e-04 
 -2.7581838700e-17 5.6508735502e-04 -3.1932378682e-07
 
Elt 2
 1.2056667115e-07 1.0384408940e-16 -2.9862543700e-16 
 1.0384408940e-16 3.1932378660e-07 5.6508735502e-04 
 -2.9862543700e-16 5.6508735502e-04 -3.1932378682e-07
 
Elt 1
 1.2347015492e-07 -3.7067473800e-21 -1.0412227660e-17 
 -3.7067473800e-21 3.2706469019e-07 5.7189563632e-04 
 -1.0412227660e-17 5.7189563632e-04 -3.2706469018e-07
 
Elt 2
 1.2347015536e-07 1.1080350699e-16 -2.5769583455e-16 
 1.1080350699e-16 3.2706469019e-07 5.7189563632e-04 
 -2.5769583455e-16 5.7189563632e-04 -3.2706469007e-07
 
Elt 1
 1.2641365644e-07 -2.4807092721e-21 -6.8858605454e-18 
 -2.4807092721e-21 3.3489829895e-07 5.7870391763e-04 
 -6.8858605454e-18 5.7870391763e-04 -3.3489829912e-07
 
Elt 2
 1.2641365732e-07 1.0734299537e-16 -2.3775874434e-16 
 1.0734299537e-16 3.3489829879e-07 5.7870391763e-04 
 -2.3775874434e-16 5.7870391763e-04 -3.3489829918e-07
 
Elt 1
 1.2940029899e-07 -3.0681611083e-21 -8.4172497545e-18 
 -3.0681611083e-21 3.4282461329e-07 5.8551219893e-04 
 -8.4172497545e-18 5.8551219893e-04 -3.4282461350e-07
 
Elt 2
 1.2940029921e-07 1.2465194304e-16 -2.9893485682e-16 
 1.2465194304e-16 3.4282461335e-07 5.8551219893e-04 
 -2.9893485682e-16 5.8551219893e-04 -3.4282461344e-07
 
Elt 1
 1.3243232455e-07 -5.0605783789e-21 -1.3724033947e-17 
 -5.0605783789e-21 3.5084363330e-07 5.9232048023e-04 
 -1.3724033947e-17 5.9232048023e-04 -3.5084363340e-07
 
Elt 2
 1.3243232455e-07 8.9981687918e-17 -2.5317398454e-16 
 8.9981687918e-17 3.5084363319e-07 5.9232048023e-04 
 -2.5317398454e-16 5.9232048023e-04 -3.5084363340e-07
 
Elt 1
 1.3551088643e-07 1.4909240819e-20 3.9976621021e-17 
 1.4909240819e-20 3.5895535870e-07 5.9912876153e-04 
 3.9976621021e-17 5.9912876153e-04 -3.5895535879e-07
 
Elt 2
 1.3551088666e-07 8.9968428988e-17 -2.7100756279e-16 
 8.9968428988e-17 3.5895535870e-07 5.9912876153e-04 
 -2.7100756279e-16 5.9912876153e-04 -3.5895535879e-07
 
Elt 1
 1.3863596021e-07 2.5644716600e-20 6.7997651580e-17 
 2.5644716600e-20 3.6715978977e-07 6.0593704283e-04 
 6.7997651580e-17 6.0593704283e-04 -3.6715978971e-07
 
Elt 2
 1.3863596043e-07 6.9239142296e-17 -1.2233363465e-16 
 6.9239142296e-17 3.6715978966e-07 6.0593704283e-04 
 -1.2233363465e-16 6.0593704283e-04 -3.6715978971e-07
 
Elt 1
 1.4180637480e-07 2.2131076327e-20 5.8038440132e-17 
 2.2131076327e-20 3.7545692616e-07 6.1274532412e-04 
 5.8038440132e-17 6.1274532412e-04 -3.7545692627e-07
 
Elt 2
 1.4180637525e-07 8.6563403656e-17 -1.5707830119e-16 
 8.6563403656e-17 3.7545692605e-07 6.1274532412e-04 
 -1.5707830119e-16 6.1274532412e-04 -3.7545692627e-07
 
Elt 1
 1.4501996218e-07 2.5513819779e-20 6.6186787414e-17 
 2.5513819779e-20 3.8384676809e-07 6.1955360541e-04 
 6.6186787414e-17 6.1955360541e-04 -3.8384676826e-07
 
Elt 2
 1.4501996240e-07 1.0385196390e-16 -2.4869051131e-16 
 1.0385196390e-16 3.8384676804e-07 6.1955360541e-04 
 -2.4869051131e-16 6.1955360541e-04 -3.8384676820e-07
 
Elt 1
 1.4827380490e-07 2.2605596101e-20 5.8016652765e-17 
 2.2605596101e-20 3.9232931567e-07 6.2636188670e-04 
 5.8016652765e-17 6.2636188670e-04 -3.9232931578e-07
 
Elt 2
 1.4827380512e-07 1.4558685249e-16 -8.2545377173e-17 
 1.4558685249e-16 3.9232931556e-07 6.2636188670e-04 
 -8.2545377173e-17 6.2636188670e-04 -3.9232931578e-07
 
Elt 1
 1.5156455519e-07 3.4754997107e-20 8.8256301263e-17 
 3.4754997107e-20 4.0090456878e-07 6.3317016799e-04 
 8.8256301263e-17 6.3317016799e-04 -4.0090456883e-07
 
Elt 2
 1.5156455541e-07 5.8720279976e-17 -2.8626100468e-16 
 5.8720279976e-17 4.0090456873e-07 6.3317016799e-04 
 -2.8626100468e-16 6.3317016799e-04 -4.0090456877e-07
 
Elt 1
 1.5488878646e-07 -5.8933810203e-17 7.3107804203e-17 
 -5.8933810203e-17 4.0957252731e-07 6.3997844928e-04 
 7.3107804203e-17 6.3997844928e-04 -4.0957252741e-07
 
Elt 2
 1.5488878668e-07 -8.6043046346e-20 -2.1621205676e-16 
 -8.6043046346e-20 4.0957252725e-07 6.3997844928e-04 
 -2.1621205676e-16 6.3997844928e-04 -4.0957252736e-07
 
Elt 1
 1.5824334812e-07 3.2050716744e-20 7.9703144224e-17 
 3.2050716744e-20 4.1833319146e-07 6.4678673057e-04 
 7.9703144224e-17 6.4678673057e-04 -4.1833319152e-07
 
Elt 2
 1.5824334878e-07 7.2685337723e-17 -1.4267050207e-16 
 7.2685337723e-17 4.1833319141e-07 6.4678673057e-04 
 -1.4267050207e-16 6.4678673057e-04 -4.1833319147e-07
 
Elt 1
 1.6162568110e-07 3.8976438531e-20 9.5928307646e-17 
 3.8976438531e-20 4.2718656118e-07 6.5359501185e-04 
 9.5928307646e-17 6.5359501185e-04 -4.2718656122e-07
 
Elt 2
 1.6162568132e-07 -4.2426693776e-20 -1.0442003152e-16 
 -4.2426693776e-20 4.2718656096e-07 6.5359501185e-04 
 -1.0442003152e-16 6.5359501185e-04 -4.2718656122e-07
 
Elt 1
 1.6503406345e-07 2.2999194223e-20 5.6026645368e-17 
 2.2999194223e-20 4.3613263636e-07 6.6040329313e-04 
 5.6026645368e-17 6.6040329313e-04 -4.3613263639e-07
 
Elt 2
 1.6503406345e-07 -3.4179225072e-20 -8.3261496203e-17 
 -3.4179225072e-20 4.3613263630e-07 6.6040329313e-04 
 -8.3261496203e-17 6.6040329313e-04 -4.3613263634e-07
 
Elt 1
 1.6846776576e-07 2.0220735638e-20 4.8757971898e-17 
 2.0220735638e-20 4.4517141720e-07 6.6721157441e-04 
 4.8757971898e-17 6.6721157441e-04 -4.4517141715e-07
 
Elt 2
 1.6846776598e-07 1.0732229890e-16 -2.2067616927e-16 
 1.0732229890e-16 4.4517141714e-07 6.6721157441e-04 
 -2.2067616927e-16 6.6721157441e-04 -4.4517141709e-07
 
Elt 1
 1.7192710132e-07 1.6546383184e-20 3.9495561300e-17 
 1.6546383184e-20 4.5430290353e-07 6.7401985569e-04 
 3.9495561300e-17 6.7401985569e-04 -4.5430290343e-07
 
Elt 2
 1.7192710154e-07 -5.2675494934e-20 -1.2573432021e-16 
 -5.2675494934e-20 4.5430290342e-07 6.7401985569e-04 
 -1.2573432021e-16 6.7401985569e-04 -4.5430290343e-07
 
Elt 1
 1.7541336643e-07 2.3260581011e-20 5.4965995893e-17 
 2.3260581011e-20 4.6352709525e-07 6.8082813697e-04 
 5.4965995893e-17 6.8082813697e-04 -4.6352709535e-07
 
Elt 2
 1.7541336688e-07 -5.2848387601e-20 -1.2488356417e-16 
 -5.2848387601e-20 4.6352709514e-07 6.8082813696e-04 
 -1.2488356417e-16 6.8082813696e-04 -4.6352709535e-07
 
Elt 1
 1.7892868296e-07 2.3013445116e-20 5.3841642298e-17 
 2.3013445116e-20 4.7284399267e-07 6.8763641824e-04 
 5.3841642298e-17 6.8763641824e-04 -4.7284399280e-07
 
Elt 2
 1.7892868340e-07 9.6890253368e-17 -2.4488957339e-16 
 9.6890253368e-17 4.7284399256e-07 6.8763641824e-04 
 -2.4488957339e-16 6.8763641824e-04 -4.7284399279e-07
 
Elt 1
 1.8247575940e-07 -2.2714132975e-21 -5.2617996861e-18 
 -2.2714132975e-21 4.8225359567e-07 6.9444469951e-04 
 -5.2617996861e-18 6.9444469951e-04 -4.8225359577e-07
 
Elt 2
 1.8247575962e-07 1.4201240805e-16 -2.1340755149e-16 
 1.4201240805e-16 4.8225359545e-07 6.9444469951e-04 
 -2.1340755149e-16 6.9444469951e-04 -4.8225359577e-07
 
Elt 1
 1.8605759867e-07 9.0930215468e-21 2.0858828287e-17 
 9.0930215468e-21 4.9175590426e-07 7.0125298078e-04 
 2.0858828287e-17 7.0125298078e-04 -4.9175590427e-07
 
Elt 2
 1.8605759912e-07 6.2242307830e-17 -1.7136182770e-16 
 6.2242307830e-17 4.9175590410e-07 7.0125298078e-04 
 -1.7136182770e-16 7.0125298078e-04 -4.9175590432e-07
 
Elt 1
 1.8967718418e-07 9.4165465307e-22 2.1392536772e-18 
 9.4165465307e-22 5.0135091842e-07 7.0806126205e-04 
 2.1392536772e-18 7.0806126205e-04 -5.0135091840e-07
 
Elt 2
 1.8967718396e-07 9.3365821460e-17 -3.1187530698e-16 
 9.3365821460e-17 5.0135091837e-07 7.0806126205e-04 
 -3.1187530698e-16 7.0806126205e-04 -5.0135091834e-07
 
Elt 1
 1.9333717246e-07 1.7694008288e-20 3.9813815773e-17 
 1.7694008288e-20 5.1103863810e-07 7.1486954332e-04 
 3.9813815773e-17 7.1486954332e-04 -5.1103863800e-07
 
Elt 2
 1.9333717268e-07 1.2484593431e-16 4.9116756814e-17 
 1.2484593431e-16 5.1103863799e-07 7.1486954332e-04 
 4.9116756814e-17 7.1486954332e-04 -5.1103863800e-07
 
Elt 1
 1.9703963207e-07 -7.3712453547e-21 -1.6429901962e-17 
 -7.3712453547e-21 5.2081906328e-07 7.2167782458e-04 
 -1.6429901962e-17 7.2167782458e-04 -5.2081906329e-07
 
Elt 2
 1.9703963229e-07 1.4545449195e-16 -2.3855245542e-16 
 1.4545449195e-16 5.2081906323e-07 7.2167782458e-04 
 -2.3855245542e-16 7.2167782458e-04 -5.2081906334e-07
 
Elt 1
 2.0078584533e-07 -7.5687550789e-21 -1.6713024568e-17 
 -7.5687550789e-21 5.3069219419e-07 7.2848610584e-04 
 -1.6713024568e-17 7.2848610584e-04 -5.3069219416e-07
 
Elt 2
 2.0078584555e-07 1.0389294660e-16 -1.3657405280e-16 
 1.0389294660e-16 5.3069219402e-07 7.2848610584e-04 
 -1.3657405280e-16 7.2848610584e-04 -5.3069219421e-07
 
Elt 1
 2.0457619726e-07 6.2416895488e-17 -4.5080449837e-17 
 6.2416895488e-17 5.4065803053e-07 7.3529438710e-04 
 -4.5080449837e-17 7.3529438710e-04 -5.4065803055e-07
 
Elt 2
 2.0457619704e-07 1.3507677618e-16 -1.9017002860e-16 
 1.3507677618e-16 5.4065803058e-07 7.3529438710e-04 
 -1.9017002860e-16 7.3529438710e-04 -5.4065803049e-07
 
Elt 1
 2.0841015962e-07 8.3229542564e-17 -5.0103846497e-17 
 8.3229542564e-17 5.5071657263e-07 7.4210266836e-04 
 -5.0103846497e-17 7.4210266836e-04 -5.5071657257e-07
 
Elt 2
 2.0841015984e-07 2.1488117843e-16 -1.7769035267e-16 
 2.1488117843e-16 5.5071657264e-07 7.4210266836e-04 
 -1.7769035267e-16 7.4210266836e-04 -5.5071657246e-07
 
Elt 1
 2.1228636771e-07 1.0056388821e-16 -6.6858187652e-17 
 1.0056388821e-16 5.6086782022e-07 7.4891094962e-04 
 -6.6858187652e-17 7.4891094962e-04 -5.6086782017e-07
 
Elt 2
 2.1228636816e-07 1.7334844720e-16 -4.0564221999e-17 
 1.7334844720e-16 5.6086782011e-07 7.4891094962e-04 
 -4.0564221999e-17 7.4891094962e-04 -5.6086782017e-07
 
Elt 1
 2.1620278295e-07 6.9331826908e-17 -7.5570807213e-17 
 6.9331826908e-17 5.7111177339e-07 7.5571923088e-04 
 -7.5570807213e-17 7.5571923088e-04 -5.7111177334e-07
 
Elt 2
 2.1620278340e-07 1.8375066959e-16 -4.7174796593e-17 
 1.8375066959e-16 5.7111177323e-07 7.5571923088e-04 
 -4.7174796593e-17 7.5571923088e-04 -5.7111177339e-07
 
Elt 1
 2.2015691689e-07 7.9754277562e-17 -5.6390683335e-17 
 7.9754277562e-17 5.8144843214e-07 7.6252751213e-04 
 -5.6390683335e-17 7.6252751213e-04 -5.8144843219e-07
 
Elt 2
 2.2015691689e-07 1.7304396193e-16 -4.3692670084e-16 
 1.7304396193e-16 5.8144843214e-07 7.6252751213e-04 
 -4.3692670084e-16 7.6252751213e-04 -5.8144843208e-07
 
Elt 1
 2.2414609854e-07 -7.7978728666e-21 -1.6314021173e-17 
 -7.7978728666e-21 5.9187779663e-07 7.6933579338e-04 
 -1.6314021173e-17 7.6933579338e-04 -5.9187779646e-07
 
Elt 2
 2.2414609876e-07 1.9408045931e-16 -1.4623639691e-16 
 1.9408045931e-16 5.9187779629e-07 7.6933579338e-04 
 -1.4623639691e-16 7.6933579338e-04 -5.9187779657e-07
 
Elt 1
 2.2816775264e-07 -7.0123905670e-21 -1.4543448268e-17 
 -7.0123905670e-21 6.0239986645e-07 7.7614407463e-04 
 -1.4543448268e-17 7.7614407463e-04 -6.0239986651e-07
 
Elt 2
 2.2816775286e-07 1.5928519334e-16 -2.7371775216e-16 
 1.5928519334e-16 6.0239986617e-07 7.7614407463e-04 
 -2.7371775216e-16 7.7614407463e-04 -6.0239986657e-07
 
Elt 1
 2.3221966163e-07 7.2836792713e-17 -2.7575663467e-17 
 7.2836792713e-17 6.1301464217e-07 7.8295235588e-04 
 -2.7575663467e-17 7.8295235588e-04 -6.1301464203e-07
 
Elt 2
 2.3221966207e-07 1.0025529015e-16 -3.3321895291e-16 
 1.0025529015e-16 6.1301464195e-07 7.8295235588e-04 
 -3.3321895291e-16 7.8295235588e-04 -6.1301464214e-07
 
Elt 1
 2.3630018170e-07 5.9296844392e-21 1.2087677176e-17 
 5.9296844392e-21 6.2372212327e-07 7.8976063712e-04 
 1.2087677176e-17 7.8976063712e-04 -6.2372212329e-07
 
Elt 2
 2.3630018192e-07 9.6940462720e-17 -1.3350344024e-16 
 9.6940462720e-17 6.2372212316e-07 7.8976063712e-04 
 -1.3350344024e-16 7.8976063712e-04 -6.2372212329e-07
 
Elt 1
 2.4040839827e-07 -4.6003938568e-21 -9.2981512407e-18 
