
b:
0001 0000 0000 
0000 0001 0000 
0000 0000 0001 


F:
0001 0000 0000 
0000 0001 0000 
0000 0000 0001 



b:
0001 0000 0000 
0000 0001 0000 
0000 0000 0001 


F:
0001 0000 0000 
0000 0001 0000 
0000 0000 0001 



b:
0001 2.6360e-17 0000 
2.6360e-17 9.9989e-01 0000 
0000 0000 0001 


F:
0001 0000 0000 
2.6360e-17 9.9995e-01 0000 
0000 0000 0001 



b:
1.0001e+00 1.5021e-18 7.4777e-17 
1.5021e-18 9.9978e-01 2.8935e-35 
7.4777e-17 2.8935e-35 1.0001e+00 


F:
1.0000e+00 0000 5.5511e-17 
1.5020e-18 9.9989e-01 0000 
1.9263e-17 0000 1.0000e+00 



b:
1.0001e+00 -3.5500e-17 -2.4569e-16 
-3.5500e-17 9.9967e-01 8.3864e-34 
-2.4569e-16 8.3864e-34 1.0001e+00 


F:
1.0001e+00 0000 -2.2204e-16 
-3.5498e-17 9.9984e-01 0000 
-2.3625e-17 0000 1.0001e+00 



b:
1.0001e+00 -2.4837e-17 -1.9339e-16 
-2.4837e-17 9.9956e-01 6.6664e-34 
-1.9339e-16 6.6664e-34 1.0001e+00 


F:
1.0001e+00 0000 -1.6653e-16 
-2.4835e-17 9.9978e-01 0000 
-2.6843e-17 0000 1.0001e+00 



b:
1.0001e+00 6.3729e-17 2.7016e-16 
6.3729e-17 9.9946e-01 1.3677e-32 
2.7016e-16 1.3677e-32 1.0001e+00 


F:
1.0001e+00 0000 5.5511e-17 
6.3724e-17 9.9973e-01 0000 
2.1463e-16 0000 1.0001e+00 



b:
1.0002e+00 -1.7144e-17 2.6422e-16 
-1.7144e-17 9.9935e-01 -3.5773e-33 
2.6422e-16 -3.5773e-33 1.0002e+00 


F:
1.0001e+00 0000 5.5511e-17 
-1.7142e-17 9.9967e-01 0000 
2.0869e-16 0000 1.0001e+00 



b:
1.0003e+00 1.6896e-17 -3.6888e-16 
1.6896e-17 9.9924e-01 -3.4177e-33 
-3.6888e-16 -3.4177e-33 1.0003e+00 


F:
1.0001e+00 0000 -1.6653e-16 
1.6894e-17 9.9962e-01 0000 
-2.0230e-16 0000 1.0001e+00 



b:
1.0003e+00 1.7767e-18 -2.5391e-16 
1.7767e-18 9.9913e-01 -5.4961e-34 
-2.5391e-16 -5.4961e-34 1.0003e+00 


F:
1.0001e+00 0000 5.5511e-17 
1.7764e-18 9.9956e-01 0000 
-3.0939e-16 0000 1.0001e+00 



b:
1.0003e+00 -1.7096e-16 2.2564e-16 
-1.7096e-16 9.9902e-01 -1.6046e-35 
2.2564e-16 -1.6046e-35 1.0003e+00 


F:
1.0001e+00 -1.6653e-16 2.2204e-16 
-4.5052e-18 9.9951e-01 0000 
3.5617e-18 0000 1.0001e+00 



b:
1.0003e+00 -1.3390e-16 3.9742e-16 
-1.3390e-16 9.9891e-01 -4.0206e-33 
3.9742e-16 -4.0206e-33 1.0003e+00 


F:
1.0002e+00 -1.1102e-16 2.2204e-16 
-2.2934e-17 9.9946e-01 0000 
1.7531e-16 0000 1.0002e+00 



b:
1.0004e+00 -3.1828e-17 2.5858e-16 
-3.1828e-17 9.9880e-01 -1.1096e-16 
2.5858e-16 -1.1096e-16 1.0004e+00 


F:
1.0002e+00 -5.5511e-17 -5.5511e-17 
2.3646e-17 9.9940e-01 0000 
3.1404e-16 -1.1102e-16 1.0002e+00 



b:
1.0004e+00 5.8705e-17 -3.5273e-16 
5.8705e-17 9.9869e-01 2.2190e-16 
-3.5273e-16 2.2190e-16 1.0004e+00 


F:
1.0002e+00 5.5511e-17 -4.9960e-16 
3.2297e-18 9.9935e-01 0000 
1.4694e-16 2.2204e-16 1.0002e+00 



b:
1.0004e+00 1.4027e-16 -4.6307e-16 
1.4027e-16 9.9858e-01 1.1094e-16 
-4.6307e-16 1.1094e-16 1.0004e+00 


F:
1.0002e+00 1.1102e-16 -3.8858e-16 
2.9317e-17 9.9929e-01 0000 
-7.4394e-17 1.1102e-16 1.0002e+00 



b:
1.0005e+00 7.6539e-17 1.2154e-16 
7.6539e-17 9.9848e-01 -3.6065e-34 
1.2154e-16 -3.6065e-34 1.0005e+00 


F:
1.0002e+00 1.1102e-16 1.1102e-16 
-3.4391e-17 9.9924e-01 0000 
1.0487e-17 0000 1.0002e+00 



b:
1.0005e+00 -5.0886e-17 4.1042e-16 
-5.0886e-17 9.9837e-01 -2.2186e-16 
4.1042e-16 -2.2186e-16 1.0005e+00 


F:
1.0003e+00 -5.5511e-17 2.7756e-16 
4.5791e-18 9.9918e-01 0000 
1.3276e-16 -2.2204e-16 1.0003e+00 



b:
1.0005e+00 3.3397e-17 3.2711e-16 
3.3397e-17 9.9826e-01 -2.2185e-16 
3.2711e-16 -2.2185e-16 1.0005e+00 


F:
1.0003e+00 0000 3.3307e-16 
3.3388e-17 9.9913e-01 0000 
-6.0406e-18 -2.2204e-16 1.0003e+00 



b:
1.0005e+00 -1.0769e-16 -5.8946e-16 
-1.0769e-16 9.9815e-01 1.1092e-16 
-5.8946e-16 1.1092e-16 1.0005e+00 


F:
1.0003e+00 -5.5511e-17 -1.1102e-16 
-5.2214e-17 9.9907e-01 0000 
-4.7828e-16 1.1102e-16 1.0003e+00 



b:
1.0006e+00 -1.1516e-16 -8.4770e-16 
-1.1516e-16 9.9804e-01 1.1091e-16 
-8.4770e-16 1.1091e-16 1.0006e+00 


F:
1.0003e+00 -1.1102e-16 -4.4409e-16 
-4.2416e-18 9.9902e-01 0000 
-4.0336e-16 1.1102e-16 1.0003e+00 



b:
1.0006e+00 1.1564e-16 -2.2504e-17 
1.1564e-16 9.9793e-01 2.2181e-16 
-2.2504e-17 2.2181e-16 1.0006e+00 


F:
1.0003e+00 5.5511e-17 -1.1102e-16 
6.0172e-17 9.9897e-01 0000 
8.8525e-17 2.2204e-16 1.0003e+00 



b:
1.0007e+00 6.4554e-17 6.6191e-16 
6.4554e-17 9.9782e-01 3.5536e-32 
6.6191e-16 3.5536e-32 1.0007e+00 


F:
1.0003e+00 0000 1.1102e-16 
6.4533e-17 9.9891e-01 0000 
5.5067e-16 0000 1.0003e+00 



b:
1.0007e+00 2.7324e-18 7.6863e-16 
2.7324e-18 9.9771e-01 3.3269e-16 
7.6863e-16 3.3269e-16 1.0007e+00 


F:
1.0003e+00 0000 0000 
2.7314e-18 9.9886e-01 0000 
7.6837e-16 3.3307e-16 1.0003e+00 



b:
1.0007e+00 -1.1736e-17 -2.5190e-16 
-1.1736e-17 9.9761e-01 1.1089e-16 
-2.5190e-16 1.1089e-16 1.0007e+00 


F:
1.0004e+00 0000 -3.8858e-16 
-1.1732e-17 9.9880e-01 0000 
1.3677e-16 1.1102e-16 1.0004e+00 



b:
1.0008e+00 -1.2728e-17 -5.3086e-16 
-1.2728e-17 9.9750e-01 1.1088e-16 
-5.3086e-16 1.1088e-16 1.0008e+00 


F:
1.0004e+00 0000 -1.6653e-16 
-1.2723e-17 9.9875e-01 0000 
-3.6412e-16 1.1102e-16 1.0004e+00 



b:
1.0008e+00 8.5443e-17 -3.0912e-16 
8.5443e-17 9.9739e-01 -2.2175e-16 
-3.0912e-16 -2.2175e-16 1.0008e+00 


F:
1.0004e+00 5.5511e-17 1.1102e-16 
2.9993e-17 9.9869e-01 0000 
-4.2002e-16 -2.2204e-16 1.0004e+00 



b:
1.0008e+00 1.1025e-16 3.6205e-16 
1.1025e-16 9.9728e-01 -2.2174e-16 
3.6205e-16 -2.2174e-16 1.0008e+00 


F:
1.0004e+00 5.5511e-17 4.4409e-16 
5.4795e-17 9.9864e-01 0000 
-8.2183e-17 -2.2204e-16 1.0004e+00 



b:
1.0008e+00 3.2125e-17 6.0524e-17 
3.2125e-17 9.9717e-01 -2.2173e-16 
6.0524e-17 -2.2173e-16 1.0008e+00 


F:
1.0004e+00 0000 1.6653e-16 
3.2111e-17 9.9858e-01 0000 
-1.0604e-16 -2.2204e-16 1.0004e+00 



b:
1.0009e+00 -3.9891e-17 -7.2969e-17 
-3.9891e-17 9.9706e-01 -1.1086e-16 
-7.2969e-17 -1.1086e-16 1.0009e+00 


F:
1.0004e+00 0000 -5.5511e-17 
-3.9874e-17 9.9853e-01 0000 
-1.7425e-17 -1.1102e-16 1.0004e+00 



b:
1.0009e+00 -8.3930e-17 4.7556e-17 
-8.3930e-17 9.9695e-01 -2.9358e-33 
4.7556e-17 -2.9358e-33 1.0009e+00 


F:
1.0005e+00 -5.5511e-17 -5.5511e-17 
-2.8491e-17 9.9848e-01 0000 
1.0305e-16 0000 1.0005e+00 



b:
1.0009e+00 -4.2305e-17 4.5183e-16 
-4.2305e-17 9.9685e-01 4.4339e-16 
4.5183e-16 4.4339e-16 1.0009e+00 


F:
1.0005e+00 0000 5.5511e-17 
-4.2285e-17 9.9842e-01 0000 
3.9610e-16 4.4409e-16 1.0005e+00 



b:
1.0010e+00 4.7024e-17 1.3610e-16 
4.7024e-17 9.9674e-01 2.2168e-16 
1.3610e-16 2.2168e-16 1.0010e+00 


F:
1.0005e+00 5.5511e-17 -1.1102e-16 
-8.3924e-18 9.9837e-01 0000 
2.4706e-16 2.2204e-16 1.0005e+00 



b:
1.0010e+00 -1.5468e-16 -3.0638e-16 
-1.5468e-16 9.9663e-01 3.1049e-34 
-3.0638e-16 3.1049e-34 1.0010e+00 


F:
1.0005e+00 -1.6653e-16 -3.3307e-16 
1.1566e-17 9.9831e-01 0000 
2.6845e-17 0000 1.0005e+00 



b:
1.0010e+00 1.9953e-17 -4.1750e-16 
1.9953e-17 9.9652e-01 -2.2166e-16 
-4.1750e-16 -2.2166e-16 1.0010e+00 


F:
1.0005e+00 5.5511e-17 -1.6653e-16 
-3.5443e-17 9.9826e-01 0000 
-2.5075e-16 -2.2204e-16 1.0005e+00 



b:
1.0011e+00 6.6293e-17 -6.2626e-17 
6.6293e-17 9.9641e-01 -5.5411e-16 
-6.2626e-17 -5.5411e-16 1.0011e+00 


F:
1.0005e+00 1.1102e-16 3.3307e-16 
-4.4506e-17 9.9820e-01 0000 
-3.9566e-16 -5.5511e-16 1.0005e+00 



b:
1.0011e+00 1.3602e-16 2.1472e-16 
1.3602e-16 9.9630e-01 -3.3245e-16 
2.1472e-16 -3.3245e-16 1.0011e+00 


F:
1.0006e+00 1.1102e-16 4.9960e-16 
2.5191e-17 9.9815e-01 0000 
-2.8500e-16 -3.3307e-16 1.0006e+00 



b:
1.0011e+00 3.4619e-16 6.0693e-16 
3.4619e-16 9.9619e-01 1.1081e-16 
6.0693e-16 1.1081e-16 1.0011e+00 


F:
1.0006e+00 3.8858e-16 6.1062e-16 
-4.1625e-17 9.9810e-01 0000 
-4.0436e-18 1.1102e-16 1.0006e+00 



b:
1.0012e+00 2.1175e-16 4.4068e-17 
2.1175e-16 9.9609e-01 4.4322e-16 
4.4068e-17 4.4322e-16 1.0012e+00 


F:
1.0006e+00 2.2204e-16 -1.1102e-16 
-9.8507e-18 9.9804e-01 0000 
1.5506e-16 4.4409e-16 1.0006e+00 



b:
1.0012e+00 -7.9643e-17 -1.7235e-16 
-7.9643e-17 9.9598e-01 4.4320e-16 
-1.7235e-16 4.4320e-16 1.0012e+00 


F:
1.0006e+00 -1.1102e-16 -4.4409e-16 
3.1137e-17 9.9799e-01 0000 
2.7184e-16 4.4409e-16 1.0006e+00 



b:
1.0012e+00 -3.0850e-16 -1.8750e-16 
-3.0850e-16 9.9587e-01 2.2159e-16 
-1.8750e-16 2.2159e-16 1.0012e+00 


F:
1.0006e+00 -2.7756e-16 -4.9960e-16 
-3.1499e-17 9.9793e-01 0000 
3.1222e-16 2.2204e-16 1.0006e+00 



b:
1.0013e+00 -4.5688e-16 2.2467e-16 
-4.5688e-16 9.9576e-01 -3.3236e-16 
2.2467e-16 -3.3236e-16 1.0013e+00 


F:
1.0006e+00 -4.9960e-16 -1.1102e-16 
4.1638e-17 9.9788e-01 0000 
3.3555e-16 -3.3307e-16 1.0006e+00 



b:
1.0013e+00 -1.7138e-16 2.0327e-16 
-1.7138e-16 9.9565e-01 -2.2156e-16 
2.0327e-16 -2.2156e-16 1.0013e+00 


F:
1.0007e+00 -2.2204e-16 1.6653e-16 
5.0149e-17 9.9782e-01 0000 
3.6601e-17 -2.2204e-16 1.0007e+00 



b:
1.0013e+00 3.1594e-16 3.0244e-17 
3.1594e-16 9.9554e-01 1.1077e-16 
3.0244e-17 1.1077e-16 1.0013e+00 


F:
1.0007e+00 3.3307e-16 3.3307e-16 
-1.6369e-17 9.9777e-01 0000 
-3.0284e-16 1.1102e-16 1.0007e+00 



b:
1.0014e+00 1.4105e-16 -6.4680e-16 
1.4105e-16 9.9543e-01 2.2154e-16 
-6.4680e-16 2.2154e-16 1.0014e+00 


F:
1.0007e+00 1.1102e-16 -5.5511e-17 
3.0264e-17 9.9771e-01 0000 
-5.9085e-16 2.2204e-16 1.0007e+00 



b:
1.0014e+00 4.0726e-17 -4.3728e-16 
4.0726e-17 9.9533e-01 2.2153e-16 
-4.3728e-16 2.2153e-16 1.0014e+00 


F:
1.0007e+00 5.5511e-17 0000 
-1.4645e-17 9.9766e-01 0000 
-4.3697e-16 2.2204e-16 1.0007e+00 



b:
1.0014e+00 -1.5697e-16 3.9261e-16 
-1.5697e-16 9.9522e-01 1.1076e-16 
3.9261e-16 1.1076e-16 1.0014e+00 


F:
1.0007e+00 -1.1102e-16 3.3307e-16 
-4.6183e-17 9.9761e-01 0000 
5.9256e-17 1.1102e-16 1.0007e+00 



b:
1.0015e+00 1.9795e-16 9.4083e-16 
1.9795e-16 9.9511e-01 -3.3225e-16 
9.4083e-16 -3.3225e-16 1.0015e+00 


F:
1.0007e+00 2.2204e-16 5.5511e-16 
-2.3536e-17 9.9755e-01 0000 
3.8502e-16 -3.3307e-16 1.0007e+00 



b:
1.0015e+00 4.1135e-16 3.3285e-16 
4.1135e-16 9.9500e-01 -4.4298e-16 
3.3285e-16 -4.4298e-16 1.0015e+00 


F:
1.0008e+00 3.8858e-16 5.5511e-17 
2.3724e-17 9.9750e-01 0000 
2.7708e-16 -4.4409e-16 1.0008e+00 



b:
1.0015e+00 1.6374e-16 -9.8857e-16 
1.6374e-16 9.9489e-01 -3.3222e-16 
-9.8857e-16 -3.3222e-16 1.0015e+00 


F:
1.0008e+00 1.6653e-16 -6.6613e-16 
-2.3650e-18 9.9744e-01 0000 
-3.2168e-16 -3.3307e-16 1.0008e+00 



b:
1.0016e+00 3.1110e-18 -9.0432e-16 
3.1110e-18 9.9478e-01 2.2146e-16 
-9.0432e-16 2.2146e-16 1.0016e+00 


F:
1.0008e+00 0000 -5.5511e-16 
3.1085e-18 9.9739e-01 0000 
-3.4850e-16 2.2204e-16 1.0008e+00 



b:
1.0016e+00 -5.8372e-16 -5.2746e-17 
-5.8372e-16 9.9468e-01 3.3218e-16 
-5.2746e-17 3.3218e-16 1.0016e+00 


F:
1.0008e+00 -5.5511e-16 -5.5511e-17 
-3.0063e-17 9.9733e-01 0000 
2.8071e-18 3.3307e-16 1.0008e+00 



b:
1.0016e+00 -6.6988e-16 8.0559e-16 
-6.6988e-16 9.9457e-01 5.5360e-16 
8.0559e-16 5.5360e-16 1.0016e+00 


F:
1.0008e+00 -6.6613e-16 3.8858e-16 
-5.5557e-18 9.9728e-01 0000 
4.1635e-16 5.5511e-16 1.0008e+00 



b:
1.0017e+00 -3.9596e-16 7.5466e-16 
-3.9596e-16 9.9446e-01 6.6429e-16 
7.5466e-16 6.6429e-16 1.0017e+00 


F:
1.0008e+00 -3.8858e-16 2.7756e-16 
-8.4506e-18 9.9723e-01 0000 
4.7648e-16 6.6613e-16 1.0008e+00 



b:
1.0017e+00 -2.5507e-17 -1.3386e-16 
-2.5507e-17 9.9435e-01 4.4283e-16 
-1.3386e-16 4.4283e-16 1.0017e+00 


F:
1.0009e+00 -5.5511e-17 -1.6653e-16 
2.9821e-17 9.9717e-01 0000 
3.2792e-17 4.4409e-16 1.0009e+00 



b:
1.0017e+00 4.2204e-16 -5.7585e-16 
4.2204e-16 9.9424e-01 -2.2140e-16 
-5.7585e-16 -2.2140e-16 1.0017e+00 


F:
1.0009e+00 4.4409e-16 -4.4409e-16 
-2.0753e-17 9.9712e-01 0000 
-1.3126e-16 -2.2204e-16 1.0009e+00 



b:
1.0018e+00 6.4095e-16 -2.1009e-16 
6.4095e-16 9.9413e-01 -5.5348e-16 
-2.1009e-16 -5.5348e-16 1.0018e+00 


F:
1.0009e+00 6.6613e-16 -2.2204e-16 
-2.3211e-17 9.9706e-01 0000 
1.2143e-17 -5.5511e-16 1.0009e+00 



b:
1.0018e+00 5.8469e-16 3.9077e-16 
5.8469e-16 9.9403e-01 -6.6414e-16 
3.9077e-16 -6.6414e-16 1.0018e+00 


F:
1.0009e+00 5.5511e-16 2.2204e-16 
3.1211e-17 9.9701e-01 0000 
1.6837e-16 -6.6613e-16 1.0009e+00 



b:
1.0018e+00 2.0888e-17 2.3196e-16 
2.0888e-17 9.9392e-01 -6.6410e-16 
2.3196e-16 -6.6410e-16 1.0018e+00 


F:
1.0009e+00 5.5511e-17 2.7756e-16 
-3.4422e-17 9.9695e-01 0000 
-4.5813e-17 -6.6613e-16 1.0009e+00 



b:
1.0019e+00 -2.0635e-16 -3.7589e-16 
-2.0635e-16 9.9381e-01 -8.1261e-33 
-3.7589e-16 -8.1261e-33 1.0019e+00 


F:
1.0009e+00 -2.2204e-16 1.6653e-16 
1.4991e-17 9.9690e-01 0000 
-5.4208e-16 0000 1.0009e+00 



b:
1.0019e+00 -3.0602e-16 -9.1877e-16 
-3.0602e-16 9.9370e-01 6.6403e-16 
-9.1877e-16 6.6403e-16 1.0019e+00 


F:
1.0009e+00 -3.3307e-16 -1.6653e-16 
2.5976e-17 9.9685e-01 0000 
-7.5136e-16 6.6613e-16 1.0009e+00 



b:
1.0019e+00 -1.7765e-16 3.3441e-17 
-1.7765e-16 9.9359e-01 6.6400e-16 
3.3441e-17 6.6400e-16 1.0019e+00 


F:
1.0010e+00 -2.2204e-16 2.7756e-16 
4.3641e-17 9.9679e-01 0000 
-2.4415e-16 6.6613e-16 1.0010e+00 



b:
1.0020e+00 -3.6605e-16 8.9509e-16 
-3.6605e-16 9.9348e-01 1.1918e-32 
8.9509e-16 1.1918e-32 1.0020e+00 


F:
1.0010e+00 -3.8858e-16 3.3307e-16 
2.1239e-17 9.9674e-01 0000 
5.6115e-16 0000 1.0010e+00 



b:
1.0020e+00 3.8821e-18 7.1587e-16 
3.8821e-18 9.9338e-01 -1.1065e-16 
7.1587e-16 -1.1065e-16 1.0020e+00 


F:
1.0010e+00 0000 0000 
3.8782e-18 9.9668e-01 0000 
7.1516e-16 -1.1102e-16 1.0010e+00 



b:
1.0020e+00 1.3851e-16 -7.4387e-16 
1.3851e-16 9.9327e-01 -4.4259e-16 
-7.4387e-16 -4.4259e-16 1.0020e+00 


F:
1.0010e+00 1.6653e-16 -9.4369e-16 
-2.7432e-17 9.9663e-01 0000 
2.0058e-16 -4.4409e-16 1.0010e+00 



b:
1.0021e+00 1.6589e-16 -7.7080e-16 
1.6589e-16 9.9316e-01 1.1064e-16 
-7.7080e-16 1.1064e-16 1.0021e+00 


F:
1.0010e+00 2.2204e-16 -8.3267e-16 
-5.5340e-17 9.9657e-01 0000 
6.2656e-17 1.1102e-16 1.0010e+00 



b:
1.0021e+00 2.3347e-16 -8.6694e-17 
2.3347e-16 9.9305e-01 1.1064e-16 
-8.6694e-17 1.1064e-16 1.0021e+00 


F:
1.0010e+00 2.2204e-16 -1.1102e-16 
1.2186e-17 9.9652e-01 0000 
2.4419e-17 1.1102e-16 1.0010e+00 



b:
1.0021e+00 -5.8353e-18 6.8950e-16 
-5.8353e-18 9.9294e-01 -1.1063e-16 
6.8950e-16 -1.1063e-16 1.0021e+00 


F:
1.0011e+00 -5.5511e-17 6.6613e-16 
4.9427e-17 9.9647e-01 0000 
2.2634e-17 -1.1102e-16 1.0011e+00 



b:
1.0022e+00 -3.1819e-16 4.7028e-16 
-3.1819e-16 9.9284e-01 -1.1062e-16 
4.7028e-16 -1.1062e-16 1.0022e+00 


F:
1.0011e+00 -2.7756e-16 7.2164e-16 
-4.1581e-17 9.9641e-01 0000 
-2.5187e-16 -1.1102e-16 1.0011e+00 



b:
1.0022e+00 -6.1884e-17 -1.4243e-16 
-6.1884e-17 9.9273e-01 -1.1062e-16 
-1.4243e-16 -1.1062e-16 1.0022e+00 


F:
1.0011e+00 -5.5511e-17 4.9960e-16 
-6.5680e-18 9.9636e-01 0000 
-6.4188e-16 -1.1102e-16 1.0011e+00 



b:
1.0022e+00 5.0305e-16 -5.7255e-16 
5.0305e-16 9.9262e-01 -2.2122e-16 
-5.7255e-16 -2.2122e-16 1.0022e+00 


F:
1.0011e+00 4.9960e-16 -5.5511e-17 
5.2859e-18 9.9630e-01 0000 
-5.1640e-16 -2.2204e-16 1.0011e+00 



b:
1.0023e+00 5.8356e-16 -8.6557e-17 
5.8356e-16 9.9251e-01 -1.1061e-16 
-8.6557e-17 -1.1061e-16 1.0023e+00 


F:
1.0011e+00 5.5511e-16 -3.8858e-16 
3.0501e-17 9.9625e-01 0000 
3.0212e-16 -1.1102e-16 1.0011e+00 



b:
1.0023e+00 -5.4319e-18 2.7763e-16 
-5.4319e-18 9.9240e-01 1.1060e-16 
2.7763e-16 1.1060e-16 1.0023e+00 


F:
1.0011e+00 0000 -6.6613e-16 
-5.4257e-18 9.9619e-01 0000 
9.4344e-16 1.1102e-16 1.0011e+00 



b:
1.0023e+00 -5.3136e-16 3.3855e-16 
-5.3136e-16 9.9230e-01 4.4238e-16 
3.3855e-16 4.4238e-16 1.0023e+00 


F:
1.0012e+00 -5.5511e-16 -6.6613e-16 
2.1587e-17 9.9614e-01 0000 
1.0043e-15 4.4409e-16 1.0012e+00 



b:
1.0024e+00 -1.0181e-15 -5.0481e-16 
-1.0181e-15 9.9219e-01 4.4235e-16 
-5.0481e-16 4.4235e-16 1.0024e+00 


F:
1.0012e+00 -9.9920e-16 -7.7716e-16 
-2.2767e-17 9.9609e-01 0000 
2.7294e-16 4.4409e-16 1.0012e+00 



b:
1.0024e+00 -6.2664e-16 -6.7552e-16 
-6.2664e-16 9.9208e-01 3.3175e-16 
-6.7552e-16 3.3175e-16 1.0024e+00 


F:
1.0012e+00 -6.6613e-16 -2.7756e-16 
3.6810e-17 9.9603e-01 0000 
-3.9716e-16 3.3307e-16 1.0012e+00 



b:
1.0024e+00 4.3391e-16 5.1239e-17 
4.3391e-16 9.9197e-01 -3.1406e-32 
5.1239e-17 -3.1406e-32 1.0024e+00 


F:
1.0012e+00 3.8858e-16 7.2164e-16 
4.6842e-17 9.9598e-01 0000 
-6.7047e-16 0000 1.0012e+00 



b:
1.0025e+00 8.7288e-16 8.3596e-16 
8.7288e-16 9.9186e-01 -3.3171e-16 
8.3596e-16 -3.3171e-16 1.0025e+00 


F:
1.0012e+00 8.8818e-16 1.2768e-15 
-1.1661e-17 9.9592e-01 0000 
-4.4182e-16 -3.3307e-16 1.0012e+00 



b:
1.0025e+00 1.1380e-15 7.7466e-16 
1.1380e-15 9.9175e-01 -2.2113e-16 
7.7466e-16 -2.2113e-16 1.0025e+00 


F:
1.0012e+00 1.1102e-15 9.4369e-16 
3.2305e-17 9.9587e-01 0000 
-1.6999e-16 -2.2204e-16 1.0012e+00 



b:
1.0025e+00 5.1851e-16 -2.5867e-16 
5.1851e-16 9.9165e-01 -5.5279e-16 
-2.5867e-16 -5.5279e-16 1.0025e+00 


F:
1.0013e+00 4.9960e-16 -5.5511e-17 
2.0972e-17 9.9581e-01 0000 
-2.0283e-16 -5.5511e-16 1.0013e+00 



b:
1.0026e+00 -5.6191e-16 -1.0099e-15 
-5.6191e-16 9.9154e-01 -2.2110e-16 
-1.0099e-15 -2.2110e-16 1.0026e+00 


F:
1.0013e+00 -5.5511e-16 -8.3267e-16 
-9.1411e-18 9.9576e-01 0000 
-1.7594e-16 -2.2204e-16 1.0013e+00 



b:
1.0026e+00 -9.0989e-16 -6.3476e-16 
-9.0989e-16 9.9143e-01 4.4218e-16 
-6.3476e-16 4.4218e-16 1.0026e+00 


F:
1.0013e+00 -9.4369e-16 -9.9920e-16 
2.9704e-17 9.9571e-01 0000 
3.6526e-16 4.4409e-16 1.0013e+00 



b:
1.0026e+00 -8.2123e-16 1.7673e-16 
-8.2123e-16 9.9132e-01 5.5270e-16 
1.7673e-16 5.5270e-16 1.0026e+00 


F:
1.0013e+00 -8.8818e-16 -5.5511e-16 
6.3006e-17 9.9565e-01 0000 
7.3161e-16 5.5511e-16 1.0013e+00 



b:
1.0027e+00 -1.8161e-16 9.2316e-16 
-1.8161e-16 9.9121e-01 4.4213e-16 
9.2316e-16 4.4213e-16 1.0027e+00 


F:
1.0013e+00 -1.6653e-16 1.6653e-16 
-1.5788e-17 9.9560e-01 0000 
7.5541e-16 4.4409e-16 1.0013e+00 



b:
1.0027e+00 1.6216e-16 2.1555e-16 
1.6216e-16 9.9111e-01 -1.1053e-16 
2.1555e-16 -1.1053e-16 1.0027e+00 


F:
1.0013e+00 1.6653e-16 1.6653e-16 
-3.6231e-18 9.9554e-01 0000 
4.8726e-17 -1.1102e-16 1.0013e+00 



b:
1.0027e+00 4.6249e-16 -6.2667e-16 
4.6249e-16 9.9100e-01 -2.2104e-16 
-6.2667e-16 -2.2104e-16 1.0027e+00 


F:
1.0014e+00 4.9960e-16 0000 
-3.4807e-17 9.9549e-01 0000 
-6.2583e-16 -2.2204e-16 1.0014e+00 



b:
1.0027e+00 4.7569e-16 -3.7201e-16 
4.7569e-16 9.9089e-01 -1.1052e-16 
-3.7201e-16 -1.1052e-16 1.0027e+00 


F:
1.0014e+00 4.9960e-16 1.1102e-16 
-2.1602e-17 9.9543e-01 0000 
-4.8252e-16 -1.1102e-16 1.0014e+00 



b:
1.0028e+00 1.2290e-16 6.7522e-16 
1.2290e-16 9.9078e-01 1.1051e-16 
6.7522e-16 1.1051e-16 1.0028e+00 


F:
1.0014e+00 1.6653e-16 5.5511e-16 
-4.2803e-17 9.9538e-01 0000 
1.1918e-16 1.1102e-16 1.0014e+00 



b:
1.0028e+00 4.9200e-17 1.3000e-15 
4.9200e-17 9.9067e-01 1.1050e-16 
1.3000e-15 1.1050e-16 1.0028e+00 


F:
1.0014e+00 0000 6.6613e-16 
4.9131e-17 9.9533e-01 0000 
6.3206e-16 1.1102e-16 1.0014e+00 



b:
1.0028e+00 -2.2071e-16 1.8914e-16 
-2.2071e-16 9.9057e-01 6.9348e-35 
1.8914e-16 6.9348e-35 1.0028e+00 


F:
1.0014e+00 -2.2204e-16 -5.5511e-17 
2.8377e-19 9.9527e-01 0000 
2.4438e-16 0000 1.0014e+00 



b:
1.0029e+00 -3.9649e-16 -1.7347e-15 
-3.9649e-16 9.9046e-01 -5.5246e-16 
-1.7347e-15 -5.5246e-16 1.0029e+00 


F:
1.0014e+00 -3.8858e-16 -1.0547e-15 
-9.7526e-18 9.9522e-01 0000 
-6.7753e-16 -5.5511e-16 1.0014e+00 



b:
1.0029e+00 2.1240e-16 -1.7817e-15 
2.1240e-16 9.9035e-01 -4.4194e-16 
-1.7817e-15 -4.4194e-16 1.0029e+00 


F:
1.0015e+00 2.2204e-16 -8.3267e-16 
-8.5566e-18 9.9516e-01 0000 
-9.4641e-16 -4.4409e-16 1.0015e+00 



b:
1.0029e+00 4.4633e-16 2.8491e-16 
4.4633e-16 9.9024e-01 1.1048e-16 
2.8491e-16 1.1048e-16 1.0029e+00 


F:
1.0015e+00 3.8858e-16 2.2204e-16 
5.9560e-17 9.9511e-01 0000 
6.2442e-17 1.1102e-16 1.0015e+00 



b:
1.0030e+00 2.2573e-16 1.9055e-15 
2.2573e-16 9.9014e-01 3.3142e-16 
1.9055e-15 3.3142e-16 1.0030e+00 


F:
1.0015e+00 2.2204e-16 1.0547e-15 
4.7784e-18 9.9506e-01 0000 
8.4791e-16 3.3307e-16 1.0015e+00 



b:
1.0030e+00 -1.6366e-16 1.3457e-15 
-1.6366e-16 9.9003e-01 5.5234e-16 
1.3457e-15 5.5234e-16 1.0030e+00 


F:
1.0015e+00 -1.1102e-16 7.2164e-16 
-5.3114e-17 9.9500e-01 0000 
6.2201e-16 5.5511e-16 1.0015e+00 



b:
1.0030e+00 -4.5300e-16 -3.8275e-16 
-4.5300e-16 9.8992e-01 3.3138e-16 
-3.8275e-16 3.3138e-16 1.0030e+00 


F:
1.0015e+00 -4.9960e-16 -3.3307e-16 
4.4006e-17 9.9495e-01 0000 
-4.9104e-17 3.3307e-16 1.0015e+00 



b:
1.0031e+00 -3.8270e-16 -1.1172e-15 
-3.8270e-16 9.8981e-01 2.2091e-16 
-1.1172e-15 2.2091e-16 1.0031e+00 


F:
1.0015e+00 -3.8858e-16 -7.7716e-16 
3.8860e-18 9.9489e-01 0000 
-3.3831e-16 2.2204e-16 1.0015e+00 



b:
1.0031e+00 -1.2583e-16 -7.3627e-16 
-1.2583e-16 9.8970e-01 1.9114e-33 
-7.3627e-16 1.9114e-33 1.0031e+00 


F:
1.0016e+00 -1.1102e-16 -6.1062e-16 
-1.5352e-17 9.9484e-01 0000 
-1.2451e-16 0000 1.0016e+00 



b:
1.0031e+00 2.1594e-16 3.8810e-16 
2.1594e-16 9.8960e-01 -2.2089e-16 
3.8810e-16 -2.2089e-16 1.0031e+00 


F:
1.0016e+00 2.2204e-16 5.5511e-17 
-4.9436e-18 9.9478e-01 0000 
3.3198e-16 -2.2204e-16 1.0016e+00 



b:
1.0032e+00 4.1757e-16 6.6902e-16 
4.1757e-16 9.8949e-01 -4.4175e-16 
6.6902e-16 -4.4175e-16 1.0032e+00 


F:
1.0016e+00 3.8858e-16 3.8858e-16 
3.0995e-17 9.9473e-01 0000 
2.7938e-16 -4.4409e-16 1.0016e+00 



b:
1.0032e+00 2.8508e-16 -3.5845e-17 
2.8508e-16 9.8938e-01 -3.3129e-16 
-3.5845e-17 -3.3129e-16 1.0032e+00 


F:
1.0016e+00 3.3307e-16 1.6653e-16 
-4.6137e-17 9.9468e-01 0000 
-2.0232e-16 -3.3307e-16 1.0016e+00 



b:
1.0032e+00 -5.9270e-18 -5.9411e-16 
-5.9270e-18 9.8927e-01 -2.2085e-16 
-5.9411e-16 -2.2085e-16 1.0032e+00 


F:
1.0016e+00 5.5511e-17 1.1102e-16 
-6.1041e-17 9.9462e-01 0000 
-7.0417e-16 -2.2204e-16 1.0016e+00 



b:
1.0033e+00 1.4346e-16 -1.7963e-16 
1.4346e-16 9.8916e-01 2.2084e-16 
-1.7963e-16 2.2084e-16 1.0033e+00 


F:
1.0016e+00 1.6653e-16 3.3307e-16 
-2.2128e-17 9.9457e-01 0000 
-5.1241e-16 2.2204e-16 1.0016e+00 



b:
1.0033e+00 -1.7813e-16 6.9783e-16 
-1.7813e-16 9.8906e-01 5.5207e-16 
6.9783e-16 5.5207e-16 1.0033e+00 


F:
1.0017e+00 -1.6653e-16 5.5511e-16 
-1.2488e-17 9.9451e-01 0000 
1.4157e-16 5.5511e-16 1.0017e+00 



b:
1.0033e+00 -2.5281e-16 1.1653e-15 
-2.5281e-16 9.8895e-01 5.5204e-16 
1.1653e-15 5.5204e-16 1.0033e+00 


F:
1.0017e+00 -2.2204e-16 4.9960e-16 
-3.1944e-17 9.9446e-01 0000 
6.6372e-16 5.5511e-16 1.0017e+00 



b:
1.0034e+00 -2.4565e-16 -2.6985e-16 
-2.4565e-16 9.8884e-01 -2.2080e-16 
-2.6985e-16 -2.2080e-16 1.0034e+00 


F:
1.0017e+00 -2.2204e-16 -4.4409e-16 
-2.4807e-17 9.9441e-01 0000 
1.7470e-16 -2.2204e-16 1.0017e+00 



b:
1.0034e+00 -1.5689e-16 -1.3035e-15 
-1.5689e-16 9.8873e-01 -4.4158e-16 
-1.3035e-15 -4.4158e-16 1.0034e+00 


F:
1.0017e+00 -1.1102e-16 -1.0547e-15 
-4.6411e-17 9.9435e-01 0000 
-2.4661e-16 -4.4409e-16 1.0017e+00 



b:
1.0034e+00 3.3256e-17 -1.0042e-15 
3.3256e-17 9.8863e-01 -4.4156e-16 
-1.0042e-15 -4.4156e-16 1.0034e+00 


F:
1.0017e+00 5.5511e-17 -6.1062e-16 
-2.1901e-17 9.9430e-01 0000 
-3.9186e-16 -4.4409e-16 1.0017e+00 



b:
1.0035e+00 3.0103e-16 2.7756e-16 
3.0103e-16 9.8852e-01 1.4193e-35 
2.7756e-16 1.4193e-35 1.0035e+00 


F:
1.0017e+00 3.3307e-16 2.7756e-16 
-3.0072e-17 9.9424e-01 0000 
-4.7196e-19 0000 1.0017e+00 



b:
1.0035e+00 2.2899e-16 1.2350e-15 
2.2899e-16 9.8841e-01 2.2075e-16 
1.2350e-15 2.2075e-16 1.0035e+00 


F:
1.0017e+00 2.2204e-16 8.8818e-16 
8.2263e-18 9.9419e-01 0000 
3.4470e-16 2.2204e-16 1.0017e+00 



b:
1.0035e+00 3.3424e-17 8.9833e-16 
3.3424e-17 9.8830e-01 1.1037e-16 
8.9833e-16 1.1037e-16 1.0035e+00 


F:
1.0018e+00 0000 8.3267e-16 
3.3365e-17 9.9413e-01 0000 
6.4077e-17 1.1102e-16 1.0018e+00 



b:
1.0036e+00 4.1302e-17 -6.1311e-16 
4.1302e-17 9.8820e-01 1.1037e-16 
-6.1311e-16 1.1037e-16 1.0036e+00 


F:
1.0018e+00 0000 0000 
4.1228e-17 9.9408e-01 0000 
-6.1202e-16 1.1102e-16 1.0018e+00 



b:
1.0036e+00 -2.3561e-17 -1.0010e-15 
-2.3561e-17 9.8809e-01 1.6973e-32 
-1.0010e-15 1.6973e-32 1.0036e+00 


F:
1.0018e+00 0000 -2.7756e-16 
-2.3518e-17 9.9403e-01 0000 
-7.2169e-16 0000 1.0018e+00 



b:
1.0036e+00 1.6277e-16 1.9816e-16 
1.6277e-16 9.8798e-01 1.1035e-16 
1.9816e-16 1.1035e-16 1.0036e+00 


F:
1.0018e+00 1.6653e-16 -1.1102e-16 
-2.7518e-18 9.9397e-01 0000 
3.0883e-16 1.1102e-16 1.0018e+00 



b:
1.0037e+00 -7.3310e-18 7.2084e-16 
-7.3310e-18 9.8787e-01 -2.2069e-16 
7.2084e-16 -2.2069e-16 1.0037e+00 


F:
1.0018e+00 0000 -1.1102e-16 
-7.3176e-18 9.9392e-01 0000 
8.3055e-16 -2.2204e-16 1.0018e+00 



b:
1.0037e+00 -2.1122e-16 -6.0640e-17 
-2.1122e-16 9.8777e-01 -4.4136e-16 
-6.0640e-17 -4.4136e-16 1.0037e+00 


F:
1.0018e+00 -1.6653e-16 -4.9960e-16 
-4.5626e-17 9.9386e-01 0000 
4.3907e-16 -4.4409e-16 1.0018e+00 



b:
1.0037e+00 -3.9266e-16 -9.8169e-16 
-3.9266e-16 9.8766e-01 -2.2067e-16 
-9.8169e-16 -2.2067e-16 1.0037e+00 


F:
1.0019e+00 -3.8858e-16 -8.3267e-16 
-6.4779e-18 9.9381e-01 0000 
-1.4720e-16 -2.2204e-16 1.0019e+00 



b:
1.0038e+00 -6.4037e-17 -4.4166e-16 
-6.4037e-17 9.8755e-01 4.4132e-16 
-4.4166e-16 4.4132e-16 1.0038e+00 


F:
1.0019e+00 -1.1102e-16 -1.6653e-16 
4.6205e-17 9.9376e-01 0000 
-2.7430e-16 4.4409e-16 1.0019e+00 



b:
1.0038e+00 1.8627e-16 9.2260e-16 
1.8627e-16 9.8744e-01 4.4129e-16 
9.2260e-16 4.4129e-16 1.0038e+00 


F:
1.0019e+00 1.6653e-16 1.0547e-15 
2.0746e-17 9.9370e-01 0000 
-1.3386e-16 4.4409e-16 1.0019e+00 



b:
1.0038e+00 2.4903e-16 1.3943e-15 
2.4903e-16 9.8733e-01 1.6828e-33 
1.3943e-15 1.6828e-33 1.0038e+00 


F:
1.0019e+00 2.2204e-16 1.3323e-15 
2.8344e-17 9.9365e-01 0000 
5.9372e-17 0000 1.0019e+00 



b:
1.0039e+00 2.2141e-16 4.6200e-16 
2.2141e-16 9.8723e-01 -1.1031e-16 
4.6200e-16 -1.1031e-16 1.0039e+00 


F:
1.0019e+00 2.2204e-16 6.1062e-16 
7.8379e-19 9.9359e-01 0000 
-1.4951e-16 -1.1102e-16 1.0019e+00 



b:
1.0039e+00 7.6236e-17 -1.0061e-15 
7.6236e-17 9.8712e-01 -2.2061e-16 
-1.0061e-15 -2.2061e-16 1.0039e+00 


F:
1.0019e+00 1.1102e-16 -5.5511e-16 
-3.4002e-17 9.9354e-01 0000 
-4.4903e-16 -2.2204e-16 1.0019e+00 



b:
1.0039e+00 -2.8168e-16 -1.4144e-15 
-2.8168e-16 9.8701e-01 -4.4120e-16 
-1.4144e-15 -4.4120e-16 1.0039e+00 


F:
1.0020e+00 -2.2204e-16 -1.2212e-15 
-6.0963e-17 9.9348e-01 0000 
-1.9038e-16 -4.4409e-16 1.0020e+00 



b:
1.0040e+00 -3.8698e-16 -4.1688e-16 
-3.8698e-16 9.8690e-01 -2.2059e-16 
-4.1688e-16 -2.2059e-16 1.0040e+00 


F:
1.0020e+00 -3.8858e-16 -8.8818e-16 
-9.4828e-19 9.9343e-01 0000 
4.7212e-16 -2.2204e-16 1.0020e+00 



b:
1.0040e+00 -7.9801e-17 9.8996e-16 
-7.9801e-17 9.8680e-01 2.2057e-16 
9.8996e-16 2.2057e-16 1.0040e+00 


F:
1.0020e+00 -5.5511e-17 1.1102e-16 
-2.4608e-17 9.9338e-01 0000 
8.7697e-16 2.2204e-16 1.0020e+00 



b:
1.0040e+00 4.5439e-17 8.8189e-16 
4.5439e-17 9.8669e-01 3.3084e-16 
8.8189e-16 3.3084e-16 1.0040e+00 


F:
1.0020e+00 0000 5.5511e-16 
4.5348e-17 9.9332e-01 0000 
3.2501e-16 3.3307e-16 1.0020e+00 



b:
1.0041e+00 1.8025e-16 -1.3360e-16 
1.8025e-16 9.8658e-01 3.3082e-16 
-1.3360e-16 3.3082e-16 1.0041e+00 


F:
1.0020e+00 1.6653e-16 4.9960e-16 
1.4809e-17 9.9327e-01 0000 
-6.3293e-16 3.3307e-16 1.0020e+00 



b:
1.0041e+00 3.7679e-17 -1.0042e-15 
3.7679e-17 9.8647e-01 -1.1027e-16 
-1.0042e-15 -1.1027e-16 1.0041e+00 


F:
1.0020e+00 0000 1.6653e-16 
3.7602e-17 9.9321e-01 0000 
-1.1687e-15 -1.1102e-16 1.0020e+00 



b:
1.0041e+00 1.0455e-16 -1.3878e-16 
1.0455e-16 9.8637e-01 -3.3079e-16 
-1.3878e-16 -3.3079e-16 1.0041e+00 


F:
1.0021e+00 1.1102e-16 3.3307e-16 
-5.7034e-18 9.9316e-01 0000 
-4.7156e-16 -3.3307e-16 1.0021e+00 



b:
1.0042e+00 1.5336e-16 8.1231e-16 
1.5336e-16 9.8626e-01 -2.2051e-16 
8.1231e-16 -2.2051e-16 1.0042e+00 


F:
1.0021e+00 1.1102e-16 3.3307e-16 
4.3014e-17 9.9311e-01 0000 
4.7756e-16 -2.2204e-16 1.0021e+00 



b:
1.0042e+00 2.2883e-16 6.6292e-16 
2.2883e-16 9.8615e-01 -1.1025e-16 
6.6292e-16 -1.1025e-16 1.0042e+00 


F:
1.0021e+00 2.7756e-16 -1.1102e-16 
-4.6700e-17 9.9305e-01 0000 
7.7255e-16 -1.1102e-16 1.0021e+00 



b:
1.0042e+00 -9.2952e-17 -6.8804e-16 
-9.2952e-17 9.8604e-01 -1.1024e-16 
-6.8804e-16 -1.1024e-16 1.0042e+00 


F:
1.0021e+00 -5.5511e-17 -9.4369e-16 
-3.7750e-17 9.9300e-01 0000 
2.5710e-16 -1.1102e-16 1.0021e+00 



b:
1.0043e+00 -3.2906e-16 -9.8779e-16 
-3.2906e-16 9.8594e-01 -2.5234e-34 
-9.8779e-16 -2.5234e-34 1.0043e+00 


F:
1.0021e+00 -3.3307e-16 -8.3267e-16 
1.6490e-18 9.9294e-01 0000 
-1.5303e-16 0000 1.0021e+00 



b:
1.0043e+00 -1.5408e-17 -4.6386e-17 
-1.5408e-17 9.8583e-01 1.1023e-16 
-4.6386e-17 1.1023e-16 1.0043e+00 


F:
1.0021e+00 -5.5511e-17 5.5511e-17 
3.9624e-17 9.9289e-01 0000 
-1.0180e-16 1.1102e-16 1.0021e+00 



b:
1.0043e+00 2.8303e-16 1.3744e-15 
2.8303e-16 9.8572e-01 2.2045e-16 
1.3744e-15 2.2045e-16 1.0043e+00 


F:
1.0022e+00 3.3307e-16 1.1657e-15 
-4.7551e-17 9.9284e-01 0000 
2.0573e-16 2.2204e-16 1.0022e+00 



b:
1.0044e+00 3.3617e-16 1.1745e-15 
3.3617e-16 9.8562e-01 2.2044e-16 
1.1745e-15 2.2044e-16 1.0044e+00 


F:
1.0022e+00 2.7756e-16 1.1102e-15 
6.0486e-17 9.9278e-01 0000 
6.1704e-17 2.2204e-16 1.0022e+00 



b:
1.0044e+00 -9.8136e-18 -2.4094e-16 
-9.8136e-18 9.8551e-01 1.1021e-16 
-2.4094e-16 1.1021e-16 1.0044e+00 


F:
1.0022e+00 0000 1.6653e-16 
-9.7922e-18 9.9273e-01 0000 
-4.0695e-16 1.1102e-16 1.0022e+00 



b:
1.0044e+00 -4.3005e-16 -1.1518e-15 
-4.3005e-16 9.8540e-01 -2.2042e-16 
-1.1518e-15 -2.2042e-16 1.0044e+00 


F:
1.0022e+00 -4.4409e-16 -6.1062e-16 
1.0761e-17 9.9267e-01 0000 
-5.3859e-16 -2.2204e-16 1.0022e+00 



b:
1.0045e+00 -5.5260e-16 -9.1090e-16 
-5.5260e-16 9.8529e-01 -1.1020e-16 
-9.1090e-16 -1.1020e-16 1.0045e+00 


F:
1.0022e+00 -5.5511e-16 -9.4369e-16 
-1.5823e-18 9.9262e-01 0000 
3.4808e-17 -1.1102e-16 1.0022e+00 



b:
1.0045e+00 -3.9402e-16 3.6951e-16 
-3.9402e-16 9.8519e-01 -1.1020e-16 
3.6951e-16 -1.1020e-16 1.0045e+00 


F:
1.0022e+00 -3.8858e-16 -3.8858e-16 
-8.3084e-18 9.9257e-01 0000 
7.5726e-16 -1.1102e-16 1.0022e+00 



b:
1.0045e+00 4.4695e-16 1.2008e-15 
4.4695e-16 9.8508e-01 5.2891e-32 
1.2008e-15 5.2891e-32 1.0045e+00 


F:
1.0023e+00 3.8858e-16 3.3307e-16 
6.1145e-17 9.9251e-01 0000 
8.6501e-16 0000 1.0023e+00 



b:
1.0046e+00 6.6520e-16 8.7139e-16 
6.6520e-16 9.8497e-01 2.2037e-16 
8.7139e-16 2.2037e-16 1.0046e+00 


F:
1.0023e+00 6.6613e-16 5.5511e-16 
4.0781e-18 9.9246e-01 0000 
3.1430e-16 2.2204e-16 1.0023e+00 



b:
1.0046e+00 4.3849e-16 -2.7257e-16 
4.3849e-16 9.8486e-01 1.1018e-16 
-2.7257e-16 1.1018e-16 1.0046e+00 


F:
1.0023e+00 4.4409e-16 2.7756e-16 
-2.2180e-18 9.9240e-01 0000 
-5.4950e-16 1.1102e-16 1.0023e+00 



b:
1.0046e+00 -1.0837e-16 -7.1842e-16 
-1.0837e-16 9.8476e-01 -2.2035e-16 
-7.1842e-16 -2.2035e-16 1.0046e+00 


F:
1.0023e+00 -1.1102e-16 3.3307e-16 
1.7967e-18 9.9235e-01 0000 
-1.0498e-15 -2.2204e-16 1.0023e+00 



b:
1.0047e+00 -4.3724e-16 -4.1557e-16 
-4.3724e-16 9.8465e-01 -1.1017e-16 
-4.1557e-16 -1.1017e-16 1.0047e+00 


F:
1.0023e+00 -4.4409e-16 2.7756e-16 
3.4178e-18 9.9230e-01 0000 
-6.9216e-16 -1.1102e-16 1.0023e+00 



b:
1.0047e+00 -3.1705e-16 6.7925e-16 
-3.1705e-16 9.8454e-01 -1.1016e-16 
6.7925e-16 -1.1016e-16 1.0047e+00 


F:
1.0023e+00 -3.3307e-16 4.4409e-16 
1.3403e-17 9.9224e-01 0000 
2.3358e-16 -1.1102e-16 1.0023e+00 



b:
1.0047e+00 1.5276e-16 5.7336e-16 
1.5276e-16 9.8443e-01 2.9035e-32 
5.7336e-16 2.9035e-32 1.0047e+00 


F:
1.0024e+00 1.1102e-16 -1.1102e-16 
4.2509e-17 9.9219e-01 0000 
6.8304e-16 0000 1.0024e+00 



b:
1.0047e+00 -3.3068e-17 -2.5132e-16 
-3.3068e-17 9.8433e-01 -1.9198e-32 
-2.5132e-16 -1.9198e-32 1.0047e+00 


F:
1.0024e+00 0000 -8.3267e-16 
-3.2990e-17 9.9213e-01 0000 
5.8194e-16 0000 1.0024e+00 



b:
1.0048e+00 -9.0388e-17 -9.4807e-16 
-9.0388e-17 9.8422e-01 2.2029e-16 
-9.4807e-16 2.2029e-16 1.0048e+00 


F:
1.0024e+00 -1.1102e-16 -1.3323e-15 
1.9708e-17 9.9208e-01 0000 
3.8646e-16 2.2204e-16 1.0024e+00 



b:
1.0048e+00 -2.5450e-16 -3.9904e-16 
-2.5450e-16 9.8411e-01 2.2027e-16 
-3.9904e-16 2.2027e-16 1.0048e+00 


F:
1.0024e+00 -2.2204e-16 -7.7716e-16 
-3.4146e-17 9.9202e-01 0000 
3.7908e-16 2.2204e-16 1.0024e+00 



b:
1.0048e+00 -2.1032e-16 7.1627e-16 
-2.1032e-16 9.8401e-01 -1.7173e-32 
7.1627e-16 -1.7173e-32 1.0048e+00 


F:
1.0024e+00 -1.6653e-16 3.3307e-16 
-4.5018e-17 9.9197e-01 0000 
3.8148e-16 0000 1.0024e+00 



b:
1.0049e+00 2.9668e-16 1.2287e-15 
2.9668e-16 9.8390e-01 -1.1012e-16 
1.2287e-15 -1.1012e-16 1.0049e+00 


F:
1.0024e+00 2.7756e-16 1.1657e-15 
2.1313e-17 9.9192e-01 0000 
5.9994e-17 -1.1102e-16 1.0024e+00 



b:
1.0049e+00 5.9182e-16 3.1410e-16 
5.9182e-16 9.8379e-01 -4.4048e-16 
3.1410e-16 -4.4048e-16 1.0049e+00 


F:
1.0025e+00 5.5511e-16 1.0547e-15 
4.1120e-17 9.9186e-01 0000 
-7.4138e-16 -4.4409e-16 1.0025e+00 



b:
1.0049e+00 3.5066e-16 -8.5394e-16 
3.5066e-16 9.8368e-01 -3.3034e-16 
-8.5394e-16 -3.3034e-16 1.0049e+00 


F:
1.0025e+00 3.8858e-16 4.4409e-16 
-3.4645e-17 9.9181e-01 0000 
-1.2959e-15 -3.3307e-16 1.0025e+00 



b:
1.0050e+00 5.8419e-17 -1.1005e-15 
5.8419e-17 9.8358e-01 2.2021e-16 
-1.1005e-15 2.2021e-16 1.0050e+00 


F:
1.0025e+00 5.5511e-17 -2.7756e-16 
3.3577e-18 9.9175e-01 0000 
-8.2021e-16 2.2204e-16 1.0025e+00 



b:
1.0050e+00 -5.2333e-16 -8.3321e-17 
-5.2333e-16 9.8347e-01 2.2020e-16 
-8.3321e-17 2.2020e-16 1.0050e+00 


F:
1.0025e+00 -5.5511e-16 -4.9960e-16 
2.7109e-17 9.9170e-01 0000 
4.1649e-16 2.2204e-16 1.0025e+00 



b:
1.0050e+00 -6.7734e-16 9.3701e-16 
-6.7734e-16 9.8336e-01 4.4038e-16 
9.3701e-16 4.4038e-16 1.0050e+00 


F:
1.0025e+00 -6.6613e-16 -4.9960e-16 
-1.6733e-17 9.9165e-01 0000 
1.4343e-15 4.4409e-16 1.0025e+00 



b:
1.0051e+00 -1.1589e-16 9.7466e-16 
-1.1589e-16 9.8326e-01 6.4117e-32 
9.7466e-16 6.4117e-32 1.0051e+00 


F:
1.0025e+00 -1.6653e-16 -3.3307e-16 
4.9122e-17 9.9159e-01 0000 
1.3053e-15 0000 1.0025e+00 



b:
1.0051e+00 1.8285e-16 -2.0474e-16 
1.8285e-16 9.8315e-01 6.2042e-33 
-2.0474e-16 6.2042e-33 1.0051e+00 


F:
1.0026e+00 1.6653e-16 -5.5511e-16 
1.7681e-17 9.9154e-01 0000 
3.5089e-16 0000 1.0026e+00 



b:
1.0051e+00 4.1462e-16 -8.4672e-16 
4.1462e-16 9.8304e-01 1.1008e-16 
-8.4672e-16 1.1008e-16 1.0051e+00 


F:
1.0026e+00 4.4409e-16 -2.7756e-16 
-2.5618e-17 9.9148e-01 0000 
-5.6699e-16 1.1102e-16 1.0026e+00 



b:
1.0052e+00 1.2273e-16 -1.6866e-16 
1.2273e-16 9.8293e-01 1.1007e-16 
-1.6866e-16 1.1007e-16 1.0052e+00 


F:
1.0026e+00 1.6653e-16 6.1062e-16 
-4.2264e-17 9.9143e-01 0000 
-7.7885e-16 1.1102e-16 1.0026e+00 



b:
1.0052e+00 -8.0270e-17 4.1226e-16 
-8.0270e-17 9.8283e-01 -2.2013e-16 
4.1226e-16 -2.2013e-16 1.0052e+00 


F:
1.0026e+00 -1.1102e-16 1.1102e-15 
2.9718e-17 9.9138e-01 0000 
-6.9903e-16 -2.2204e-16 1.0026e+00 



b:
1.0052e+00 -1.0755e-16 6.1184e-16 
-1.0755e-16 9.8272e-01 -2.2012e-16 
6.1184e-16 -2.2012e-16 1.0052e+00 


F:
1.0026e+00 -1.1102e-16 9.4369e-16 
2.5035e-18 9.9132e-01 0000 
-3.3344e-16 -2.2204e-16 1.0026e+00 



b:
1.0053e+00 -1.5028e-18 -1.0429e-16 
-1.5028e-18 9.8261e-01 -2.2011e-16 
-1.0429e-16 -2.2011e-16 1.0053e+00 


F:
1.0026e+00 -5.5511e-17 0000 
5.3383e-17 9.9127e-01 0000 
-1.0402e-16 -2.2204e-16 1.0026e+00 



b:
1.0053e+00 1.8041e-17 -7.7803e-16 
1.8041e-17 9.8251e-01 -1.1005e-16 
-7.7803e-16 -1.1005e-16 1.0053e+00 


F:
1.0026e+00 0000 -9.9920e-16 
1.7993e-17 9.9121e-01 0000 
2.2322e-16 -1.1102e-16 1.0026e+00 



b:
1.0053e+00 1.5603e-16 -5.8684e-16 
1.5603e-16 9.8240e-01 1.1004e-16 
-5.8684e-16 1.1004e-16 1.0053e+00 


F:
1.0027e+00 1.1102e-16 -1.1657e-15 
4.5869e-17 9.9116e-01 0000 
5.8045e-16 1.1102e-16 1.0027e+00 



b:
1.0054e+00 1.1044e-16 5.1121e-16 
1.1044e-16 9.8229e-01 3.6112e-34 
5.1121e-16 3.6112e-34 1.0054e+00 


F:
1.0027e+00 1.1102e-16 -3.8858e-16 
4.0195e-19 9.9111e-01 0000 
8.9842e-16 0000 1.0027e+00 



b:
1.0054e+00 -2.2098e-16 7.0285e-16 
-2.2098e-16 9.8219e-01 -4.9231e-34 
7.0285e-16 -4.9231e-34 1.0054e+00 


F:
1.0027e+00 -2.2204e-16 1.6653e-16 
-9.2120e-19 9.9105e-01 0000 
5.3442e-16 0000 1.0027e+00 



b:
1.0054e+00 -4.4295e-16 -3.7643e-17 
-4.4295e-16 9.8208e-01 2.2005e-16 
-3.7643e-17 2.2005e-16 1.0054e+00 


F:
1.0027e+00 -4.4409e-16 2.7756e-16 
-2.8545e-18 9.9100e-01 0000 
-3.1510e-16 2.2204e-16 1.0027e+00 



b:
1.0055e+00 -2.3188e-16 -7.9365e-16 
-2.3188e-16 9.8197e-01 2.2003e-16 
-7.9365e-16 2.2003e-16 1.0055e+00 


F:
1.0027e+00 -2.2204e-16 1.6653e-16 
-1.1816e-17 9.9094e-01 0000 
-9.5802e-16 2.2204e-16 1.0027e+00 



b:
1.0055e+00 2.8941e-16 -2.1594e-16 
2.8941e-16 9.8186e-01 3.3003e-16 
-2.1594e-16 3.3003e-16 1.0055e+00 


F:
1.0027e+00 3.3307e-16 4.9960e-16 
-4.0509e-17 9.9089e-01 0000 
-7.1495e-16 3.3307e-16 1.0027e+00 



b:
1.0055e+00 4.6434e-16 5.2421e-16 
4.6434e-16 9.8176e-01 1.1000e-16 
5.2421e-16 1.1000e-16 1.0055e+00 


F:
1.0028e+00 4.4409e-16 5.5511e-16 
2.4257e-17 9.9084e-01 0000 
-3.2347e-17 1.1102e-16 1.0028e+00 



b:
1.0056e+00 3.4817e-16 6.1346e-16 
3.4817e-16 9.8165e-01 -4.4000e-16 
6.1346e-16 -4.4000e-16 1.0056e+00 


F:
1.0028e+00 3.3307e-16 3.3307e-16 
1.8120e-17 9.9078e-01 0000 
2.7869e-16 -4.4409e-16 1.0028e+00 



b:
1.0056e+00 2.5920e-17 3.0255e-16 
2.5920e-17 9.8154e-01 -6.5996e-16 
3.0255e-16 -6.5996e-16 1.0056e+00 


F:
1.0028e+00 5.5511e-17 -1.6653e-16 
-2.8996e-17 9.9073e-01 0000 
4.6824e-16 -6.6613e-16 1.0028e+00 



b:
1.0056e+00 1.0712e-18 -4.2642e-16 
1.0712e-18 9.8144e-01 -4.3995e-16 
-4.2642e-16 -4.3995e-16 1.0056e+00 


F:
1.0028e+00 -5.5511e-17 -7.2164e-16 
5.5907e-17 9.9067e-01 0000 
2.9642e-16 -4.4409e-16 1.0028e+00 



b:
1.0057e+00 4.7443e-17 -6.3501e-16 
4.7443e-17 9.8133e-01 3.2994e-16 
-6.3501e-16 3.2994e-16 1.0057e+00 


F:
1.0028e+00 1.1102e-16 -7.2164e-16 
-6.2362e-17 9.9062e-01 0000 
8.8427e-17 3.3307e-16 1.0028e+00 



b:
1.0057e+00 7.0564e-17 -2.5517e-16 
7.0564e-17 9.8122e-01 5.4988e-16 
-2.5517e-16 5.4988e-16 1.0057e+00 


F:
1.0028e+00 5.5511e-17 -3.3307e-16 
1.5533e-17 9.9057e-01 0000 
7.8621e-17 5.5511e-16 1.0028e+00 



b:
1.0057e+00 -3.4780e-16 7.7339e-16 
-3.4780e-16 9.8112e-01 2.1994e-16 
7.7339e-16 2.1994e-16 1.0057e+00 


F:
1.0029e+00 -3.3307e-16 6.1062e-16 
-1.7845e-17 9.9051e-01 0000 
1.6056e-16 2.2204e-16 1.0029e+00 



b:
1.0058e+00 -4.6077e-16 5.9257e-16 
-4.6077e-16 9.8101e-01 -6.3270e-33 
5.9257e-16 -6.3270e-33 1.0058e+00 


F:
1.0029e+00 -4.9960e-16 7.7716e-16 
3.3964e-17 9.9046e-01 0000 
-1.8628e-16 0000 1.0029e+00 



b:
1.0058e+00 -5.2669e-17 -5.7639e-16 
-5.2669e-17 9.8090e-01 -1.4515e-33 
-5.7639e-16 -1.4515e-33 1.0058e+00 


F:
1.0029e+00 -5.5511e-17 5.5511e-17 
2.3030e-18 9.9041e-01 0000 
-6.3024e-16 0000 1.0029e+00 



b:
1.0058e+00 9.1092e-17 -9.1702e-16 
9.1092e-17 9.8080e-01 -2.1990e-16 
-9.1702e-16 -2.1990e-16 1.0058e+00 


F:
1.0029e+00 1.1102e-16 -3.8858e-16 
-1.8805e-17 9.9035e-01 0000 
-5.2578e-16 -2.2204e-16 1.0029e+00 



b:
1.0059e+00 4.8310e-16 3.7313e-16 
4.8310e-16 9.8069e-01 1.0995e-16 
3.7313e-16 1.0995e-16 1.0059e+00 


F:
1.0029e+00 4.4409e-16 -5.5511e-17 
4.3197e-17 9.9030e-01 0000 
4.2755e-16 1.1102e-16 1.0029e+00 



b:
1.0059e+00 3.6244e-16 8.0617e-16 
3.6244e-16 9.8058e-01 2.0731e-32 
8.0617e-16 2.0731e-32 1.0059e+00 


F:
1.0029e+00 3.3307e-16 1.6653e-16 
3.2531e-17 9.9024e-01 0000 
6.3727e-16 0000 1.0029e+00 



b:
1.0059e+00 1.6248e-16 7.1683e-16 
1.6248e-16 9.8047e-01 -1.0993e-16 
7.1683e-16 -1.0993e-16 1.0059e+00 


F:
1.0030e+00 2.2204e-16 1.6653e-16 
-5.7220e-17 9.9019e-01 0000 
5.4818e-16 -1.1102e-16 1.0030e+00 



b:
1.0060e+00 -1.6674e-16 -2.9545e-16 
-1.6674e-16 9.8037e-01 -3.2978e-16 
-2.9545e-16 -3.2978e-16 1.0060e+00 


F:
1.0030e+00 -1.6653e-16 -1.6653e-16 
-1.8420e-18 9.9014e-01 0000 
-1.2804e-16 -3.3307e-16 1.0030e+00 



b:
1.0060e+00 -2.4111e-16 -9.2961e-16 
-2.4111e-16 9.8026e-01 -3.2976e-16 
-9.2961e-16 -3.2976e-16 1.0060e+00 


F:
1.0030e+00 -2.2204e-16 -1.1102e-16 
-2.1209e-17 9.9008e-01 0000 
-8.1582e-16 -3.3307e-16 1.0030e+00 



b:
1.0060e+00 -2.0274e-16 -5.1838e-16 
-2.0274e-16 9.8015e-01 -1.1644e-32 
-5.1838e-16 -1.1644e-32 1.0060e+00 


F:
1.0030e+00 -2.2204e-16 1.6653e-16 
1.7039e-17 9.9003e-01 0000 
-6.8336e-16 0000 1.0030e+00 



b:
1.0061e+00 -2.1648e-16 4.4544e-16 
-2.1648e-16 9.8005e-01 2.1982e-16 
4.4544e-16 2.1982e-16 1.0061e+00 


F:
1.0030e+00 -1.6653e-16 6.1062e-16 
-5.1462e-17 9.8997e-01 0000 
-1.6653e-16 2.2204e-16 1.0030e+00 



b:
1.0061e+00 -1.6809e-16 5.6546e-16 
-1.6809e-16 9.7994e-01 1.0990e-16 
5.6546e-16 1.0990e-16 1.0061e+00 


F:
1.0030e+00 -1.1102e-16 3.8858e-16 
-5.8009e-17 9.8992e-01 0000 
1.7517e-16 1.1102e-16 1.0030e+00 



b:
1.0061e+00 -2.2884e-16 1.9744e-16 
-2.2884e-16 9.7983e-01 2.1979e-16 
1.9744e-16 2.1979e-16 1.0061e+00 


F:
1.0031e+00 -2.2204e-16 -2.2204e-16 
-9.0188e-18 9.8987e-01 0000 
4.1888e-16 2.2204e-16 1.0031e+00 



b:
1.0062e+00 -2.0963e-16 -3.2107e-16 
-2.0963e-16 9.7973e-01 2.1978e-16 
-3.2107e-16 2.1978e-16 1.0062e+00 


F:
1.0031e+00 -2.2204e-16 -7.7716e-16 
1.0117e-17 9.8981e-01 0000 
4.5708e-16 2.2204e-16 1.0031e+00 
