Elt 1
 0.0000000000e+00 0.0000000000e+00 0.0000000000e+00 
 0.0000000000e+00 0.0000000000e+00 0.0000000000e+00 
 0.0000000000e+00 0.0000000000e+00 0.0000000000e+00
 
Elt 2
 -1.1057099764e-16 -7.0640798667e-18 0.0000000000e+00 
 -7.0640798667e-18 -4.5130482159e-19 0.0000000000e+00 
 0.0000000000e+00 0.0000000000e+00 0.0000000000e+00
 
Elt 3
 0.0000000000e+00 0.0000000000e+00 0.0000000000e+00 
 0.0000000000e+00 0.0000000000e+00 0.0000000000e+00 
 0.0000000000e+00 0.0000000000e+00 0.0000000000e+00
 
Elt 4
 0.0000000000e+00 0.0000000000e+00 0.0000000000e+00 
 0.0000000000e+00 0.0000000000e+00 0.0000000000e+00 
 0.0000000000e+00 0.0000000000e+00 0.0000000000e+00
 
Elt 5
 -2.0672341724e-17 -2.6836538066e-17 -3.3875440775e-17 
 -2.6836538066e-17 -3.4838809508e-17 -4.3976612231e-17 
 -3.3875440775e-17 -4.3976612231e-17 -5.5511151231e-17
 
Elt 6
 -1.1101206812e-16 -2.3835055890e-18 0.0000000000e+00 
 -2.3835055890e-18 4.4407897550e-16 0.0000000000e+00 
 0.0000000000e+00 0.0000000000e+00 0.0000000000e+00
 
Elt 7
 0.0000000000e+00 0.0000000000e+00 0.0000000000e+00 
 0.0000000000e+00 0.0000000000e+00 0.0000000000e+00 
 0.0000000000e+00 0.0000000000e+00 0.0000000000e+00
 
Elt 8
 -7.8140444861e-17 -3.5812883059e-17 6.4731404670e-17 
 -3.5812883059e-17 -4.1239367813e-16 9.5527559284e-17 
 6.4731404670e-17 9.5527559284e-17 -6.4577389321e-17
 
Elt 1
 -4.3023326761e-18 -3.0607183681e-17 0.0000000000e+00 
 -3.0607183681e-17 -2.1774227225e-16 0.0000000000e+00 
 0.0000000000e+00 0.0000000000e+00 0.0000000000e+00
 
Elt 2
 2.2049446464e-16 1.8487762219e-17 0.0000000000e+00 
 1.8487762219e-17 1.5501402832e-18 0.0000000000e+00 
 0.0000000000e+00 0.0000000000e+00 0.0000000000e+00
 
Elt 3
 -1.6196683486e-16 -1.6647082985e-16 0.0000000000e+00 
 -1.6647082985e-16 -1.7110007253e-16 0.0000000000e+00 
 0.0000000000e+00 0.0000000000e+00 0.0000000000e+00
 
Elt 4
 0.0000000000e+00 0.0000000000e+00 0.0000000000e+00 
 0.0000000000e+00 0.0000000000e+00 0.0000000000e+00 
 0.0000000000e+00 0.0000000000e+00 0.0000000000e+00
 
Elt 5
 -1.7634413154e-17 -2.5844420059e-17 -3.1287482728e-17 
 -2.5844420059e-17 -3.7876738077e-17 -4.5853912980e-17 
 -3.1287482728e-17 -4.5853912980e-17 -5.5511151231e-17
 
Elt 6
 -3.2676944323e-17 7.8663565277e-17 0.0000000000e+00 
 7.8663565277e-17 -1.8936766060e-16 0.0000000000e+00 
 0.0000000000e+00 0.0000000000e+00 0.0000000000e+00
 
Elt 7
 0.0000000000e+00 0.0000000000e+00 0.0000000000e+00 
 0.0000000000e+00 0.0000000000e+00 0.0000000000e+00 
 0.0000000000e+00 0.0000000000e+00 0.0000000000e+00
 
Elt 8
 -2.8758436561e-17 -8.8441775824e-17 3.0487507970e-17 
 -8.8441775824e-17 -2.7198793281e-16 9.3759246600e-17 
 3.0487507970e-17 9.3759246600e-17 -3.2320538019e-17
 
Elt 1
 -3.9596219701e-17 5.3180850552e-17 0.0000000000e+00 
 5.3180850552e-17 -7.1426082762e-17 0.0000000000e+00 
 0.0000000000e+00 0.0000000000e+00 0.0000000000e+00
 
Elt 2
 -3.1954906709e-16 1.1221118410e-16 4.0646578527e-18 
 1.1221118410e-16 -3.3011767639e-16 -7.0508295041e-17 
 4.0646578527e-18 -7.0508295041e-17 -1.6467071297e-17
 
Elt 3
 4.3785759691e-16 -5.4258668471e-16 0.0000000000e+00 
 -5.4258668471e-16 6.7236542771e-16 0.0000000000e+00 
 0.0000000000e+00 0.0000000000e+00 0.0000000000e+00
 
Elt 4
 -9.3216284233e-17 -1.4952586352e-16 0.0000000000e+00 
 -1.4952586352e-16 -2.3985062315e-16 0.0000000000e+00 
 0.0000000000e+00 0.0000000000e+00 0.0000000000e+00
 
Elt 5
 -1.6190558480e-17 -3.9183911194e-17 -3.2355779878e-17 
 -3.9183911194e-17 -9.4831743969e-17 -7.8306502333e-17 
 -3.2355779878e-17 -7.8306502333e-17 5.2108309969e-07
 
Elt 6
 -2.2953993238e-16 1.1076900158e-16 1.9450333799e-18 
 1.1076900158e-16 -2.1454927746e-16 -5.7554471538e-17 
 1.9450333799e-18 -5.7554471538e-17 5.2108309946e-07
 
Elt 7
 2.7475223628e-17 1.0698860892e-16 0.0000000000e+00 
 1.0698860892e-16 4.1661398622e-16 0.0000000000e+00 
 0.0000000000e+00 0.0000000000e+00 5.2108309946e-07
 
Elt 8
 -4.6459004122e-17 -5.4768116124e-17 0.0000000000e+00 
 -5.4768116124e-17 -6.4563298341e-17 0.0000000000e+00 
 0.0000000000e+00 0.0000000000e+00 5.2108309946e-07
 
Elt 1
 -7.2697933744e-08 -2.4046110148e-08 1.5946076716e-08 
 -2.4046110148e-08 -1.5645851607e-07 5.9797790725e-08 
 1.5946076716e-08 5.9797790725e-08 2.4419465046e-07
 
Elt 2
 -1.5645851512e-07 2.4046109931e-08 -5.9797790670e-08 
 2.4046109931e-08 -7.2697933576e-08 1.5946076664e-08 
 -5.9797790670e-08 1.5946076664e-08 2.4419465046e-07
 
Elt 3
 -1.5645851697e-07 2.4046110296e-08 5.9797790667e-08 
 2.4046110296e-08 -7.2697934116e-08 -1.5946076598e-08 
 5.9797790667e-08 -1.5946076598e-08 2.4419465051e-07
 
Elt 4
 -7.2697933423e-08 -2.4046109724e-08 -1.5946076690e-08 
 -2.4046109724e-08 -1.5645851574e-07 -5.9797790654e-08 
 -1.5946076690e-08 -5.9797790654e-08 2.4419465047e-07
 
Elt 5
 -2.1809381874e-07 -7.2138348432e-08 1.5946081903e-08 
 -7.2138348432e-08 -4.6937563043e-07 5.9797810188e-08 
 1.5946081903e-08 5.9797810188e-08 7.9797146377e-07
 
Elt 6
 -4.6937562998e-07 7.2138348412e-08 -5.9797810156e-08 
 7.2138348412e-08 -2.1809381864e-07 1.5946081828e-08 
 -5.9797810156e-08 1.5946081828e-08 7.9797146377e-07
 
Elt 7
 -4.6937563115e-07 7.2138348398e-08 5.9797810201e-08 
 7.2138348398e-08 -2.1809381891e-07 -1.5946081883e-08 
 5.9797810201e-08 -1.5946081883e-08 7.9797146377e-07
 
Elt 8
 -2.1809381846e-07 -7.2138348060e-08 -1.5946081907e-08 
 -7.2138348060e-08 -4.6937562994e-07 -5.9797810125e-08 
 -1.5946081907e-08 -5.9797810125e-08 7.9797146377e-07
 
Elt 1
 -1.6224633468e-07 2.7023843235e-08 8.9526366149e-09 
 2.7023843235e-08 -6.8113313054e-08 3.3572392219e-08 
 8.9526366149e-09 3.3572392219e-08 5.8925321275e-07
 
Elt 2
 -6.8113315106e-08 -2.7023842670e-08 -3.3572392095e-08 
 -2.7023842670e-08 -1.6224633531e-07 8.9526366649e-09 
 -3.3572392095e-08 8.9526366649e-09 5.8925321277e-07
 
Elt 3
 -6.8113312250e-08 -2.7023842853e-08 3.3572392168e-08 
 -2.7023842853e-08 -1.6224633482e-07 -8.9526366155e-09 
 3.3572392168e-08 -8.9526366155e-09 5.8925321276e-07
 
Elt 4
 -1.6224633555e-07 2.7023842283e-08 -8.9526366805e-09 
 2.7023842283e-08 -6.8113314635e-08 -3.3572392173e-08 
 -8.9526366805e-09 -3.3572392173e-08 5.8925321276e-07
 
Elt 5
 -3.4966290828e-07 4.0235480789e-08 8.9526047054e-09 
 4.0235480789e-08 -2.0950936376e-07 3.3572272651e-08 
 8.9526047054e-09 3.3572272651e-08 9.7399584340e-07
 
Elt 6
 -2.0950936611e-07 -4.0235479993e-08 -3.3572272569e-08 
 -4.0235479993e-08 -3.4966290937e-07 8.9526048117e-09 
 -3.3572272569e-08 8.9526048117e-09 9.7399584363e-07
 
Elt 7
 -2.0950936312e-07 -4.0235480131e-08 3.3572272662e-08 
 -4.0235480131e-08 -3.4966290892e-07 -8.9526047222e-09 
 3.3572272662e-08 -8.9526047222e-09 9.7399584340e-07
 
Elt 8
 -3.4966290918e-07 4.0235479825e-08 -8.9526047885e-09 
 4.0235479825e-08 -2.0950936508e-07 -3.3572272707e-08 
 -8.9526047885e-09 -3.3572272707e-08 9.7399584339e-07
 
Elt 1
 -3.2300425688e-07 -1.6171164206e-08 -9.9590327041e-09 
 -1.6171164206e-08 -3.7933379059e-07 -3.7346367677e-08 
 -9.9590327041e-09 -3.7346367677e-08 1.0222978235e-06
 
Elt 2
 -3.7933379643e-07 1.6171164847e-08 3.7346368323e-08 
 1.6171164847e-08 -3.2300425978e-07 -9.9590328018e-09 
 3.7346368323e-08 -9.9590328018e-09 1.0222978246e-06
 
Elt 3
 -3.7933380146e-07 1.6171164917e-08 -3.7346368157e-08 
 1.6171164917e-08 -3.2300426065e-07 9.9590328327e-09 
 -3.7346368157e-08 9.9590328327e-09 1.0222978246e-06
 
Elt 4
 -3.2300425553e-07 -1.6171162424e-08 9.9590326804e-09 
 -1.6171162424e-08 -3.7933378783e-07 3.7346367667e-08 
 9.9590326804e-09 3.7346367667e-08 1.0222978238e-06
 
Elt 5
 -4.4300805874e-07 7.0528045682e-08 -9.9590655638e-09 
 7.0528045682e-08 -1.9733546251e-07 -3.7346490634e-08 
 -9.9590655638e-09 -3.7346490634e-08 1.0620338050e-06
 
Elt 6
 -1.9733547822e-07 -7.0528043176e-08 3.7346491347e-08 
 -7.0528043176e-08 -4.4300806609e-07 -9.9590655649e-09 
 3.7346491347e-08 -9.9590655649e-09 1.0620338039e-06
 
Elt 7
 -1.9733548350e-07 -7.0528043529e-08 -3.7346491208e-08 
 -7.0528043529e-08 -4.4300806660e-07 9.9590656680e-09 
 -3.7346491208e-08 9.9590656680e-09 1.0620338039e-06
 
Elt 8
 -4.4300805722e-07 7.0528047510e-08 9.9590655384e-09 
 7.0528047510e-08 -1.9733546002e-07 3.7346490638e-08 
 9.9590655384e-09 3.7346490638e-08 1.0620338048e-06
 
Elt 1
 -4.1346936335e-07 -3.4625902485e-08 -1.6563292972e-08 
 -3.4625902485e-08 -5.3408289240e-07 -6.2112346224e-08 
 -1.6563292972e-08 -6.2112346224e-08 1.4787172869e-06
 
Elt 2
 -5.3408286677e-07 3.4625898279e-08 6.2112346381e-08 
 3.4625898279e-08 -4.1346935342e-07 -1.6563293105e-08 
 6.2112346381e-08 -1.6563293105e-08 1.4787172867e-06
 
Elt 3
 -5.3408285752e-07 3.4625897730e-08 -6.2112346400e-08 
 3.4625897730e-08 -4.1346935200e-07 1.6563293076e-08 
 -6.2112346400e-08 1.6563293076e-08 1.4787172866e-06
 
Elt 4
 -4.1346936628e-07 -3.4625905865e-08 1.6563293003e-08 
 -3.4625905865e-08 -5.3408289837e-07 6.2112346162e-08 
 1.6563293003e-08 6.2112346162e-08 1.4787172871e-06
 
Elt 5
 -4.0833233007e-07 7.9760977481e-09 -1.6563294280e-08 
 7.9760977481e-09 -3.8054895553e-07 -6.2112350800e-08 
 -1.6563294280e-08 -6.2112350800e-08 1.1266967386e-06
 
Elt 6
 -3.8054892036e-07 -7.9761035978e-09 6.2112351087e-08 
 -7.9761035978e-09 -4.0833231697e-07 -1.6563294309e-08 
 6.2112351087e-08 -1.6563294309e-08 1.1266967389e-06
 
Elt 7
 -3.8054891061e-07 -7.9761042630e-09 -6.2112351021e-08 
 -7.9761042630e-09 -4.0833231505e-07 1.6563294349e-08 
 -6.2112351021e-08 1.6563294349e-08 1.1266967389e-06
 
Elt 8
 -4.0833233309e-07 7.9760945058e-09 1.6563294316e-08 
 7.9760945058e-09 -3.8054896085e-07 6.2112350877e-08 
 1.6563294316e-08 6.2112350877e-08 1.1266967386e-06
 
Elt 1
 -5.1842045904e-07 2.8068769080e-09 -1.1862875324e-08 
 2.8068769080e-09 -5.0864317011e-07 -4.4485787735e-08 
 -1.1862875324e-08 -4.4485787735e-08 1.7995956584e-06
 
Elt 2
 -5.0864322248e-07 -2.8068684060e-09 4.4485786630e-08 
 -2.8068684060e-09 -5.1842048090e-07 -1.1862875157e-08 
 4.4485786630e-08 -1.1862875157e-08 1.7995956565e-06
 
Elt 3
 -5.0864324000e-07 -2.8068679492e-09 -4.4485786782e-08 
 -2.8068679492e-09 -5.1842048358e-07 1.1862875170e-08 
 -4.4485786782e-08 1.1862875170e-08 1.7995956565e-06
 
Elt 4
 -5.1842045388e-07 2.8068827810e-09 1.1862875386e-08 
 2.8068827810e-09 -5.0864316017e-07 4.4485787739e-08 
 1.1862875386e-08 4.4485787739e-08 1.7995956584e-06
 
Elt 5
 -3.4200663819e-07 -3.9236333434e-08 -1.1862840960e-08 
 -3.9236333434e-08 -4.7867980722e-07 -4.4485658454e-08 
 -1.1862840960e-08 -4.4485658454e-08 1.3269006407e-06
 
Elt 6
 -4.7867984122e-07 3.9236338484e-08 4.4485657528e-08 
 3.9236338484e-08 -3.4200665178e-07 -1.1862840696e-08 
 4.4485657528e-08 -1.1862840696e-08 1.3269006426e-06
 
Elt 7
 -4.7867985827e-07 3.9236338942e-08 -4.4485657600e-08 
 3.9236338942e-08 -3.4200665450e-07 1.1862840740e-08 
 -4.4485657600e-08 1.1862840740e-08 1.3269006424e-06
 
Elt 8
 -3.4200663312e-07 -3.9236327331e-08 1.1862840985e-08 
 -3.9236327331e-08 -4.7867979750e-07 4.4485658695e-08 
 1.1862840985e-08 4.4485658695e-08 1.3269006407e-06
 
Elt 1
 -6.7624121248e-07 2.6344916258e-08 1.6349782083e-09 
 2.6344916258e-08 -5.8447313003e-07 6.1311538003e-09 
 1.6349782083e-09 6.1311538003e-09 1.9726192827e-06
 
Elt 2
 -5.8447307410e-07 -2.6344924455e-08 -6.1311555023e-09 
 -2.6344924455e-08 -6.7624118913e-07 1.6349785417e-09 
 -6.1311555023e-09 1.6349785417e-09 1.9726192818e-06
 
Elt 3
 -5.8447304246e-07 -2.6344925983e-08 6.1311553264e-09 
 -2.6344925983e-08 -6.7624118391e-07 -1.6349785737e-09 
 6.1311553264e-09 -1.6349785737e-09 1.9726192818e-06
 
Elt 4
 -6.7624122173e-07 2.6344905192e-08 -1.6349780970e-09 
 2.6344905192e-08 -5.8447314821e-07 -6.1311537753e-09 
 -1.6349780970e-09 -6.1311537753e-09 1.9726192825e-06
 
Elt 5
 -4.0774010186e-07 -4.4117996724e-08 1.6350043660e-09 
 -4.4117996724e-08 -5.6141771937e-07 6.1312524585e-09 
 1.6350043660e-09 6.1312524585e-09 1.6749591598e-06
 
Elt 6
 -5.6141767477e-07 4.4117990952e-08 -6.1312541852e-09 
 4.4117990952e-08 -4.0774008150e-07 1.6350048349e-09 
 -6.1312541852e-09 1.6350048349e-09 1.6749591607e-06
 
Elt 7
 -5.6141764290e-07 4.4117989432e-08 6.1312540170e-09 
 4.4117989432e-08 -4.0774007617e-07 -1.6350048841e-09 
 6.1312540170e-09 -1.6350048841e-09 1.6749591605e-06
 
Elt 8
 -4.0774011137e-07 -4.4118007601e-08 -1.6350044077e-09 
 -4.4118007601e-08 -5.6141773739e-07 -6.1312523291e-09 
 -1.6350044077e-09 -6.1312523291e-09 1.6749591598e-06
 
Elt 1
 -7.7042857486e-07 3.6148866999e-08 1.9419757657e-08 
 3.6148866999e-08 -6.4451004103e-07 7.2824076110e-08 
 1.9419757657e-08 7.2824076110e-08 2.1082213472e-06
 
Elt 2
 -6.4451010251e-07 -3.6148859355e-08 -7.2824076832e-08 
 -3.6148859355e-08 -7.7042860287e-07 1.9419757936e-08 
 -7.2824076832e-08 1.9419757936e-08 2.1082213476e-06
 
Elt 3
 -6.4451016042e-07 -3.6148856918e-08 7.2824076836e-08 
 -3.6148856918e-08 -7.7042861206e-07 -1.9419757962e-08 
 7.2824076836e-08 -1.9419757962e-08 2.1082213474e-06
 
Elt 4
 -7.7042855756e-07 3.6148886906e-08 -1.9419757665e-08 
 3.6148886906e-08 -6.4451000801e-07 -7.2824076089e-08 
 -1.9419757665e-08 -7.2824076089e-08 2.1082213474e-06
 
Elt 5
 -5.9881155841e-07 -1.1959591225e-08 1.9419733793e-08 
 -1.1959591225e-08 -6.4047073444e-07 7.2823986542e-08 
 1.9419733793e-08 7.2823986542e-08 2.0604390579e-06
 
Elt 6
 -6.4047081312e-07 1.1959602358e-08 -7.2823987574e-08 
 1.1959602358e-08 -5.9881159264e-07 1.9419734060e-08 
 -7.2823987574e-08 1.9419734060e-08 2.0604390575e-06
 
Elt 7
 -6.4047087140e-07 1.1959604607e-08 7.2823987403e-08 
 1.1959604607e-08 -5.9881160147e-07 -1.9419734130e-08 
 7.2823987403e-08 -1.9419734130e-08 2.0604390576e-06
 
Elt 8
 -5.9881154100e-07 -1.1959571338e-08 -1.9419733806e-08 
 -1.1959571338e-08 -6.4047070129e-07 -7.2823986617e-08 
 -1.9419733806e-08 -7.2823986617e-08 2.0604390581e-06
 
Elt 1
 -7.7272775730e-07 1.8656904107e-08 2.2828254999e-08 
 1.8656904107e-08 -7.0773962290e-07 8.5605953220e-08 
 2.2828254999e-08 8.5605953220e-08 2.2689445641e-06
 
Elt 2
 -7.0773952787e-07 -1.8656915054e-08 -8.5605951385e-08 
 -1.8656915054e-08 -7.7272771291e-07 2.2828254634e-08 
 -8.5605951385e-08 2.2828254634e-08 2.2689445650e-06
 
Elt 3
 -7.0773942276e-07 -1.8656919294e-08 8.5605951641e-08 
 -1.8656919294e-08 -7.7272769601e-07 -2.2828254631e-08 
 8.5605951641e-08 -2.2828254631e-08 2.2689445649e-06
 
Elt 4
 -7.7272778895e-07 1.8656867952e-08 -2.2828255034e-08 
 1.8656867952e-08 -7.0773968313e-07 -8.5605953301e-08 
 -2.2828255034e-08 -8.5605953301e-08 2.2689445639e-06
 
Elt 5
 -8.0229606645e-07 1.4284913313e-08 2.2828212287e-08 
 1.4284913313e-08 -7.5253703790e-07 8.5605792857e-08 
 2.2828212287e-08 8.5605792857e-08 2.4207975175e-06
 
Elt 6
 -7.5253694161e-07 -1.4284924641e-08 -8.5605791219e-08 
 -1.4284924641e-08 -8.0229602397e-07 2.2828211937e-08 
 -8.5605791219e-08 2.2828211937e-08 2.4207975160e-06
 
Elt 7
 -7.5253683623e-07 -1.4284929358e-08 8.5605791396e-08 
 -1.4284929358e-08 -8.0229600647e-07 -2.2828211931e-08 
 8.5605791396e-08 -2.2828211931e-08 2.4207975161e-06
 
Elt 8
 -8.0229609818e-07 1.4284876852e-08 -2.2828212323e-08 
 1.4284876852e-08 -7.5253709759e-07 -8.5605793002e-08 
 -2.2828212323e-08 -8.5605793002e-08 2.4207975176e-06
 
Elt 1
 -7.3189623444e-07 -1.4876407550e-08 2.8681883303e-09 
 -1.4876407550e-08 -7.8371561008e-07 1.0755721891e-08 
 2.8681883303e-09 1.0755721891e-08 2.4706305730e-06
 
Elt 2
 -7.8371571783e-07 1.4876417074e-08 -1.0755718163e-08 
 1.4876417074e-08 -7.3189628704e-07 2.8681874311e-09 
 -1.0755718163e-08 2.8681874311e-09 2.4706305755e-06
 
Elt 3
 -7.8371590913e-07 1.4876424912e-08 1.0755718343e-08 
 1.4876424912e-08 -7.3189631745e-07 -2.8681873926e-09 
 1.0755718343e-08 -2.8681873926e-09 2.4706305755e-06
 
Elt 4
 -7.3189617703e-07 -1.4876341579e-08 -2.8681884113e-09 
 -1.4876341579e-08 -7.8371550118e-07 -1.0755721922e-08 
 -2.8681884113e-09 -1.0755721922e-08 2.4706305730e-06
 
Elt 5
 -9.1001336954e-07 2.1487629942e-08 2.8681858736e-09 
 2.1487629942e-08 -8.3516478000e-07 1.0755712672e-08 
 2.8681858736e-09 1.0755712672e-08 2.7401930381e-06
 
Elt 6
 -8.3516488411e-07 -2.1487622008e-08 -1.0755708937e-08 
 -2.1487622008e-08 -9.1001342500e-07 2.8681850023e-09 
 -1.0755708937e-08 2.8681850023e-09 2.7401930357e-06
 
Elt 7
 -8.3516507566e-07 -2.1487614364e-08 1.0755709244e-08 
 -2.1487614364e-08 -9.1001345505e-07 -2.8681850527e-09 
 1.0755709244e-08 -2.8681850527e-09 2.7401930357e-06
 
Elt 8
 -9.1001331211e-07 2.1487696048e-08 -2.8681860020e-09 
 2.1487696048e-08 -8.3516467046e-07 -1.0755712810e-08 
 -2.8681860020e-09 -1.0755712810e-08 2.7401930381e-06
 
Elt 1
 -7.3021475390e-07 -3.5764854624e-08 -2.1710498355e-08 
 -3.5764854624e-08 -8.5479575352e-07 -8.1414342796e-08 
 -2.1710498355e-08 -8.1414342796e-08 2.7300172753e-06
 
Elt 2
 -8.5479563838e-07 3.5764853391e-08 8.1414344834e-08 
 3.5764853391e-08 -7.3021468247e-07 -2.1710498996e-08 
 8.1414344834e-08 -2.1710498996e-08 2.7300172767e-06
 
Elt 3
 -8.5479529152e-07 3.5764839529e-08 -8.1414344883e-08 
 3.5764839529e-08 -7.3021462780e-07 2.1710498972e-08 
 -8.1414344883e-08 2.1710498972e-08 2.7300172765e-06
 
Elt 4
 -7.3021485823e-07 -3.5764974482e-08 2.1710498313e-08 
 -3.5764974482e-08 -8.5479595286e-07 8.1414342770e-08 
 2.1710498313e-08 8.1414342770e-08 2.7300172752e-06
 
Elt 5
 -9.4195211925e-07 1.1899676468e-08 -2.1710458541e-08 
 1.1899676468e-08 -9.0050178165e-07 -8.1414193532e-08 
 -2.1710458541e-08 -8.1414193532e-08 3.0018877800e-06
 
Elt 6
 -9.0050166152e-07 -1.1899679071e-08 8.1414195777e-08 
 -1.1899679071e-08 -9.4195204804e-07 -2.1710459174e-08 
 8.1414195777e-08 -2.1710459174e-08 3.0018877787e-06
 
Elt 7
 -9.0050131406e-07 -1.1899693241e-08 -8.1414195575e-08 
 -1.1899693241e-08 -9.4195199301e-07 2.1710459043e-08 
 -8.1414195575e-08 2.1710459043e-08 3.0018877785e-06
 
Elt 8
 -9.4195222337e-07 1.1899556956e-08 2.1710458558e-08 
 1.1899556956e-08 -9.0050197974e-07 8.1414193511e-08 
 2.1710458558e-08 8.1414193511e-08 3.0018877801e-06
 
Elt 1
 -8.2375438886e-07 -2.9422941741e-08 -2.5986676083e-08 
 -2.9422941741e-08 -9.2624394981e-07 -9.7450017408e-08 
 -2.5986676083e-08 -9.7450017408e-08 3.0415648762e-06
 
Elt 2
 -9.2624404969e-07 2.9422925910e-08 9.7450015116e-08 
 2.9422925910e-08 -8.2375447201e-07 -2.5986675585e-08 
 9.7450015116e-08 -2.5986675585e-08 3.0415648742e-06
 
Elt 3
 -9.2624468045e-07 2.9422951455e-08 -9.7450015388e-08 
 2.9422951455e-08 -8.2375457171e-07 2.5986675668e-08 
 -9.7450015388e-08 2.5986675668e-08 3.0415648743e-06
 
Elt 4
 -8.2375419996e-07 -2.9422724299e-08 2.5986676051e-08 
 -2.9422724299e-08 -9.2624358908e-07 9.7450017517e-08 
 2.5986676051e-08 9.7450017517e-08 3.0415648764e-06
 
Elt 5
 -9.7551104689e-07 1.7496769844e-09 -2.5986647914e-08 
 1.7496769844e-09 -9.6941601683e-07 -9.7449911753e-08 
 -2.5986647914e-08 -9.7449911753e-08 3.2114213744e-06
 
Elt 6
 -9.6941610635e-07 -1.7496941719e-09 9.7449909600e-08 
 -1.7496941719e-09 -9.7551112328e-07 -2.5986647383e-08 
 9.7449909600e-08 -2.5986647383e-08 3.2114213766e-06
 
Elt 7
 -9.6941673633e-07 -1.7496685908e-09 -9.7449909682e-08 
 -1.7496685908e-09 -9.7551122329e-07 2.5986647422e-08 
 -9.7449909682e-08 2.5986647422e-08 3.2114213763e-06
 
Elt 8
 -9.7551085803e-07 1.7498947284e-09 2.5986647886e-08 
 1.7498947284e-09 -9.6941565664e-07 9.7449911866e-08 
 2.5986647886e-08 9.7449911866e-08 3.2114213744e-06
 
Elt 1
 -9.9561651589e-07 -3.7990231626e-09 -6.1584149083e-09 
 -3.7990231626e-09 -1.0088503287e-06 -2.3094060348e-08 
 -6.1584149083e-09 -2.3094060348e-08 3.3758444832e-06
 
Elt 2
 -1.0088503595e-06 3.7990894138e-09 2.3094055106e-08 
 3.7990894138e-09 -9.9561644807e-07 -6.1584136515e-09 
 2.3094055106e-08 -6.1584136515e-09 3.3758444795e-06
 
Elt 3
 -1.0088492142e-06 3.7990426151e-09 -2.3094055371e-08 
 3.7990426151e-09 -9.9561626612e-07 6.1584135649e-09 
 -2.3094055371e-08 6.1584135649e-09 3.3758444796e-06
 
Elt 4
 -9.9561685922e-07 -3.7994186125e-09 6.1584148443e-09 
 -3.7994186125e-09 -1.0088509832e-06 2.3094060453e-08 
 6.1584148443e-09 2.3094060453e-08 3.3758444834e-06
 
Elt 5
 -1.0344834946e-06 6.0725263143e-09 -6.1584303410e-09 
 6.0725263143e-09 -1.0133313481e-06 -2.3094118499e-08 
 -6.1584303410e-09 -2.3094118499e-08 3.3982227462e-06
 
Elt 6
 -1.0133313797e-06 -6.0724581656e-09 2.3094113295e-08 
 -6.0724581656e-09 -1.0344834214e-06 -6.1584290401e-09 
 2.3094113295e-08 -6.1584290401e-09 3.3982227496e-06
 
Elt 7
 -1.0133302339e-06 -6.0725053735e-09 -2.3094113532e-08 
 -6.0725053735e-09 -1.0344832393e-06 6.1584291030e-09 
 -2.3094113532e-08 6.1584291030e-09 3.3982227493e-06
 
Elt 8
 -1.0344838377e-06 6.0721310298e-09 6.1584303996e-09 
 6.0721310298e-09 -1.0133320027e-06 2.3094118521e-08 
 6.1584303996e-09 2.3094118521e-08 3.3982227458e-06
 
Elt 1
 -1.1786975365e-06 1.6978584024e-08 1.8571014198e-08 
 1.6978584024e-08 -1.1195545764e-06 6.9641279140e-08 
 1.8571014198e-08 6.9641279140e-08 3.7095213104e-06
 
Elt 2
 -1.1195542513e-06 -1.6978755135e-08 -6.9641282906e-08 
 -1.6978755135e-08 -1.1786975648e-06 1.8571015112e-08 
 -6.9641282906e-08 1.8571015112e-08 3.7095213084e-06
 
Elt 3
 -1.1195563334e-06 -1.6978669155e-08 6.9641282817e-08 
 -1.6978669155e-08 -1.1786978961e-06 -1.8571015257e-08 
 6.9641282817e-08 -1.8571015257e-08 3.7095213084e-06
 
Elt 4
 -1.1786969135e-06 1.6979301301e-08 -1.8571014202e-08 
 1.6979301301e-08 -1.1195533900e-06 -6.9641279123e-08 
 -1.8571014202e-08 -6.9641279123e-08 3.7095213105e-06
 
Elt 5
 -1.0922102050e-06 6.3503727155e-09 1.8570982054e-08 
 6.3503727155e-09 -1.0700887628e-06 6.9641158634e-08 
 1.8570982054e-08 6.9641158634e-08 3.5856268057e-06
 
Elt 6
 -1.0700884504e-06 -6.3505400519e-09 -6.9641162460e-08 
 -6.3505400519e-09 -1.0922102345e-06 1.8570982988e-08 
 -6.9641162460e-08 1.8570982988e-08 3.5856268077e-06
 
Elt 7
 -1.0700905322e-06 -6.3504542476e-09 6.9641162335e-08 
 -6.3504542476e-09 -1.0922105653e-06 -1.8570983089e-08 
 6.9641162335e-08 -1.8570983089e-08 3.5856268077e-06
 
Elt 8
 -1.0922095818e-06 6.3510897163e-09 -1.8570981968e-08 
 6.3510897163e-09 -1.0700875764e-06 -6.9641158544e-08 
 -1.8570981968e-08 -6.9641158544e-08 3.5856268058e-06
 
Elt 1
 -1.3094503993e-06 2.3072358355e-08 2.4931078255e-08 
 2.3072358355e-08 -1.2290834962e-06 9.3491517725e-08 
 2.4931078255e-08 9.3491517725e-08 4.0254658421e-06
 
Elt 2
 -1.2290844802e-06 -2.3071981093e-08 -9.3491516281e-08 
 -2.3071981093e-08 -1.3094505096e-06 2.4931077936e-08 
 -9.3491516281e-08 2.4931077936e-08 4.0254658432e-06
 
Elt 3
 -1.2290806980e-06 -2.3072138136e-08 9.3491516533e-08 
 -2.3072138136e-08 -1.3094499081e-06 -2.4931077984e-08 
 9.3491516533e-08 -2.4931077984e-08 4.0254658433e-06
 
Elt 4
 -1.3094515304e-06 2.3071056008e-08 -2.4931078224e-08 
 2.3071056008e-08 -1.2290856476e-06 -9.3491517815e-08 
 -2.4931078224e-08 -9.3491517815e-08 4.0254658421e-06
 
Elt 5
 -1.1268745706e-06 -1.1132001765e-08 2.4931077821e-08 
 -1.1132001765e-08 -1.1656528187e-06 9.3491516427e-08 
 2.4931077821e-08 9.3491516427e-08 3.7907630239e-06
 
Elt 6
 -1.1656538076e-06 1.1132379720e-08 -9.3491515053e-08 
 1.1132379720e-08 -1.1268746851e-06 2.4931077540e-08 
 -9.3491515053e-08 2.4931077540e-08 3.7907630226e-06
 
Elt 7
 -1.1656500261e-06 1.1132222676e-08 9.3491515223e-08 
 1.1132222676e-08 -1.1268740829e-06 -2.4931077678e-08 
 9.3491515223e-08 -2.4931077678e-08 3.7907630225e-06
 
Elt 8
 -1.1268757016e-06 -1.1133304444e-08 -2.4931077822e-08 
 -1.1133304444e-08 -1.1656549705e-06 -9.3491516353e-08 
 -2.4931077822e-08 -9.3491516353e-08 3.7907630240e-06
 
Elt 1
 -1.3737076482e-06 1.7676496959e-08 7.5824482713e-09 
 1.7676496959e-08 -1.3121313000e-06 2.8434170623e-08 
 7.5824482713e-09 2.8434170623e-08 4.3024125300e-06
 
Elt 2
 -1.3121288632e-06 -1.7677300521e-08 -2.8434164654e-08 
 -1.7677300521e-08 -1.3737072021e-06 7.5824466815e-09 
 -2.8434164654e-08 7.5824466815e-09 4.3024125340e-06
 
Elt 3
 -1.3121357348e-06 -1.7677013504e-08 2.8434165017e-08 
 -1.7677013504e-08 -1.3737082976e-06 -7.5824467324e-09 
 2.8434165017e-08 -7.5824467324e-09 4.3024125337e-06
 
Elt 4
 -1.3737055953e-06 1.7678862786e-08 -7.5824481594e-09 
 1.7678862786e-08 -1.3121273993e-06 -2.8434170810e-08 
 -7.5824481594e-09 -2.8434170810e-08 4.3024125299e-06
 
Elt 5
 -1.1719044917e-06 -2.7929398849e-08 7.5824826946e-09 
 -2.7929398849e-08 -1.2691887057e-06 2.8434300222e-08 
 7.5824826946e-09 2.8434300222e-08 4.0348968047e-06
 
Elt 6
 -1.2691862637e-06 2.7928592804e-08 -2.8434294434e-08 
 2.7928592804e-08 -1.1719040507e-06 7.5824812230e-09 
 -2.8434294434e-08 7.5824812230e-09 4.0348968007e-06
 
Elt 7
 -1.2691931351e-06 2.7928879649e-08 2.8434294712e-08 
 2.7928879649e-08 -1.1719051454e-06 -7.5824813087e-09 
 2.8434294712e-08 -7.5824813087e-09 4.0348968009e-06
 
Elt 8
 -1.1719024388e-06 -2.7927033328e-08 -7.5824827136e-09 
 -2.7927033328e-08 -1.2691848049e-06 -2.8434300349e-08 
 -7.5824827136e-09 -2.8434300349e-08 4.0348968048e-06
 
Elt 1
 -1.3942926643e-06 4.5021561609e-09 -1.5472316248e-08 
 4.5021561609e-09 -1.3786159017e-06 -5.8021177354e-08 
 -1.5472316248e-08 -5.8021177354e-08 4.5253088984e-06
 
Elt 2
 -1.3786212554e-06 -4.5005287304e-09 5.8021182791e-08 
 -4.5005287304e-09 -1.3942938249e-06 -1.5472317631e-08 
 5.8021182791e-08 -1.5472317631e-08 4.5253089023e-06
 
Elt 3
 -1.3786087713e-06 -4.5010537670e-09 -5.8021182509e-08 
 -4.5010537670e-09 -1.3942918335e-06 1.5472317670e-08 
 -5.8021182509e-08 1.5472317670e-08 4.5253089019e-06
 
Elt 4
 -1.3942963910e-06 4.4978611111e-09 1.5472316344e-08 
 4.4978611111e-09 -1.3786229751e-06 5.8021177251e-08 
 1.5472316344e-08 5.8021177251e-08 4.5253088983e-06
 
Elt 5
 -1.2850808130e-06 -1.9822637908e-08 -1.5472290799e-08 
 -1.9822637908e-08 -1.3541354561e-06 -5.8021081577e-08 
 -1.5472290799e-08 -5.8021081577e-08 4.3330807212e-06
 
Elt 6
 -1.3541408040e-06 1.9824262692e-08 5.8021086877e-08 
 1.9824262692e-08 -1.2850819774e-06 -1.5472292072e-08 
 5.8021086877e-08 -1.5472292072e-08 4.3330807175e-06
 
Elt 7
 -1.3541283188e-06 1.9823737426e-08 -5.8021086710e-08 
 1.9823737426e-08 -1.2850799857e-06 1.5472292257e-08 
 -5.8021086710e-08 1.5472292257e-08 4.3330807177e-06
 
Elt 8
 -1.2850845394e-06 -1.9826932946e-08 1.5472290839e-08 
 -1.9826932946e-08 -1.3541425296e-06 5.8021081548e-08 
 1.5472290839e-08 5.8021081548e-08 4.3330807211e-06
 
Elt 1
 -1.3993428010e-06 -1.0400844751e-08 -2.1539751321e-08 
 -1.0400844751e-08 -1.4355618414e-06 -8.0774049859e-08 
 -2.1539751321e-08 -8.0774049859e-08 4.6981877043e-06
 
Elt 2
 -1.4355507368e-06 1.0397644698e-08 8.0774049556e-08 
 1.0397644698e-08 -1.3993401491e-06 -2.1539751205e-08 
 8.0774049556e-08 -2.1539751205e-08 4.6981877040e-06
 
Elt 3
 -1.4355734211e-06 1.0398605667e-08 -8.0774049615e-08 
 1.0398605667e-08 -1.3993437716e-06 2.1539751322e-08 
 -8.0774049615e-08 2.1539751322e-08 4.6981877041e-06
 
Elt 4
 -1.3993360374e-06 -1.0393046326e-08 2.1539751384e-08 
 -1.0393046326e-08 -1.4355490173e-06 8.0774049951e-08 
 2.1539751384e-08 8.0774049951e-08 4.6981877043e-06
 
Elt 5
 -1.4648888476e-06 1.0791128523e-08 -2.1539759966e-08 
 1.0791128523e-08 -1.4272891845e-06 -8.0774082055e-08 
 -2.1539759966e-08 -8.0774082055e-08 4.6812820719e-06
 
Elt 6
 -1.4272780779e-06 -1.0794329074e-08 8.0774081682e-08 
 -1.0794329074e-08 -1.4648861945e-06 -2.1539759774e-08 
 8.0774081682e-08 -2.1539759774e-08 4.6812820726e-06
 
Elt 7
 -1.4273007617e-06 -1.0793368378e-08 -8.0774081704e-08 
 -1.0793368378e-08 -1.4648898169e-06 2.1539759956e-08 
 -8.0774081704e-08 2.1539759956e-08 4.6812820722e-06
 
Elt 8
 -1.4648820837e-06 1.0798927463e-08 2.1539759919e-08 
 1.0798927463e-08 -1.4272763603e-06 8.0774082042e-08 
 2.1539759919e-08 8.0774082042e-08 4.6812820720e-06
 
Elt 1
 -1.4178831922e-06 -1.8708735247e-08 -6.5977761301e-09 
 -1.8708735247e-08 -1.4830711762e-06 -2.4741645550e-08 
 -6.5977761301e-09 -2.4741645550e-08 4.8490526831e-06
 
Elt 2
 -1.4830934588e-06 1.8714932230e-08 2.4741639691e-08 
 1.8714932230e-08 -1.4178888155e-06 -6.5977745381e-09 
 2.4741639691e-08 -6.5977745381e-09 4.8490526793e-06
 
Elt 3
 -1.4830522446e-06 1.8713174899e-08 -2.4741639919e-08 
 1.8713174899e-08 -1.4178822251e-06 6.5977747197e-09 
 -2.4741639919e-08 6.5977747197e-09 4.8490526795e-06
 
Elt 4
 -1.4178954690e-06 -1.8722896982e-08 6.5977760908e-09 
 -1.8722896982e-08 -1.4830944279e-06 2.4741645732e-08 
 6.5977760908e-09 2.4741645732e-08 4.8490526833e-06
 
Elt 5
 -1.6304300249e-06 3.4113292278e-08 -6.5978024696e-09 
 3.4113292278e-08 -1.5116212525e-06 -2.4741744256e-08 
 -6.5978024696e-09 -2.4741744256e-08 5.0514970612e-06
 
Elt 6
 -1.5116435399e-06 -3.4107092886e-08 2.4741738511e-08 
 -3.4107092886e-08 -1.6304356439e-06 -6.5978008870e-09 
 2.4741738511e-08 -6.5978008870e-09 5.0514970652e-06
 
Elt 7
 -1.5116023245e-06 -3.4108850598e-08 -2.4741738769e-08 
 -3.4108850598e-08 -1.6304290531e-06 6.5978010927e-09 
 -2.4741738769e-08 6.5978010927e-09 5.0514970648e-06
 
Elt 8
 -1.6304423022e-06 3.4099131027e-08 6.5978024621e-09 
 3.4099131027e-08 -1.5116445031e-06 2.4741744476e-08 
 6.5978024621e-09 2.4741744476e-08 5.0514970612e-06
 
Elt 1
 -1.4787760360e-06 -1.4330775329e-08 1.2527010813e-08 
 -1.4330775329e-08 -1.5286600920e-06 4.6976298615e-08 
 1.2527010813e-08 4.6976298615e-08 5.0299270594e-06
 
Elt 2
 -1.5286164862e-06 1.4318952666e-08 -4.6976304563e-08 
 1.4318952666e-08 -1.4787646117e-06 1.2527012521e-08 
 -4.6976304563e-08 1.2527012521e-08 5.0299270556e-06
 
Elt 3
 -1.5286913713e-06 1.4322167935e-08 4.6976304391e-08 
 1.4322167935e-08 -1.4787765997e-06 -1.2527012333e-08 
 4.6976304391e-08 -1.2527012333e-08 5.0299270558e-06
 
Elt 4
 -1.4787537522e-06 -1.4305061400e-08 -1.2527010937e-08 
 -1.4305061400e-08 -1.5286179374e-06 -4.6976298444e-08 
 -1.2527010937e-08 -4.6976298444e-08 5.0299270596e-06
 
Elt 5
 -1.6987859702e-06 2.4984857092e-08 1.2526993114e-08 
 2.4984857092e-08 -1.6117205668e-06 4.6976232158e-08 
 1.2526993114e-08 4.6976232158e-08 5.3917024643e-06
 
Elt 6
 -1.6116769702e-06 -2.4996676185e-08 -4.6976238016e-08 
 -2.4996676185e-08 -1.6987745429e-06 1.2526994740e-08 
 -4.6976238016e-08 1.2526994740e-08 5.3917024681e-06
 
Elt 7
 -1.6117518550e-06 -2.4993461189e-08 4.6976237932e-08 
 -2.4993461189e-08 -1.6987865310e-06 -1.2526994628e-08 
 4.6976237932e-08 -1.2526994628e-08 5.3917024676e-06
 
Elt 8
 -1.6987636865e-06 2.5010571196e-08 -1.2526993179e-08 
 2.5010571196e-08 -1.6116784113e-06 -4.6976231957e-08 
 -1.2526993179e-08 -4.6976231957e-08 5.3917024639e-06
 
Elt 1
 -1.5948222524e-06 5.0391925023e-10 1.7449584766e-08 
 5.0391925023e-10 -1.5931302281e-06 6.5435945371e-08 
 1.7449584766e-08 6.5435945371e-08 5.2975115203e-06
 
Elt 2
 -1.5932140963e-06 -4.8159855601e-10 -6.5435945853e-08 
 -4.8159855601e-10 -1.5948448163e-06 1.7449584924e-08 
 -6.5435945853e-08 1.7449584924e-08 5.2975115200e-06
 
Elt 3
 -1.5930780346e-06 -4.8748053556e-10 6.5435945845e-08 
 -4.8748053556e-10 -1.5948230087e-06 -1.7449584916e-08 
 6.5435945845e-08 -1.7449584916e-08 5.2975115202e-06
 
Elt 4
 -1.5948626993e-06 4.5722865681e-10 -1.7449584803e-08 
 4.5722865681e-10 -1.5932066558e-06 -6.5435945393e-08 
 -1.7449584803e-08 -6.5435945393e-08 5.2975115200e-06
 
Elt 5
 -1.6745799862e-06 -8.4120926885e-09 1.7449592074e-08 
 -8.4120926885e-09 -1.7039454509e-06 6.5435972848e-08 
 1.7449592074e-08 6.5435972848e-08 5.6451976037e-06
 
Elt 6
 -1.7040293211e-06 8.4344145106e-09 -6.5435973320e-08 
 8.4344145106e-09 -1.6746025507e-06 1.7449592262e-08 
 -6.5435973320e-08 1.7449592262e-08 5.6451976038e-06
 
Elt 7
 -1.7038932597e-06 8.4285323204e-09 6.5435973369e-08 
 8.4285323204e-09 -1.6745807430e-06 -1.7449592326e-08 
 6.5435973369e-08 -1.7449592326e-08 5.6451976038e-06
 
Elt 8
 -1.6746204333e-06 -8.4587835290e-09 -1.7449592175e-08 
 -8.4587835290e-09 -1.7040218786e-06 -6.5435972876e-08 
 -1.7449592175e-08 -6.5435972876e-08 5.6451976037e-06
 
Elt 1
 -1.7468962652e-06 1.3709937805e-08 6.0948085246e-09 
 1.3709937805e-08 -1.6990248194e-06 2.2855529248e-08 
 6.0948085246e-09 2.2855529248e-08 5.6704689206e-06
 
Elt 2
 -1.6988654657e-06 -1.3751766883e-08 -2.2855523823e-08 
 -1.3751766883e-08 -1.7468525606e-06 6.0948069451e-09 
 -2.2855523823e-08 6.0948069451e-09 5.6704689241e-06
 
Elt 3
 -1.6991126814e-06 -1.3741006951e-08 2.2855524040e-08 
 -1.3741006951e-08 -1.7468922326e-06 -6.0948071736e-09 
 2.2855524040e-08 -6.0948071736e-09 5.6704689237e-06
 
Elt 4
 -1.7468228503e-06 1.3794719149e-08 -6.0948084816e-09 
 1.3794719149e-08 -1.6988862556e-06 -2.2855529363e-08 
 -6.0948084816e-09 -2.2855529363e-08 5.6704689205e-06
 
Elt 5
 -1.6484116975e-06 -3.2032279690e-08 6.0948341595e-09 
 -3.2032279690e-08 -1.7598757074e-06 2.2855625246e-08 
 6.0948341595e-09 2.2855625246e-08 5.7933196460e-06
 
Elt 6
 -1.7597163427e-06 3.1990447580e-08 -2.2855619922e-08 
 3.1990447580e-08 -1.6483679952e-06 6.0948326271e-09 
 -2.2855619922e-08 6.0948326271e-09 5.7933196424e-06
 
Elt 7
 -1.7599635590e-06 3.2001207192e-08 2.2855620150e-08 
 3.2001207192e-08 -1.6484076661e-06 -6.0948329117e-09 
 2.2855620150e-08 -6.0948329117e-09 5.7933196429e-06
 
Elt 8
 -1.6483382823e-06 -3.1947498480e-08 -6.0948341648e-09 
 -3.1947498480e-08 -1.7597371429e-06 -2.2855625557e-08 
 -6.0948341648e-09 -2.2855625557e-08 5.7933196465e-06
 
Elt 1
 -1.8900840667e-06 1.3779078418e-08 -8.3521942820e-09 
 1.3779078418e-08 -1.8422960630e-06 -3.1320739205e-08 
 -8.3521942820e-09 -3.1320739205e-08 6.0980293255e-06
 
Elt 2
 -1.8425960039e-06 -1.3701168568e-08 3.1320745099e-08 
 -1.3701168568e-08 -1.8901675388e-06 -8.3521960346e-09 
 3.1320745099e-08 -8.3521960346e-09 6.0980293293e-06
 
Elt 3
 -1.8421468223e-06 -1.3720853102e-08 -3.1320744934e-08 
 -1.3720853102e-08 -1.8900953710e-06 8.3521958858e-09 
 -3.1320744934e-08 8.3521958858e-09 6.0980293289e-06
 
Elt 4
 -1.8902173217e-06 1.3625133255e-08 8.3521943925e-09 
 1.3625133255e-08 -1.8425472768e-06 3.1320739024e-08 
 8.3521943925e-09 3.1320739024e-08 6.0980293255e-06
 
Elt 5
 -1.7052271958e-06 -2.1894547536e-08 -8.3521805031e-09 
 -2.1894547536e-08 -1.7817023301e-06 -3.1320687632e-08 
 -8.3521805031e-09 -3.1320687632e-08 5.8868385049e-06
 
Elt 6
 -1.7820022587e-06 2.1972453573e-08 3.1320693453e-08 
 2.1972453573e-08 -1.7053106701e-06 -8.3521821561e-09 
 3.1320693453e-08 -8.3521821561e-09 5.8868385013e-06
 
Elt 7
 -1.7815530768e-06 2.1952768998e-08 -3.1320693275e-08 
 2.1952768998e-08 -1.7052385017e-06 8.3521820307e-09 
 -3.1320693275e-08 8.3521820307e-09 5.8868385015e-06
 
Elt 8
 -1.7053604508e-06 -2.2048492815e-08 8.3521806480e-09 
 -2.2048492815e-08 -1.7819535442e-06 3.1320687380e-08 
 8.3521806480e-09 3.1320687380e-08 5.8868385053e-06
 
