Elt 1
 -2.4172921778e-16 -1.6735372877e-16 -9.0189704310e-17 
 -1.6735372877e-16 -2.7413435019e-16 -3.2674252386e-17 
 -9.0189704310e-17 -3.2674252386e-17 -3.9247944346e-17
 
Elt 2
 3.5278299023e-17 -1.2009227101e-16 0.0000000000e+00 
 -1.2009227101e-16 4.0881091083e-16 0.0000000000e+00 
 0.0000000000e+00 0.0000000000e+00 -1.1102230246e-16
 
Elt 3
 -4.8104057920e-17 -1.7597709051e-16 0.0000000000e+00 
 -1.7597709051e-16 3.8117096531e-16 0.0000000000e+00 
 0.0000000000e+00 0.0000000000e+00 0.0000000000e+00
 
Elt 4
 1.2002411077e-17 7.2014466462e-17 0.0000000000e+00 
 7.2014466462e-17 4.3208679877e-16 0.0000000000e+00 
 0.0000000000e+00 0.0000000000e+00 0.0000000000e+00
 
Elt 1
 -4.2893300208e-17 -2.3264162825e-17 -4.8796070279e-17 
 -2.3264162825e-17 -1.2617851023e-17 -2.6465665236e-17 
 -4.8796070279e-17 -2.6465665236e-17 -5.5511151231e-17
 
Elt 2
 -1.2465617210e-18 2.2110419309e-16 0.0000000000e+00 
 2.2110419309e-16 3.3431346911e-16 0.0000000000e+00 
 0.0000000000e+00 0.0000000000e+00 -1.1102230246e-16
 
Elt 3
 5.5814102005e-17 -1.4721150252e-16 0.0000000000e+00 
 -1.4721150252e-16 3.8827510785e-16 0.0000000000e+00 
 0.0000000000e+00 0.0000000000e+00 0.0000000000e+00
 
Elt 4
 -9.3445580756e-18 4.4582372531e-17 0.0000000000e+00 
 4.4582372531e-17 -2.1270004685e-16 0.0000000000e+00 
 0.0000000000e+00 0.0000000000e+00 0.0000000000e+00
 
Elt 1
 -8.9391411350e-17 -4.3972899442e-17 8.4589357371e-17 
 -4.3972899442e-17 -2.1630891113e-17 4.1610701178e-17 
 8.4589357371e-17 4.1610701178e-17 8.1666019168e-04
 
Elt 2
 -4.5437501651e-18 -7.7892859973e-18 2.0570341836e-17 
 -7.7892859973e-18 -1.3353061710e-17 3.5263443147e-17 
 2.0570341836e-17 3.5263443147e-17 -9.3125490588e-17
 
Elt 3
 0.0000000000e+00 0.0000000000e+00 0.0000000000e+00 
 0.0000000000e+00 0.0000000000e+00 0.0000000000e+00 
 0.0000000000e+00 0.0000000000e+00 0.0000000000e+00
 
Elt 4
 0.0000000000e+00 0.0000000000e+00 0.0000000000e+00 
 0.0000000000e+00 0.0000000000e+00 0.0000000000e+00 
 0.0000000000e+00 0.0000000000e+00 0.0000000000e+00
 
Elt 1
 -7.5587560015e-04 9.1623482560e-17 2.6925136578e-16 
 9.1623482457e-17 -7.5587550941e-04 7.6283430075e-17 
 2.6925136578e-16 7.6283430075e-17 1.0832632649e-03
 
Elt 2
 -2.5189505561e-04 -5.1265531888e-18 7.1897193534e-17 
 -5.1265531824e-18 -2.5189502538e-04 2.0777417057e-17 
 7.1897193534e-17 2.0777417057e-17 5.4998602230e-04
 
Elt 3
 -1.4951819696e-17 7.4179570583e-18 -3.7167222784e-17 
 7.4179570583e-18 -3.6802267576e-18 1.8439552389e-17 
 -3.7167222784e-17 1.8439552389e-17 -9.2390256009e-17
 
Elt 4
 -4.4534661255e-17 -8.8912008248e-17 0.0000000000e+00 
 -8.8912008248e-17 -1.7750994367e-16 0.0000000000e+00 
 0.0000000000e+00 0.0000000000e+00 0.0000000000e+00
 
Elt 1
 7.6686740126e-05 4.5481628672e-18 2.1801719522e-16 
 4.5481628664e-18 7.6686613034e-05 -3.4691799923e-18 
 2.1801719522e-16 -3.4691799923e-18 1.3310509547e-03
 
Elt 2
 -8.3059993947e-06 -1.3916208252e-16 -9.4849830285e-17 
 -1.3916208252e-16 -8.3060499462e-06 -4.1633703462e-17 
 -9.4849830285e-17 -4.1633703462e-17 9.0367515069e-04
 
Elt 3
 -1.9849440977e-05 -7.1425476215e-17 -6.4593970691e-17 
 -7.1425476164e-17 -1.9849445954e-05 1.7347578937e-17 
 -6.4593970691e-17 1.7347578937e-17 2.1493736325e-04
 
Elt 4
 0.0000000000e+00 0.0000000000e+00 0.0000000000e+00 
 0.0000000000e+00 0.0000000000e+00 0.0000000000e+00 
 0.0000000000e+00 0.0000000000e+00 -1.1102230246e-16
 
Elt 1
 -8.5527939909e-04 6.5113906041e-19 -3.0597030190e-16 
 6.5113906041e-19 -8.5527936156e-04 -1.6991769917e-16 
 -3.0597030190e-16 -1.6991769917e-16 1.2216337531e-03
 
Elt 2
 -7.9203702302e-04 7.5574412129e-17 -1.3092763916e-16 
 7.5574412129e-17 -7.9203695114e-04 -1.3178130861e-16 
 -1.3092763916e-16 -1.3178130861e-16 1.1544733310e-03
 
Elt 3
 -3.8009757944e-04 -2.0670556069e-17 2.0823460967e-17 
 -2.0670556069e-17 -3.8009753364e-04 1.1792713407e-16 
 2.0823460967e-17 1.1792713407e-16 7.5686005973e-04
 
Elt 4
 -5.4401858837e-05 8.4908543361e-17 -5.2551634287e-17 
 8.4908543361e-17 -5.4401851544e-05 -6.9386227531e-17 
 -5.2551634287e-17 -6.9386227531e-17 1.3247634519e-04
 
Elt 1
 2.3963130600e-04 -5.3647498138e-17 -2.6832413593e-16 
 -5.3647498163e-17 2.3963120425e-04 -1.1785887206e-16 
 -2.6832413593e-16 -1.1785887206e-16 1.1294903766e-03
 
Elt 2
 1.2913566143e-04 4.5752027919e-17 1.3216617646e-16 
 4.5752027913e-17 1.2913555962e-04 -6.9027756696e-18 
 1.3216617646e-16 -6.9027756696e-18 1.3990533215e-03
 
Elt 3
 -1.4939766735e-05 -7.0992532280e-17 6.6631837774e-17 
 -7.0992532280e-17 -1.4939822516e-05 2.7687910628e-17 
 6.6631837774e-17 2.7687910628e-17 1.0756963148e-03
 
Elt 4
 -5.0639856500e-05 1.6930912803e-16 -5.7808249364e-17 
 1.6930912803e-16 -5.0639868959e-05 6.9392449748e-18 
 -5.7808249364e-17 6.9392449748e-18 4.7756315121e-04
 
Elt 1
 -1.0873398155e-03 -7.0972412488e-17 -9.0619534004e-17 
 -7.0972412488e-17 -1.0873396182e-03 8.3295469088e-17 
 -9.0619534004e-17 8.3295469088e-17 1.1384834229e-03
 
Elt 2
 -1.0088744860e-03 -4.9866816544e-17 2.5209016619e-16 
 -4.9866816648e-17 -1.0088743745e-03 7.2901003238e-17 
 2.5209016619e-16 7.2901003238e-17 1.2153902350e-03
 
Elt 3
 -8.8343946706e-04 3.0264569355e-17 8.3969793209e-17 
 3.0264569355e-17 -8.8343939373e-04 -1.7006196777e-16 
 8.3969793209e-17 -1.7006196777e-16 1.3038525982e-03
 
Elt 4
 -6.2325403296e-04 -1.0835267420e-17 5.0654125990e-17 
 -1.0835267433e-17 -6.2325396965e-04 1.0411592979e-16 
 5.0654125990e-17 1.0411592979e-16 1.2396128975e-03
 
Elt 1
 6.3046260351e-04 -1.0219977572e-16 2.1003407873e-17 
 -1.0219977567e-16 6.3046246180e-04 2.4263936848e-16 
 2.1003407873e-17 2.4263936848e-16 1.2515635055e-03
 
Elt 2
 5.0413256039e-04 3.4797336253e-17 1.1966088464e-16 
 3.4797336240e-17 5.0413239552e-04 1.1785306210e-16 
 1.1966088464e-16 1.1785306210e-16 1.0891591019e-03
 
Elt 3
 2.2348789651e-04 1.0554591522e-16 6.3764827654e-17 
 1.0554591524e-16 2.2348775055e-04 -1.9417419146e-16 
 6.3764827654e-17 -1.9417419146e-16 1.5106484937e-03
 
Elt 4
 -6.4412608728e-05 1.5616354038e-16 1.2763900854e-16 
 1.5616354037e-16 -6.4412701659e-05 1.2829093967e-16 
 1.2763900854e-16 1.2829093967e-16 1.8616606087e-03
 
Elt 1
 -1.6774308911e-03 7.7593379989e-17 2.0302651353e-16 
 7.7593379989e-17 -1.6774306790e-03 6.9584370052e-17 
 2.0302651353e-16 6.9584370052e-17 1.1692794650e-03
 
Elt 2
 -1.4965970369e-03 1.3177352089e-16 -1.0478490000e-16 
 1.3177352048e-16 -1.4965968251e-03 4.1543091624e-17 
 -1.0478490000e-16 4.1543091624e-17 1.2516037555e-03
 
Elt 3
 -1.4321329913e-03 -3.3604707246e-17 -1.4243605011e-17 
 -3.3604707246e-17 -1.4321328186e-03 7.6114901492e-17 
 -1.4243605011e-17 7.6114901492e-17 1.6637758462e-03
 
Elt 4
 -1.6095413929e-03 -9.6722222202e-17 1.5182616253e-16 
 -9.6722222202e-17 -1.6095412423e-03 1.3619031755e-17 
 1.5182616253e-16 1.3619031755e-17 2.4428420431e-03
 
Elt 1
 1.4473110880e-03 1.8947423296e-16 1.5662050450e-16 
 1.8947423306e-16 1.4473106929e-03 -2.0443343689e-16 
 1.5662050450e-16 -2.0443343689e-16 1.2817948396e-03
 
Elt 2
 1.1542176577e-03 1.8191906582e-16 -4.6624570913e-16 
 1.8191906582e-16 1.1542173841e-03 -6.9292392227e-17 
 -4.6624570913e-16 -6.9292392227e-17 1.5511012827e-03
 
Elt 3
 8.0282550955e-04 -4.4281086492e-17 5.2333388962e-17 
 -4.4281086467e-17 8.0282527643e-04 1.5591556541e-16 
 5.2333388962e-17 1.5591556541e-16 1.9082138648e-03
 
Elt 4
 5.4971027326e-04 -1.1075923202e-16 5.2713399776e-17 
 -1.1075923204e-16 5.4970999990e-04 -1.6644183905e-16 
 5.2713399776e-17 -1.6644183905e-16 2.6018490798e-03
 
Elt 1
 -2.8978386479e-03 6.9965097219e-17 4.5978437429e-18 
 6.9965097219e-17 -2.8978382044e-03 -1.5238647153e-16 
 4.5978437429e-18 -1.5238647153e-16 1.3726870737e-03
 
Elt 2
 -2.8811203943e-03 -4.8197172162e-18 -1.9660351790e-16 
 -4.8197172098e-18 -2.8811199388e-03 -2.5648712731e-16 
 -1.9660351790e-16 -2.5648712731e-16 1.8805380554e-03
 
Elt 3
 -2.8255464544e-03 -7.8654425551e-17 -3.6573016925e-17 
 -7.8654425447e-17 -2.8255460351e-03 4.1824061924e-17 
 -3.6573016925e-17 4.1824061924e-17 2.4402500671e-03
 
Elt 4
 -2.7560178006e-03 9.3138110103e-18 -1.1282955773e-16 
 9.3138109974e-18 -2.7560174500e-03 -1.7038073410e-16 
 -1.1282955773e-16 -1.7038073410e-16 2.4635672606e-03
 
Elt 1
 3.1508696146e-03 -1.4788027756e-16 -5.3585075701e-17 
 -1.4788027735e-16 3.1508689959e-03 1.7995164825e-16 
 -5.3585075701e-17 1.7995164825e-16 1.8504038199e-03
 
Elt 2
 2.8232641939e-03 -1.5632030720e-16 1.9239842017e-16 
 -1.5632030720e-16 2.8232635502e-03 -6.9271014640e-18 
 1.9239842017e-16 -6.9271014640e-18 2.2619057598e-03
 
Elt 3
 2.4997673968e-03 -1.2826308615e-17 -2.0598997150e-17 
 -1.2826308621e-17 2.4997667851e-03 -1.6956683955e-16 
 -2.0598997150e-17 -1.6956683955e-16 2.5808244854e-03
 
Elt 4
 2.4769561162e-03 -1.4664856344e-16 -2.1484505478e-16 
 -1.4664856344e-16 2.4769555391e-03 -1.0375767776e-17 
 -2.1484505478e-16 -1.0375767776e-17 2.2798011586e-03
 
Elt 1
 -6.0981542810e-03 -1.0243766428e-16 -1.4646726140e-16 
 -1.0243766438e-16 -6.0981532288e-03 4.1232117346e-16 
 -1.4646726140e-16 4.1232117346e-16 2.3761648468e-03
 
Elt 2
 -5.9684924821e-03 -1.5558578239e-16 2.5324970115e-16 
 -1.5558578239e-16 -5.9684915650e-03 1.4238415170e-16 
 2.5324970115e-16 1.4238415170e-16 2.5795892587e-03
 
Elt 3
 -5.7286005262e-03 5.3737425466e-17 -1.8704776548e-17 
 5.3737425362e-17 -5.7285996557e-03 -2.0815772226e-16 
 -1.8704776548e-17 -2.0815772226e-16 2.5114101961e-03
 
Elt 4
 -5.4602633192e-03 8.3229528612e-18 -4.3010445055e-17 
 8.3229528612e-18 -5.4602624014e-03 5.2163925523e-17 
 -4.3010445055e-17 5.2163925523e-17 2.3186031257e-03
 
Elt 1
 8.1126855274e-03 3.8306813189e-17 -1.0137183546e-16 
 3.8306813215e-17 8.1126839074e-03 -1.7895281501e-16 
 -1.0137183546e-16 -1.7895281501e-16 3.1720723119e-03
 
Elt 2
 7.9659960086e-03 -9.2962564360e-17 2.0313361535e-16 
 -9.2962564308e-17 7.9659943919e-03 2.0701765006e-16 
 2.0313361535e-16 2.0701765006e-16 2.7557826463e-03
 
Elt 3
 7.7774775160e-03 5.5032559056e-17 -3.8315415928e-17 
 5.5032559056e-17 7.7774759611e-03 1.3841065035e-16 
 -3.8315415928e-17 1.3841065035e-16 2.3753856131e-03
 
Elt 4
 7.5107480923e-03 -2.2646766002e-16 1.4811590487e-16 
 -2.2646766002e-16 7.5107466498e-03 6.7789760139e-18 
 1.4811590487e-16 6.7789760139e-18 2.2987308218e-03
 
Elt 1
 -1.5192554220e-02 1.8271756911e-16 -2.4769301698e-17 
 1.8271756891e-16 -1.5192551712e-02 -4.8946488971e-16 
 -2.4769301698e-17 -4.8946488971e-16 3.5595716818e-03
 
Elt 2
 -1.4625698748e-02 -5.9002749124e-19 0.0000000000e+00 
 -5.9002749124e-19 -1.4625696228e-02 0.0000000000e+00 
 0.0000000000e+00 0.0000000000e+00 2.9316953946e-03
 
Elt 3
 -1.3975001067e-02 3.7631149685e-18 -4.6977650748e-17 
 3.7631149653e-18 -1.3974998613e-02 1.7430561238e-16 
 -4.6977650748e-17 1.7430561238e-16 2.4022689054e-03
 
Elt 4
 -1.3697767990e-02 -1.8637960274e-16 1.0483267648e-16 
 -1.8637960274e-16 -1.3697765614e-02 1.1456603774e-17 
 1.0483267648e-16 1.1456603774e-17 2.5180268099e-03
 
Elt 1
 2.8366199316e-02 5.7305552531e-17 7.8263372747e-17 
 5.7305552583e-17 2.8366194200e-02 -2.7712707322e-16 
 7.8263372747e-17 -2.7712707322e-16 4.0234585606e-03
 
Elt 2
 2.7717584693e-02 -1.9171470371e-17 -1.4467046533e-16 
 -1.9171470384e-17 2.7717579820e-02 -3.2386563216e-16 
 -1.4467046533e-16 -3.2386563216e-16 3.2560419755e-03
 
Elt 3
 2.6696995173e-02 -1.6557555693e-16 -8.8468026766e-17 
 -1.6557555693e-16 2.6696990492e-02 3.9379184599e-17 
 -8.8468026766e-17 3.9379184599e-17 2.5972343893e-03
 
Elt 4
 2.5993863351e-02 -1.7450541670e-17 -5.7142341482e-17 
 -1.7450541683e-17 2.5993858691e-02 8.3774930236e-17 
 -5.7142341482e-17 8.3774930236e-17 2.3508541422e-03
 
Elt 1
 -5.3290652761e-02 -1.5484872518e-16 3.9809595548e-16 
 -1.5484872518e-16 -5.3290643710e-02 2.6215382186e-16 
 3.9809595548e-16 2.6215382186e-16 3.3777360015e-03
 
Elt 2
 -5.1585013501e-02 4.7196478125e-17 6.7468174937e-17 
 4.7196478125e-17 -5.1585004651e-02 -3.8075198326e-17 
 6.7468174937e-17 -3.8075198326e-17 3.3883313398e-03
 
Elt 3
 -4.9330421042e-02 7.6406696549e-17 -4.6706113452e-17 
 7.6406696549e-17 -4.9330412546e-02 -5.7447318126e-17 
 -4.6706113452e-17 -5.7447318126e-17 3.3515772343e-03
 
Elt 4
 -4.7738167272e-02 2.9329381417e-17 -1.9940799479e-16 
 2.9329381469e-17 -4.7738159097e-02 1.7460160275e-16 
 -1.9940799479e-16 1.7460160275e-16 2.9127088031e-03
 
Elt 1
 1.5523699140e-01 -1.3005352206e-16 1.3075196177e-16 
 -1.3005352216e-16 1.5523696665e-01 3.4853061974e-16 
 1.3075196177e-16 3.4853061974e-16 5.2414836996e-03
 
Elt 2
 1.4879923161e-01 -7.6973577343e-18 5.5220397239e-17 
 -7.6973577343e-18 1.4879920773e-01 1.3736125001e-16 
 5.5220397239e-17 1.3736125001e-16 3.9567723952e-03
 
Elt 3
 1.4085585466e-01 -1.2952543577e-17 7.1505921384e-17 
 -1.2952543577e-17 1.4085583196e-01 -1.2084585207e-16 
 7.1505921384e-17 -1.2084585207e-16 2.5878064494e-03
 
Elt 4
 1.3602879235e-01 -1.7821543028e-16 -1.1959733413e-16 
 -1.7821543028e-16 1.3602877044e-01 9.4584067027e-18 
 -1.1959733413e-16 9.4584067027e-18 2.0574660025e-03
 
Elt 1
 -5.1373854949e-01 -8.7974046897e-17 -2.5040827489e-16 
 -8.7974046897e-17 -5.1373848050e-01 4.4631387267e-16 
 -2.5040827489e-16 4.4631387267e-16 -5.7240482846e-03
 
Elt 2
 -4.7694459986e-01 -3.4075301256e-17 -2.3383961056e-16 
 -3.4075301256e-17 -4.7694453585e-01 1.2951110293e-17 
 -2.3383961056e-16 1.2951110293e-17 2.4336987488e-03
 
Elt 3
 -4.3283472125e-01 -2.1944733928e-16 1.5997753547e-16 
 -2.1944733928e-16 -4.3283466269e-01 1.4059121951e-16 
 1.5997753547e-16 1.4059121951e-16 8.2823457944e-03
 
Elt 4
 -4.0677524880e-01 -6.9327225058e-17 9.2779938449e-17 
 -6.9327225058e-17 -4.0677519312e-01 -5.3973617038e-17 
 9.2779938449e-17 -5.3973617038e-17 9.5532841843e-03
 
Elt 1
 3.2427704173e-01 2.7085976829e-16 -7.2352200611e-17 
 2.7085976818e-16 3.2427690878e-01 -1.7291168694e-16 
 -7.2352200611e-17 -1.7291168694e-16 -1.9947821080e-02
 
Elt 2
 3.3449464026e-01 6.1795494195e-17 1.1400484893e-16 
 6.1795494221e-17 3.3449451605e-01 -1.2506476156e-16 
 1.1400484893e-16 -1.2506476156e-16 -3.9683993481e-03
 
Elt 3
 3.5330775915e-01 3.3866464694e-16 1.1933294017e-16 
 3.3866464694e-16 3.5330764474e-01 1.6271227167e-17 
 1.1933294017e-16 1.6271227167e-17 1.4883095897e-02
 
Elt 4
 3.6887881181e-01 1.5395974631e-16 6.1812037759e-17 
 1.5395974631e-16 3.6887870269e-01 -2.8226613896e-17 
 6.1812037759e-17 -2.8226613896e-17 2.3892058093e-02
 
Elt 1
 -2.7038334177e-01 8.0541798875e-16 -1.6488316486e-17 
 8.0541798875e-16 -2.7038392420e-01 -7.5786051504e-16 
 -1.6488316486e-17 -7.5786051504e-16 1.7356822243e-02
 
Elt 2
 -5.1198566731e-01 8.9255186267e-16 -4.0860089438e-17 
 8.9255186267e-16 -5.1198635041e-01 -5.2917086216e-17 
 -4.0860089438e-17 -5.2917086216e-17 3.0789967956e-02
 
Elt 3
 -1.0203198709e+00 2.2814437700e-15 -3.8739767911e-16 
 2.2814437691e-15 -1.0203208959e+00 5.5646945975e-16 
 -3.8739767911e-16 5.5646945975e-16 4.8066559894e-03
 
Elt 4
 -1.6719125645e+00 4.2015620273e-15 3.9676496289e-16 
 4.2015620273e-15 -1.6719144128e+00 -2.6481608582e-16 
 3.9676496289e-16 -2.6481608582e-16 -3.8376055756e-02
 
Elt 1
 8.9213209751e-03 3.0683073312e-16 -2.3879928311e-17 
 3.0683073313e-16 8.9210751749e-03 -5.0986647516e-16 
 -2.3879928311e-17 -5.0986647516e-16 6.2026627925e-02
 
Elt 2
 -2.6358871913e-01 1.4460409210e-16 -5.6730246995e-17 
 1.4460409210e-16 -2.6358894297e-01 -1.8266784500e-16 
 -5.6730246995e-17 -1.8266784500e-16 4.0423647979e-02
 
Elt 3
 -4.8852363397e-01 -1.0591077800e-15 -2.4939065521e-16 
 -1.0591077800e-15 -4.8852313852e-01 2.5147649759e-16 
 -2.4939065521e-16 2.5147649759e-16 1.4935883176e-02
 
Elt 4
 -1.3892673078e-01 -4.0288376574e-15 8.0179572322e-17 
 -4.0288376574e-15 -1.3892496650e-01 -4.4892357777e-17 
 8.0179572322e-17 -4.4892357777e-17 -1.0930515917e-01
 
Elt 1
 6.8648344455e-01 -5.4436157916e-16 1.4805909359e-16 
 -5.4436157936e-16 6.8648378785e-01 -9.1215590150e-17 
 1.4805909359e-16 -9.1215590150e-17 2.0995487342e-01
 
Elt 2
 4.7193516635e-01 -1.1413071473e-15 8.0590571875e-17 
 -1.1413071475e-15 4.7193572538e-01 -5.7200345040e-17 
 8.0590571875e-17 -5.7200345040e-17 1.1802306914e-01
 
Elt 3
 6.4507882675e-01 -3.3087618000e-15 -2.3862997862e-17 
 -3.3087618000e-15 6.4508038413e-01 -2.8971859128e-16 
 -2.3862997862e-17 -2.8971859128e-16 4.0495115759e-02
 
Elt 4
 1.3654206520e+00 -5.0444473454e-15 -1.6886695839e-16 
 -5.0444473454e-15 1.3654230091e+00 -1.1318225416e-16 
 -1.6886695839e-16 -1.1318225416e-16 -4.8346906575e-01
 
Elt 1
 2.5536496676e+00 1.2074869660e-15 -1.5771509864e-16 
 1.2074869664e-15 2.5536488843e+00 -1.4136347543e-16 
 -1.5771509864e-16 -1.4136347543e-16 1.2120525076e+00
 
Elt 2
 1.9441836763e+00 2.4854224178e-15 1.2819064931e-16 
 2.4854224178e-15 1.9441822218e+00 1.4662992059e-16 
 1.2819064931e-16 1.4662992059e-16 2.2904583346e+00
 
Elt 3
 2.4705344221e+00 6.7024510615e-15 -7.3015223033e-17 
 6.7024510624e-15 2.4705310705e+00 1.9215546737e-16 
 -7.3015223033e-17 1.9215546737e-16 4.4176179971e+00
 
Elt 4
 3.6301095245e+00 7.8774622590e-15 4.3026516636e-17 
 7.8774622590e-15 3.6301058114e+00 4.7039156843e-16 
 4.3026516636e-17 4.7039156843e-16 4.4473498887e+00
 
Elt 1
 2.3865427592e+01 -1.0759224717e-15 1.2115695548e-16 
 -1.0759224717e-15 2.3865428217e+01 -5.4861149797e-17 
 1.2115695548e-16 -5.4861149797e-17 2.4083118830e+01
 
Elt 2
 2.2188552820e+01 -7.8003519017e-15 1.8050215041e-16 
 -7.8003518884e-15 2.2188553456e+01 -2.5836045117e-17 
 1.8050215041e-16 -2.5836045117e-17 2.4083767084e+01
 
Elt 3
 3.9821231962e+01 3.4733345685e-16 -6.1221504731e-16 
 3.4733345685e-16 3.9821235577e+01 -3.1003610723e-17 
 -6.1221504731e-16 -3.1003610723e-17 3.9958757557e+01
 
Elt 4
 4.1807815945e+01 -1.6236863928e-14 -3.7782070409e-16 
 -1.6236863915e-14 4.1807819576e+01 1.0384002932e-16 
 -3.7782070409e-16 1.0384002932e-16 3.9958757557e+01
 
Elt 1
 1.7566214724e+02 8.8754841248e-15 -1.0918003246e-16 
 8.8754841248e-15 1.7566214650e+02 -2.6393718982e-16 
 -1.0918003246e-16 -2.6393718982e-16 1.7445608471e+02
 
Elt 2
 2.4920251504e+02 5.6189247269e-14 2.1234156385e-15 
 5.6189247269e-14 2.4920251131e+02 -1.2136472749e-15 
 2.1234156385e-15 -1.2136472749e-15 2.5031775235e+02
 
Elt 3
 2.7701444742e+02 2.8061398344e-14 -4.1178121001e-17 
 2.8061398344e-14 2.7701444367e+02 1.3392199593e-16 
 -4.1178121001e-17 1.3392199593e-16 2.7987425697e+02
 
Elt 4
 2.7896761305e+02 4.0546392830e-14 -3.2456693919e-16 
 4.0546392830e-14 2.7896760929e+02 3.6748453589e-16 
 -3.2456693919e-16 3.6748453589e-16 2.7987425697e+02
 
Elt 1
 -2.4172921778e-16 -1.6735372877e-16 -9.0189704310e-17 
 -1.6735372877e-16 -2.7413435019e-16 -3.2674252386e-17 
 -9.0189704310e-17 -3.2674252386e-17 -3.9247944346e-17
 
Elt 2
 3.5278299023e-17 -1.2009227101e-16 0.0000000000e+00 
 -1.2009227101e-16 4.0881091083e-16 0.0000000000e+00 
 0.0000000000e+00 0.0000000000e+00 -1.1102230246e-16
 
Elt 3
 -4.8104057920e-17 -1.7597709051e-16 0.0000000000e+00 
 -1.7597709051e-16 3.8117096531e-16 0.0000000000e+00 
 0.0000000000e+00 0.0000000000e+00 0.0000000000e+00
 
Elt 4
 1.2002411077e-17 7.2014466462e-17 0.0000000000e+00 
 7.2014466462e-17 4.3208679877e-16 0.0000000000e+00 
 0.0000000000e+00 0.0000000000e+00 0.0000000000e+00
 
Elt 1
 -5.5231855331e-17 -3.9275986013e-18 -5.5371327183e-17 
 -3.9275986013e-18 -2.7929590054e-19 -3.9375165997e-18 
 -5.5371327183e-17 -3.9375165997e-18 -5.5511151231e-17
 
Elt 2
 2.5254300846e-17 -2.3890876657e-16 0.0000000000e+00 
 -2.3890876657e-16 3.0781260654e-16 0.0000000000e+00 
 0.0000000000e+00 0.0000000000e+00 -1.1102230246e-16
 
Elt 3
 0.0000000000e+00 0.0000000000e+00 0.0000000000e+00 
 0.0000000000e+00 0.0000000000e+00 0.0000000000e+00 
 0.0000000000e+00 0.0000000000e+00 0.0000000000e+00
 
Elt 4
 0.0000000000e+00 0.0000000000e+00 0.0000000000e+00 
 0.0000000000e+00 0.0000000000e+00 0.0000000000e+00 
 0.0000000000e+00 0.0000000000e+00 0.0000000000e+00
 
Elt 1
 -9.5810901707e-17 -3.8176144680e-17 -8.7072915008e-17 
 -3.8176144680e-17 -1.5211400755e-17 -3.4694467350e-17 
 -8.7072915008e-17 -3.4694467350e-17 6.1255766030e-04
 
Elt 2
 0.0000000000e+00 0.0000000000e+00 0.0000000000e+00 
 0.0000000000e+00 0.0000000000e+00 0.0000000000e+00 
 0.0000000000e+00 0.0000000000e+00 -1.1102230246e-16
 
Elt 3
 0.0000000000e+00 0.0000000000e+00 0.0000000000e+00 
 0.0000000000e+00 0.0000000000e+00 0.0000000000e+00 
 0.0000000000e+00 0.0000000000e+00 0.0000000000e+00
 
Elt 4
 0.0000000000e+00 0.0000000000e+00 0.0000000000e+00 
 0.0000000000e+00 0.0000000000e+00 0.0000000000e+00 
 0.0000000000e+00 0.0000000000e+00 0.0000000000e+00
 
Elt 1
 -3.3031200437e-04 1.5830848838e-17 1.2268755742e-16 
 1.5830848838e-17 -3.3031196472e-04 -2.0823552805e-17 
 1.2268755742e-16 -2.0823552805e-17 9.8903191651e-04
 
Elt 2
 -1.1009187901e-04 2.2602658829e-16 0.0000000000e+00 
 2.2602658829e-16 -1.1009186580e-04 0.0000000000e+00 
 0.0000000000e+00 0.0000000000e+00 2.3594161785e-04
 
Elt 3
 5.1204825414e-19 1.0650603686e-17 0.0000000000e+00 
 1.0650603686e-17 2.2153255667e-16 0.0000000000e+00 
 0.0000000000e+00 0.0000000000e+00 0.0000000000e+00
 
Elt 4
 0.0000000000e+00 0.0000000000e+00 0.0000000000e+00 
 0.0000000000e+00 0.0000000000e+00 0.0000000000e+00 
 0.0000000000e+00 0.0000000000e+00 0.0000000000e+00
 
Elt 1
 -5.1792286216e-04 8.1964883529e-17 3.2846330368e-16 
 8.1964883529e-17 -5.1792282898e-04 1.3884970695e-17 
 3.2846330368e-16 1.3884970695e-17 1.1705051571e-03
 
Elt 2
 -1.8051241876e-04 -2.5529801361e-19 2.0722992611e-16 
 -2.5529801442e-19 -1.8051240978e-04 -3.4700729202e-18 
 2.0722992611e-16 -3.4700729202e-18 6.1553876090e-04
 
Elt 3
 -4.6754518118e-06 9.6469271611e-17 0.0000000000e+00 
 9.6469271663e-17 -4.6754530616e-06 0.0000000000e+00 
 0.0000000000e+00 0.0000000000e+00 5.1315910124e-05
 
Elt 4
 -4.2650925694e-17 8.7471746769e-17 0.0000000000e+00 
 8.7471746769e-17 -1.7939367923e-16 0.0000000000e+00 
 0.0000000000e+00 0.0000000000e+00 0.0000000000e+00
 
Elt 1
 -3.5304427981e-04 1.3114050004e-16 1.8702575856e-16 
 1.3114050025e-16 -3.5304431879e-04 2.7765364140e-17 
 1.8702575856e-16 2.7765364140e-17 1.2675404523e-03
 
Elt 2
 -2.0939408467e-04 1.8980684394e-17 0.0000000000e+00 
 1.8980684342e-17 -2.0939409437e-04 0.0000000000e+00 
 0.0000000000e+00 0.0000000000e+00 9.2893397005e-04
 
Elt 3
 -6.5508956161e-05 6.8273152629e-17 0.0000000000e+00 
 6.8273152422e-17 -6.5508952777e-05 0.0000000000e+00 
 0.0000000000e+00 0.0000000000e+00 2.3490795937e-04
 
Elt 4
 -7.6031378747e-06 -6.7793657961e-19 0.0000000000e+00 
 -6.7793657961e-19 -7.6031368534e-06 0.0000000000e+00 
 0.0000000000e+00 0.0000000000e+00 1.8066030272e-05
 
Elt 1
 -2.5323485673e-04 -1.7521300418e-17 0.0000000000e+00 
 -1.7521300405e-17 -2.5323493046e-04 0.0000000000e+00 
 0.0000000000e+00 0.0000000000e+00 1.2825454926e-03
 
Elt 2
 -3.3649713184e-04 -7.3316187033e-17 -1.3344494452e-16 
 -7.3316187860e-17 -3.3649713882e-04 -6.9412267636e-18 
 -1.3344494452e-16 -6.9412267636e-18 1.1191076286e-03
 
Elt 3
 -1.8956000634e-04 4.1387617576e-17 0.0000000000e+00 
 4.1387617576e-17 -1.8955999229e-04 0.0000000000e+00 
 0.0000000000e+00 0.0000000000e+00 5.6215795882e-04
 
Elt 4
 -2.8915957165e-05 -6.6034806958e-17 0.0000000000e+00 
 -6.6034806958e-17 -2.8915954797e-05 0.0000000000e+00 
 0.0000000000e+00 0.0000000000e+00 9.7614530685e-05
 
Elt 1
 -3.8248567365e-04 -1.0150503448e-16 -1.7129607171e-16 
 -1.0150503468e-16 -3.8248570128e-04 2.7766182094e-17 
 -1.7129607171e-16 2.7766182094e-17 1.2050163910e-03
 
Elt 2
 -4.6439436871e-04 -1.5633404708e-16 -8.0190779584e-17 
 -1.5633404708e-16 -4.6439436150e-04 -1.7355284066e-17 
 -8.0190779584e-17 -1.7355284066e-17 1.2521024105e-03
 
Elt 3
 -2.8628569025e-04 -2.2318261602e-16 5.5950533025e-17 
 -2.2318261602e-16 -2.8628567694e-04 6.9241166126e-18 
 5.5950533025e-17 6.9241166126e-18 9.2195620195e-04
 
Elt 4
 -7.8454671056e-05 -1.0128598423e-16 -4.9441932086e-17 
 -1.0128598464e-16 -7.8454667762e-05 7.2844693801e-17 
 -4.9441932086e-17 7.2844693801e-17 2.9448199125e-04
 
Elt 1
 -4.3122411490e-04 -5.4570270301e-17 -2.8552831130e-16 
 -5.4570270094e-17 -4.3122408729e-04 1.7354709944e-17 
 -2.8552831130e-16 1.7354709944e-17 1.1215525210e-03
 
Elt 2
 -4.1476287895e-04 1.0236010183e-17 -1.0961733388e-16 
 1.0236010183e-17 -4.1476288076e-04 -1.0412653454e-17 
 -1.0961733388e-16 -1.0412653454e-17 1.3312190914e-03
 
Elt 3
 -3.2462185764e-04 1.3644729670e-16 0.0000000000e+00 
 1.3644729670e-16 -3.2462186124e-04 0.0000000000e+00 
 0.0000000000e+00 0.0000000000e+00 1.1815972627e-03
 
Elt 4
 -1.8991525152e-04 1.9771834642e-16 -8.2144018037e-17 
 1.9771834725e-16 -1.8991524446e-04 -1.0410316518e-17 
 -8.2144018037e-17 -1.0410316518e-17 6.5127244575e-04
 
Elt 1
 -3.2106468102e-04 8.8612120373e-17 -2.7748231662e-16 
 8.8612120477e-17 -3.2106463686e-04 -1.2477978452e-16 
 -2.7748231662e-16 -1.2477978452e-16 1.1239976796e-03
 
Elt 2
 -3.0583758453e-04 1.9035330892e-16 -2.4326113663e-16 
 1.9035330850e-16 -3.0583760352e-04 -6.2358144029e-17 
 -2.4326113663e-16 -6.2358144029e-17 1.2942998211e-03
 
Elt 3
 -3.8465266970e-04 -9.0497692435e-17 -5.8049995781e-17 
 -9.0497692435e-17 -3.8465268576e-04 3.4944874167e-18 
 -5.8049995781e-17 3.4944874167e-18 1.3244465798e-03
 
Elt 4
 -3.6126270956e-04 -6.9577968421e-17 -8.3789329110e-17 
 -6.9577968421e-17 -3.6126269681e-04 -7.2858395487e-17 
 -8.3789329110e-17 -7.2858395487e-17 1.1547597101e-03
 
Elt 1
 -2.9591397294e-04 9.3761292700e-17 0.0000000000e+00 
 9.3761292803e-17 -2.9591393176e-04 0.0000000000e+00 
 0.0000000000e+00 0.0000000000e+00 1.1908449904e-03
 
Elt 2
 -3.2999745644e-04 2.0490346221e-16 -5.4708851034e-17 
 2.0490346139e-16 -3.2999746822e-04 -5.5425148412e-17 
 -5.4708851034e-17 -5.5425148412e-17 1.1738147055e-03
 
Elt 3
 -4.7317797368e-04 -9.9200000988e-17 0.0000000000e+00 
 -9.9200000988e-17 -4.7317798781e-04 0.0000000000e+00 
 0.0000000000e+00 0.0000000000e+00 1.4366853438e-03
 
Elt 4
 -5.2692097839e-04 -6.3896252460e-18 7.8810457945e-18 
 -6.3896252460e-18 -5.2692096825e-04 -1.0054293034e-16 
 7.8810457945e-18 -1.0054293034e-16 1.7077633832e-03
 
Elt 1
 -3.8547725327e-04 -7.9690432768e-17 0.0000000000e+00 
 -7.9690432768e-17 -3.8547722984e-04 0.0000000000e+00 
 0.0000000000e+00 0.0000000000e+00 1.2367914222e-03
 
Elt 2
 -4.0586429180e-04 1.6242055080e-17 2.3059362269e-16 
 1.6242054873e-17 -4.0586428612e-04 -9.0050811720e-17 
 2.3059362269e-16 -9.0050811720e-17 1.1270524800e-03
 
Elt 3
 -5.0202482156e-04 -9.2528048607e-17 0.0000000000e+00 
 -9.2528049435e-17 -5.0202483169e-04 0.0000000000e+00 
 0.0000000000e+00 0.0000000000e+00 1.5812227433e-03
 
Elt 4
 -6.4748295046e-04 4.1608939468e-18 3.6153682449e-17 
 4.1608939468e-18 -6.4748295397e-04 -5.5400236406e-17 
 3.6153682449e-17 -5.5400236406e-17 2.1753995920e-03
 
Elt 1
 -4.0642058483e-04 -5.2935862326e-17 2.4368890635e-16 
 -5.2935862326e-17 -4.0642060489e-04 7.6313193048e-17 
 2.4368890635e-16 7.6313193048e-17 1.2383651862e-03
 
Elt 2
 -4.0124308458e-04 -1.4467538840e-17 2.8127502624e-16 
 -1.4467538840e-17 -4.0124307628e-04 1.2481143475e-16 
 2.8127502624e-16 1.2481143475e-16 1.2654854717e-03
 
Elt 3
 -4.9218450407e-04 1.2507727401e-16 -8.8522662368e-17 
 1.2507727401e-16 -4.9218450902e-04 -2.0873637121e-17 
 -8.8522662368e-17 -2.0873637121e-17 1.7538153086e-03
 
Elt 4
 -7.4923952511e-04 4.4306498489e-17 0.0000000000e+00 
 4.4306498489e-17 -7.4923954036e-04 0.0000000000e+00 
 0.0000000000e+00 0.0000000000e+00 2.4740580352e-03
 
Elt 1
 -3.6283508496e-04 -5.9453222767e-17 2.0662598173e-16 
 -5.9453222767e-17 -3.6283514266e-04 2.5647276838e-16 
 2.0662598173e-16 2.5647276838e-16 1.2563644470e-03
 
Elt 2
 -4.1017479947e-04 -3.1210417453e-17 2.4769535131e-16 
 -3.1210417660e-17 -4.1017478987e-04 1.5602698152e-16 
 2.4769535131e-16 1.5602698152e-16 1.5374909437e-03
 
Elt 3
 -5.6275795184e-04 -7.9001482101e-17 8.1345599224e-17 
 -7.9001482515e-17 -5.6275793889e-04 -7.2812119612e-17 
 8.1345599224e-17 -7.2812119612e-17 1.9524375376e-03
 
Elt 4
 -8.2089224476e-04 -2.6681892699e-17 7.9435425138e-17 
 -2.6681892906e-17 -8.2089226285e-04 9.6975328135e-17 
 7.9435425138e-17 9.6975328135e-17 2.5966558509e-03
 
Elt 1
 -3.9305506639e-04 6.9741267729e-17 3.7965765809e-17 
 6.9741267625e-17 -3.9305511261e-04 9.3516957338e-17 
 3.7965765809e-17 9.3516957338e-17 1.3632224942e-03
 
Elt 2
 -5.3384573302e-04 -1.2218998220e-17 -2.6352144370e-17 
 -1.2218998168e-17 -5.3384571009e-04 1.5945100866e-16 
 -2.6352144370e-17 1.5945100866e-16 1.8211093124e-03
 
Elt 3
 -7.0449536333e-04 -2.0231205342e-16 1.0405066827e-16 
 -2.0231205259e-16 -7.0449533147e-04 -1.3806973111e-17 
 1.0405066827e-16 -1.3806973111e-17 2.2007165877e-03
 
Elt 4
 -7.9838751356e-04 -9.7050795091e-17 6.0472061701e-17 
 -9.7050795091e-17 -7.9838753306e-04 6.5738563253e-17 
 6.0472061701e-17 6.5738563253e-17 2.5690360971e-03
 
Elt 1
 -4.9302046352e-04 1.0806618395e-16 0.0000000000e+00 
 1.0806618395e-16 -4.9302045962e-04 0.0000000000e+00 
 0.0000000000e+00 0.0000000000e+00 1.5905085520e-03
 
Elt 2
 -6.7065741259e-04 5.3636776507e-17 -9.9814320014e-17 
 5.3636776507e-17 -6.7065738752e-04 6.9397411109e-17 
 -9.9814320014e-17 6.9397411109e-17 2.0689358662e-03
 
Elt 3
 -7.8761925894e-04 3.3789303973e-17 9.9164499538e-17 
 3.3789303973e-17 -7.8761923486e-04 5.5577367091e-17 
 9.9164499538e-17 5.5577367091e-17 2.4685436941e-03
 
Elt 4
 -7.0526574866e-04 -8.8284395344e-18 4.7693502768e-17 
 -8.8284395344e-18 -7.0526576693e-04 3.1050927196e-17 
 4.7693502768e-17 3.1050927196e-17 2.4371459928e-03
 
Elt 1
 -5.9061478339e-04 1.4040574161e-17 -1.5372462210e-16 
 1.4040574186e-17 -5.9061473574e-04 -2.7056630539e-16 
 -1.5372462210e-16 -2.7056630539e-16 1.9347987103e-03
 
Elt 2
 -7.2139146285e-04 2.2418143082e-16 -3.4103682979e-16 
 2.2418143082e-16 -7.2139146404e-04 -1.2456976477e-16 
 -3.4103682979e-16 -1.2456976477e-16 2.3093712546e-03
 
Elt 3
 -7.7937681437e-04 -1.9972114176e-17 3.5140254543e-17 
 -1.9972114176e-17 -7.7937682375e-04 1.2511568744e-16 
 3.5140254543e-17 1.2511568744e-16 2.6381211365e-03
 
Elt 4
 -6.5734724921e-04 8.4628537450e-17 5.6290937965e-17 
 8.4628530833e-17 -6.5734725052e-04 -6.2491019311e-17 
 5.6290937965e-17 -6.2491019311e-17 2.2938582717e-03
 
Elt 1
 -7.1034504947e-04 8.5944644929e-18 -8.4562070045e-17 
 8.5944645188e-18 -7.1034499006e-04 -2.8443969036e-16 
 -8.4562070045e-17 -2.8443969036e-16 2.3746540223e-03
 
Elt 2
 -7.5188599641e-04 2.8519052981e-17 -3.3237507556e-16 
 2.8519052981e-17 -7.5188602919e-04 -1.4884016028e-16 
 -3.3237507556e-16 -1.4884016028e-16 2.5513295574e-03
 
Elt 3
 -7.5772438493e-04 -8.3119749467e-18 -1.0068988374e-16 
 -8.3119749467e-18 -7.5772442261e-04 2.4819167627e-17 
 -1.0068988374e-16 2.4819167627e-17 2.6168985627e-03
 
Elt 4
 -6.8514404689e-04 1.2164411051e-16 -5.1995114105e-17 
 1.2164411051e-16 -6.8514402075e-04 -1.1794032335e-16 
 -5.1995114105e-17 -1.1794032335e-16 2.2441571760e-03
 
Elt 1
 -8.7575567886e-04 -1.2421682668e-16 -7.0040167109e-17 
 -1.2421682626e-16 -8.7575564170e-04 -1.7341643474e-16 
 -7.0040167109e-17 -1.7341643474e-16 2.8658149909e-03
 
Elt 2
 -8.2426870911e-04 -3.5612940680e-17 -6.7764898416e-17 
 -3.5612940576e-17 -8.2426875035e-04 -1.5580681290e-16 
 -6.7764898416e-17 -1.5580681290e-16 2.7557317366e-03
 
Elt 3
 -7.4919300204e-04 2.1155490589e-16 -2.5331780443e-16 
 2.1155490589e-16 -7.4919304225e-04 8.0146705651e-17 
 -2.5331780443e-16 8.0146705651e-17 2.4657566134e-03
 
Elt 4
 -7.0898807253e-04 6.2553008649e-17 -1.6045876891e-16 
 6.2553009062e-17 -7.0898803462e-04 -1.2482100991e-16 
 -1.6045876891e-16 -1.2482100991e-16 2.3103847450e-03
 
Elt 1
 -1.0222273511e-03 -1.1498168022e-16 1.4799082721e-16 
 -1.1498168022e-16 -1.0222273607e-03 -1.0035445949e-16 
 1.4799082721e-16 -1.0035445949e-16 3.3313248706e-03
 
Elt 2
 -8.8633552790e-04 1.9511953291e-17 1.6880954709e-16 
 1.9511953291e-17 -8.8633555305e-04 -1.6257857118e-16 
 1.6880954709e-16 -1.6257857118e-16 2.8983352563e-03
 
Elt 3
 -7.2541281382e-04 -2.3565222727e-16 -2.7916292504e-16 
 -2.3565222727e-16 -7.2541283343e-04 1.4144691309e-17 
 -2.7916292504e-16 1.4144691309e-17 2.3618388046e-03
 
Elt 4
 -7.0591721655e-04 1.2203611016e-16 -1.6806703908e-16 
 1.2203611016e-16 -7.0591719338e-04 -6.2320857249e-17 
 -1.6806703908e-16 -6.2320857249e-17 2.4166061401e-03
 
Elt 1
 -1.1064730475e-03 -1.0341514134e-16 8.2025077535e-17 
 -1.0341514134e-16 -1.1064731013e-03 9.7251691844e-17 
 8.2025077535e-17 9.7251691844e-17 3.6789347576e-03
 
Elt 2
 -9.0571451187e-04 4.8311620988e-17 3.7356257356e-16 
 4.8311620988e-17 -9.0571450747e-04 -3.4508429768e-17 
 3.7356257356e-16 -3.4508429768e-17 3.0145443039e-03
 
Elt 3
 -7.1446852616e-04 -8.4979571396e-17 -1.2152412496e-16 
 -8.4979571396e-17 -7.1446851194e-04 -1.3149660101e-16 
 -1.2152412496e-16 -1.3149660101e-16 2.4327827902e-03
 
Elt 4
 -7.3400028560e-04 6.9966433529e-17 -8.4887690837e-17 
 6.9966433529e-17 -7.3400028814e-04 4.1842789606e-17 
 -8.4887690837e-17 4.1842789606e-17 2.4921249697e-03
 
Elt 1
 -1.1517905237e-03 1.7361885535e-16 9.6524339684e-17 
 1.7361885493e-16 -1.1517905874e-03 1.6686320894e-16 
 9.6524339684e-17 1.6686320894e-16 3.8458409678e-03
 
Elt 2
 -9.3505603134e-04 8.1168617965e-17 3.7536297623e-16 
 8.1168618378e-17 -9.3505599488e-04 7.1158458929e-18 
 3.7536297623e-16 7.1158458929e-18 3.1643158939e-03
 
Elt 3
 -7.7505236535e-04 -4.9334439018e-17 1.8627918955e-16 
 -4.9334439121e-17 -7.7505231853e-04 -3.4792878307e-17 
 1.8627918955e-16 -3.4792878307e-17 2.6666449991e-03
 
Elt 4
 -7.9229516650e-04 1.9126041586e-17 4.8023301226e-17 
 1.9126041586e-17 -7.9229519067e-04 1.4242935989e-16 
 4.8023301226e-17 1.4242935989e-16 2.5518477707e-03
 
Elt 1
 -1.1593355906e-03 1.6113622345e-16 -6.6852432486e-17 
 1.6113622345e-16 -1.1593356258e-03 1.8784346832e-16 
 -6.6852432486e-17 1.8784346832e-16 3.8334342846e-03
 
Elt 2
 -1.0042445418e-03 3.4238674649e-18 4.0824067949e-17 
 3.4238674649e-18 -1.0042444894e-03 9.7241809445e-17 
 4.0824067949e-17 9.7241809445e-17 3.3685258370e-03
 
Elt 3
 -8.9653625949e-04 -2.0696687294e-16 3.8235171913e-16 
 -2.0696687294e-16 -8.9653620353e-04 -7.2405045352e-18 
 3.8235171913e-16 -7.2405045352e-18 2.9777039334e-03
 
Elt 4
 -8.2137818359e-04 -4.6142982344e-17 1.4604259615e-16 
 -4.6142982344e-17 -8.2137822027e-04 2.0833745258e-16 
 1.4604259615e-16 2.0833745258e-16 2.6592429215e-03
 
Elt 1
 -1.1106237313e-03 8.1233999975e-17 -1.9106397298e-16 
 8.1234001629e-17 -1.1106237243e-03 2.2576377997e-16 
 -1.9106397298e-16 2.2576377997e-16 3.7033013287e-03
 
Elt 2
 -1.0781974877e-03 2.1820101426e-17 -1.8541072421e-16 
 2.1820101529e-17 -1.0781974534e-03 2.1861615752e-16 
 -1.8541072421e-16 2.1861615752e-16 3.5873724766e-03
 
Elt 3
 -1.0158990607e-03 -3.3898739141e-17 4.5124924800e-16 
 -3.3898739348e-17 -1.0158990320e-03 -5.9040363474e-17 
 4.5124924800e-16 -5.9040363474e-17 3.3023174068e-03
 
Elt 4
 -8.3783107561e-04 4.8186685490e-17 1.6572201302e-16 
 4.8186685283e-17 -8.3783110604e-04 1.6667266140e-16 
 1.6572201302e-16 1.6667266140e-16 2.8560721336e-03
 
Elt 1
 -1.0451180520e-03 -9.6602005355e-17 -1.2115995245e-16 
 -9.6602004941e-17 -1.0451180132e-03 1.8047202760e-16 
 -1.2115995245e-16 1.8047202760e-16 3.5444956599e-03
 
Elt 2
 -1.1287735489e-03 -4.1810920223e-17 -1.7876583719e-16 
 -4.1810921878e-17 -1.1287735601e-03 9.7592185725e-17 
 -1.7876583719e-16 9.7592185725e-17 3.7536580187e-03
 
Elt 3
 -1.0979401207e-03 3.8721208523e-19 3.0767730804e-16 
 3.8721208523e-19 -1.0979401414e-03 -6.9269354177e-17 
 3.0767730804e-16 -6.9269354177e-17 3.6050516022e-03
 
Elt 4
 -9.2101822713e-04 2.6260842051e-17 1.4091692059e-16 
 2.6260845359e-17 -9.2101822514e-04 6.2549802153e-17 
 1.4091692059e-16 6.2549802153e-17 3.1558587545e-03
 
Elt 1
 -1.0224307774e-03 -1.0297948226e-16 4.9479983412e-17 
 -1.0297948226e-16 -1.0224307286e-03 7.9754982505e-17 
 4.9479983412e-17 7.9754982505e-17 3.4383055116e-03
 
Elt 2
 -1.1562393083e-03 -7.6347361436e-17 -2.6958266864e-16 
 -7.6347361230e-17 -1.1562393622e-03 -1.9874453870e-17 
 -2.6958266864e-16 -1.9874453870e-17 3.8235434013e-03
 
Elt 3
 -1.1482244354e-03 -3.0043730484e-17 -9.8505321305e-17 
 -3.0043730381e-17 -1.1482244949e-03 -6.8776479248e-17 
 -9.8505321305e-17 -6.8776479248e-17 3.8441164484e-03
 
Elt 4
 -1.0777739838e-03 1.4074713207e-16 5.7745883972e-17 
 1.4074713125e-16 -1.0777739406e-03 -3.4796081118e-17 
 5.7745883972e-17 -3.4796081118e-17 3.5629848130e-03
 
Elt 1
 -1.0399632071e-03 -7.5205903063e-17 1.2831523306e-16 
 -7.5205903063e-17 -1.0399631736e-03 -1.5938825701e-16 
 1.2831523306e-16 -1.5938825701e-16 3.4308966447e-03
 
Elt 2
 -1.1550773776e-03 -1.9635634805e-16 -7.2507647909e-17 
 -1.9635634805e-16 -1.1550774429e-03 7.7716116870e-18 
 -7.2507647909e-17 7.7716116870e-18 3.8038191130e-03
 
Elt 3
 -1.1851118337e-03 -9.5995724359e-17 -4.7765578759e-16 
 -9.5995724566e-17 -1.1851118957e-03 8.0322163705e-17 
 -4.7765578759e-16 8.0322163705e-17 3.9937003481e-03
 
Elt 4
 -1.2398431651e-03 7.6452619342e-17 -7.4421160936e-17 
 7.6452619135e-17 -1.2398431052e-03 -1.4613512837e-16 
 -7.4421160936e-17 -1.4613512837e-16 4.0502131124e-03
 
Elt 1
 -1.0656286907e-03 -4.3219248156e-18 2.8081386827e-16 
 -4.3219248156e-18 -1.0656286893e-03 -1.7352955305e-16 
 2.8081386827e-16 -1.7352955305e-16 3.5207609410e-03
 
Elt 2
 -1.1263764152e-03 1.0189692535e-16 8.1819115720e-17 
 1.0189692494e-16 -1.1263764518e-03 2.8394361266e-17 
 8.1819115720e-17 2.8394361266e-17 3.7448172007e-03
 
Elt 3
 -1.2272683989e-03 1.6719384161e-16 -5.7424870698e-16 
 1.6719383995e-16 -1.2272684242e-03 1.1185839848e-16 
 -5.7424870698e-16 1.1185839848e-16 4.0920130689e-03
 
Elt 4
 -1.3704612655e-03 2.2783757637e-17 -2.0892277168e-16 
 2.2783757637e-17 -1.3704612291e-03 -2.7098641207e-16 
 -2.0892277168e-16 -2.7098641207e-16 4.5304935550e-03
 
Elt 1
 -1.1008825269e-03 1.2157459756e-16 1.0356773486e-16 
 1.2157459839e-16 -1.1008825540e-03 -1.8395030382e-16 
 1.0356773486e-16 -1.8395030382e-16 3.6693424088e-03
 
Elt 2
 -1.1054266608e-03 -2.0459693927e-17 1.9490847199e-16 
 -2.0459693927e-17 -1.1054266428e-03 -9.7510933777e-18 
 1.9490847199e-16 -9.7510933777e-18 3.7195183973e-03
 
Elt 3
 -1.2817136484e-03 2.9300077743e-17 -3.3280208853e-16 
 2.9300077743e-17 -1.2817136201e-03 1.3273128746e-16 
 -3.3280208853e-16 1.3273128746e-16 4.2170110385e-03
 
Elt 4
 -1.4748397722e-03 5.8559697255e-17 -1.3542944888e-16 
 5.8559696428e-17 -1.4748397854e-03 -2.5711626650e-16 
 -1.3542944888e-16 -2.5711626650e-16 4.8914998597e-03
 
Elt 1
 -1.1532678037e-03 2.0351127506e-16 -1.0902052672e-16 
 2.0351127506e-16 -1.1532678396e-03 -1.6311329104e-16 
 -1.0902052672e-16 -1.6311329104e-16 3.8327974717e-03
 
Elt 2
 -1.1339147597e-03 -4.1528231042e-17 2.3046717862e-16 
 -4.1528231146e-17 -1.1339146932e-03 -4.0859241913e-17 
 2.3046717862e-16 -4.0859241913e-17 3.8037542402e-03
 
Elt 3
 -1.3378042507e-03 6.3130960777e-17 7.2297539843e-17 
 6.3130961190e-17 -1.3378041865e-03 9.1081458349e-17 
 7.2297539843e-17 9.1081458349e-17 4.4020611971e-03
 
Elt 4
 -1.5379437350e-03 -6.9435477875e-17 2.4168841115e-17 
 -6.9435478081e-17 -1.5379437954e-03 -1.5983903501e-16 
 2.4168841115e-17 -1.5983903501e-16 5.0680085680e-03
 
Elt 1
 -1.2038988019e-03 -2.8279772708e-16 -4.0426864493e-16 
 -2.8279772874e-16 -1.2038988279e-03 -1.2476188865e-16 
 -4.0426864493e-16 -1.2476188865e-16 3.9932435479e-03
 
Elt 2
 -1.2200986976e-03 2.1558227159e-17 1.2333709424e-16 
 2.1558227159e-17 -1.2200986203e-03 8.0113244958e-17 
 1.2333709424e-16 8.0113244958e-17 4.0454987837e-03
 
Elt 3
 -1.3877502479e-03 -1.7470574007e-16 5.2982092069e-16 
 -1.7470574172e-16 -1.3877501886e-03 2.8333712008e-17 
 5.2982092069e-16 2.8333712008e-17 4.6055546657e-03
 
Elt 4
 -1.5365910676e-03 -7.7902019894e-17 7.4639562361e-17 
 -7.7902019894e-17 -1.5365911454e-03 6.2545623873e-17 
 7.4639562361e-17 6.2545623873e-17 5.0716146430e-03
 
Elt 1
 -1.2485454217e-03 1.0169040813e-16 -3.0802994160e-16 
 1.0169041144e-16 -1.2485454278e-03 9.3641441684e-17 
 -3.0802994160e-16 9.3641441684e-17 4.1708236539e-03
 
Elt 2
 -1.3414583269e-03 2.4836199635e-17 -1.0725275263e-16 
 2.4836199635e-17 -1.3414582861e-03 1.1779943845e-16 
 -1.0725275263e-16 1.1779943845e-16 4.4221241998e-03
 
Elt 3
 -1.4364722192e-03 1.1447029483e-17 6.3446783652e-16 
 1.1447029690e-17 -1.4364722013e-03 6.6056832222e-17 
 6.3446783652e-16 6.6056832222e-17 4.7715161344e-03
 
