Elt 1
 -2.4172921778e-16 -1.6735372877e-16 -9.0189704310e-17 
 -1.6735372877e-16 -2.7413435019e-16 -3.2674252386e-17 
 -9.0189704310e-17 -3.2674252386e-17 -3.9247944346e-17
 
Elt 2
 3.5278299023e-17 -1.2009227101e-16 0.0000000000e+00 
 -1.2009227101e-16 4.0881091083e-16 0.0000000000e+00 
 0.0000000000e+00 0.0000000000e+00 -1.1102230246e-16
 
Elt 3
 -4.8104057920e-17 -1.7597709051e-16 0.0000000000e+00 
 -1.7597709051e-16 3.8117096531e-16 0.0000000000e+00 
 0.0000000000e+00 0.0000000000e+00 0.0000000000e+00
 
Elt 4
 1.2002411077e-17 7.2014466462e-17 0.0000000000e+00 
 7.2014466462e-17 4.3208679877e-16 0.0000000000e+00 
 0.0000000000e+00 0.0000000000e+00 0.0000000000e+00
 
Elt 1
 -2.4172921778e-16 -1.6735372877e-16 -9.0189704310e-17 
 -1.6735372877e-16 -2.7413435019e-16 -3.2674252386e-17 
 -9.0189704310e-17 -3.2674252386e-17 -3.9247944346e-17
 
Elt 2
 3.5278299023e-17 -1.2009227101e-16 0.0000000000e+00 
 -1.2009227101e-16 4.0881091083e-16 0.0000000000e+00 
 0.0000000000e+00 0.0000000000e+00 -1.1102230246e-16
 
Elt 3
 -4.8104057920e-17 -1.7597709051e-16 0.0000000000e+00 
 -1.7597709051e-16 3.8117096531e-16 0.0000000000e+00 
 0.0000000000e+00 0.0000000000e+00 0.0000000000e+00
 
Elt 4
 1.2002411077e-17 7.2014466462e-17 0.0000000000e+00 
 7.2014466462e-17 4.3208679877e-16 0.0000000000e+00 
 0.0000000000e+00 0.0000000000e+00 0.0000000000e+00
 
Elt 1
 -1.1102230246e-16 0.0000000000e+00 -1.4090696247e-16 
 0.0000000000e+00 0.0000000000e+00 0.0000000000e+00 
 -1.4090696247e-16 0.0000000000e+00 2.7229417438e-04
 
Elt 2
 0.0000000000e+00 0.0000000000e+00 0.0000000000e+00 
 0.0000000000e+00 0.0000000000e+00 0.0000000000e+00 
 0.0000000000e+00 0.0000000000e+00 -1.1102230246e-16
 
Elt 3
 0.0000000000e+00 0.0000000000e+00 0.0000000000e+00 
 0.0000000000e+00 0.0000000000e+00 0.0000000000e+00 
 0.0000000000e+00 0.0000000000e+00 0.0000000000e+00
 
Elt 4
 1.2002411077e-17 7.2014466462e-17 0.0000000000e+00 
 7.2014466462e-17 4.3208679877e-16 0.0000000000e+00 
 0.0000000000e+00 0.0000000000e+00 0.0000000000e+00
 
Elt 1
 -3.4065022236e-05 -6.4688427099e-17 5.8139504707e-17 
 -6.4688426995e-17 -3.4065018148e-05 -1.7347824809e-17 
 5.8139504707e-17 -1.7347824809e-17 5.2211263178e-04
 
Elt 2
 -1.1354878477e-05 1.8118768389e-16 8.4131854794e-17 
 1.8118768410e-16 -1.1354877114e-05 -1.3877945387e-17 
 8.4131854794e-17 -1.3877945387e-17 2.2413292123e-05
 
Elt 3
 -4.9392799659e-17 -1.7439337971e-16 0.0000000000e+00 
 -1.7439337971e-16 3.8245970705e-16 0.0000000000e+00 
 0.0000000000e+00 0.0000000000e+00 0.0000000000e+00
 
Elt 4
 0.0000000000e+00 0.0000000000e+00 0.0000000000e+00 
 0.0000000000e+00 0.0000000000e+00 0.0000000000e+00 
 0.0000000000e+00 0.0000000000e+00 0.0000000000e+00
 
Elt 1
 -1.1006999946e-04 0.0000000000e+00 6.9872948646e-17 
 0.0000000000e+00 -1.1006998685e-04 0.0000000000e+00 
 6.9872948646e-17 0.0000000000e+00 7.3571266270e-04
 
Elt 2
 -3.6809914612e-05 -1.0309753055e-16 7.7208581538e-17 
 -1.0309753076e-16 -3.6809910453e-05 -5.5513194503e-17 
 7.7208581538e-17 -5.5513194503e-17 8.0109024800e-05
 
Elt 3
 -7.2410306042e-08 0.0000000000e+00 0.0000000000e+00 
 0.0000000000e+00 -7.2410334130e-08 0.0000000000e+00 
 0.0000000000e+00 0.0000000000e+00 8.9814974803e-07
 
Elt 4
 1.2002411077e-17 7.2014466462e-17 0.0000000000e+00 
 7.2014466462e-17 4.3208679877e-16 0.0000000000e+00 
 0.0000000000e+00 0.0000000000e+00 0.0000000000e+00
 
Elt 1
 -2.1657742888e-04 6.8054910537e-17 1.7080631409e-16 
 6.8054910434e-17 -2.1657740588e-04 -1.3880790830e-17 
 1.7080631409e-16 -1.3880790830e-17 9.0654958324e-04
 
Elt 2
 -7.3108365400e-05 -6.3238488983e-17 1.8096029927e-16 
 -6.3238488983e-17 -7.3108357935e-05 -5.5515209129e-17 
 1.8096029927e-16 -5.5515209129e-17 1.7722859010e-04
 
Elt 3
 -5.9591423965e-07 5.7054996163e-17 0.0000000000e+00 
 5.7054996215e-17 -5.9591435245e-07 0.0000000000e+00 
 0.0000000000e+00 0.0000000000e+00 5.0398223094e-06
 
Elt 4
 -3.1931786836e-08 0.0000000000e+00 0.0000000000e+00 
 0.0000000000e+00 -3.1931782506e-08 0.0000000000e+00 
 0.0000000000e+00 0.0000000000e+00 6.7875588844e-08
 
Elt 1
 -3.2794411625e-04 -6.9893313969e-18 2.5117740772e-16 
 -6.9893314227e-18 -3.2794408560e-04 -1.3882335394e-17 
 2.5117740772e-16 -1.3882335394e-17 1.0350712873e-03
 
Elt 2
 -1.1316465666e-04 2.9008439140e-17 8.2045677139e-17 
 2.9008439088e-17 -1.1316464687e-04 -5.5517431837e-17 
 8.2045677139e-17 -5.5517431837e-17 3.0905277667e-04
 
Elt 3
 -2.6044455376e-06 -3.3727081214e-16 -8.9728353631e-17 
 -3.3727081131e-16 -2.6044457538e-06 -1.3877823953e-17 
 -8.9728353631e-17 -1.3877823953e-17 1.6407682051e-05
 
Elt 4
 -2.1432240514e-07 -1.4906624197e-17 0.0000000000e+00 
 -1.4906624197e-17 -2.1432237705e-07 0.0000000000e+00 
 0.0000000000e+00 0.0000000000e+00 4.8842777596e-07
 
Elt 1
 -4.1503891842e-04 -6.1167932014e-18 1.4192167385e-16 
 -6.1167931884e-18 -4.1503888741e-04 2.4296200817e-17 
 1.4192167385e-16 2.4296200817e-17 1.1267980353e-03
 
Elt 2
 -1.4987632966e-04 1.9411244569e-17 2.3605388749e-17 
 1.9411244569e-17 -1.4987631983e-04 -5.8989433992e-17 
 2.3605388749e-17 -5.8989433992e-17 4.6401932017e-04
 
Elt 3
 -7.9941944021e-06 2.1852513050e-17 0.0000000000e+00 
 2.1852513464e-17 -7.9941945762e-06 0.0000000000e+00 
 0.0000000000e+00 0.0000000000e+00 4.0326169970e-05
 
Elt 4
 -8.0230333987e-07 -2.1940211535e-29 0.0000000000e+00 
 -2.1940211535e-29 -8.0230324106e-07 0.0000000000e+00 
 0.0000000000e+00 0.0000000000e+00 1.9696636428e-06
 
Elt 1
 -4.5705741462e-04 1.1855638342e-16 2.2575230073e-16 
 1.1855638342e-16 -4.5705739305e-04 -6.9420629647e-18 
 2.2575230073e-16 -6.9420629647e-18 1.1894970550e-03
 
Elt 2
 -1.7969214256e-04 -6.6152041922e-17 7.0773550140e-17 
 -6.6152041922e-17 -1.7969213546e-04 -6.2461261148e-17 
 7.0773550140e-17 -6.2461261148e-17 6.2715558444e-04
 
Elt 3
 -1.9328011353e-05 -9.6645234020e-18 -7.3201118032e-17 
 -9.6645234020e-18 -1.9328011062e-05 -6.9390280082e-18 
 -7.3201118032e-17 -6.9390280082e-18 8.2653487736e-05
 
Elt 4
 -2.2090106394e-06 -4.3200307891e-17 0.0000000000e+00 
 -4.3200307891e-17 -2.2090103881e-06 0.0000000000e+00 
 0.0000000000e+00 0.0000000000e+00 5.8557485123e-06
 
Elt 1
 -4.4937925743e-04 1.7467427742e-16 1.4711415306e-16 
 1.7467427411e-16 -4.4937925424e-04 -6.9420095344e-18 
 1.4711415306e-16 -6.9420095344e-18 1.2305325496e-03
 
Elt 2
 -2.0416955992e-04 2.9552026721e-18 0.0000000000e+00 
 2.9552026204e-18 -2.0416955758e-04 0.0000000000e+00 
 0.0000000000e+00 0.0000000000e+00 7.8379054066e-04
 
Elt 3
 -3.9145136339e-05 2.2175316665e-17 0.0000000000e+00 
 2.2175316665e-17 -3.9145134864e-05 0.0000000000e+00 
 0.0000000000e+00 0.0000000000e+00 1.4856447009e-04
 
Elt 4
 -4.9986313274e-06 -7.4475901154e-18 0.0000000000e+00 
 -7.4475901154e-18 -4.9986308125e-06 0.0000000000e+00 
 0.0000000000e+00 0.0000000000e+00 1.4289330176e-05
 
Elt 1
 -4.0452089877e-04 -1.2777650373e-16 8.9866372501e-17 
 -1.2777650332e-16 -4.0452091873e-04 6.9238043373e-30 
 8.9866372501e-17 6.9238043608e-30 1.2551947266e-03
 
Elt 2
 -2.2880508864e-04 -1.0257368503e-17 1.5466691143e-16 
 -1.0257368400e-17 -2.2880509149e-04 -3.1232160929e-17 
 1.5466691143e-16 -3.1232160929e-17 9.2254360969e-04
 
Elt 3
 -6.8955034224e-05 -1.9892777112e-18 9.0068332776e-17 
 -1.9892777242e-18 -6.8955030711e-05 4.1627626836e-17 
 9.0068332776e-17 4.1627626836e-17 2.4116607666e-04
 
Elt 4
 -9.8777880157e-06 -2.0812192266e-17 0.0000000000e+00 
 -2.0812192241e-17 -9.8777871183e-06 0.0000000000e+00 
 0.0000000000e+00 0.0000000000e+00 3.0275849718e-05
 
Elt 1
 -3.4634683579e-04 6.7773007384e-17 0.0000000000e+00 
 6.7773007384e-17 -3.4634687746e-04 0.0000000000e+00 
 0.0000000000e+00 0.0000000000e+00 1.2663186685e-03
 
Elt 2
 -2.5976725585e-04 5.4205231981e-17 2.4528735842e-16 
 5.4205231567e-17 -2.5976726246e-04 -2.4292431416e-17 
 2.4528735842e-16 -2.4292431416e-17 1.0369647661e-03
 
Elt 3
 -1.0832580223e-04 2.2926631633e-17 1.7171566965e-16 
 2.2926631633e-17 -1.0832579600e-04 8.6709802772e-17 
 1.7171566965e-16 8.6709802772e-17 3.6029268509e-04
 
Elt 4
 -1.7718156017e-05 -1.6894236587e-17 -6.1153722885e-17 
 -1.6894236587e-17 -1.7718154628e-05 2.7751885350e-17 
 -6.1153722885e-17 2.7751885350e-17 5.7619944218e-05
 
Elt 1
 -3.0034124626e-04 1.7913869920e-16 -9.7429925277e-17 
 1.7913869940e-16 -3.0034130205e-04 -6.9409754186e-18 
 -9.7429925277e-17 -6.9409754186e-18 1.2650325512e-03
 
Elt 2
 -3.0012790837e-04 -7.6866331244e-17 2.2540497717e-16 
 -7.6866330830e-17 -3.0012791604e-04 6.9409744206e-18 
 2.2540497717e-16 6.9409744206e-18 1.1256361922e-03
 
Elt 3
 -1.5453343264e-04 -1.0372098413e-16 3.1945021502e-16 
 -1.0372098413e-16 -1.5453342358e-04 3.8142489037e-17 
 3.1945021502e-16 3.8142489037e-17 5.0185114393e-04
 
Elt 4
 -2.9617977403e-05 -3.0285147282e-17 -4.8637786401e-17 
 -3.0285147334e-17 -2.9617975433e-05 4.8566460844e-17 
 -4.8637786401e-17 4.8566460844e-17 1.0072045964e-04
 
Elt 1
 -2.8404223853e-04 2.3267445338e-16 -2.9810346246e-16 
 2.3267445338e-16 -2.8404229681e-04 -1.7352155983e-17 
 -2.9810346246e-16 -1.7352155983e-17 1.2521445928e-03
 
Elt 2
 -3.4742244806e-04 8.9665209595e-17 1.3222536502e-16 
 8.9665211249e-17 -3.4742245396e-04 2.0823906937e-17 
 1.3222536502e-16 2.0823906937e-17 1.1909751636e-03
 
Elt 3
 -2.0305594255e-04 1.3299049238e-16 2.9593881553e-16 
 1.3299049238e-16 -2.0305593138e-04 4.8540302286e-17 
 2.9593881553e-16 4.8540302286e-17 6.5797961813e-04
 
Elt 4
 -4.6961229133e-05 4.5435502314e-17 -1.4887037232e-17 
 4.5435502418e-17 -4.6961226494e-05 6.9377543799e-17 
 -1.4887037232e-17 6.9377543799e-17 1.6421627092e-04
 
Elt 1
 -3.0118529001e-04 1.5126781398e-16 -3.2048103878e-16 
 1.5126781419e-16 -3.0118533842e-04 -2.0822944205e-17 
 -3.2048103878e-16 -2.0822944205e-17 1.2294377205e-03
 
Elt 2
 -3.9376862018e-04 -4.2005000783e-17 -7.3427473805e-17 
 -4.2005001611e-17 -3.9376862258e-04 3.1237306573e-17 
 -7.3427473805e-17 3.1237306573e-17 1.2372857287e-03
 
Elt 3
 -2.4886613225e-04 1.1970419165e-16 1.9780140692e-16 
 1.1970419123e-16 -2.4886612058e-04 -1.3873837465e-17 
 1.9780140692e-16 -1.3873837465e-17 8.1815675042e-04
 
Elt 4
 -7.1398126771e-05 3.3621353945e-17 0.0000000000e+00 
 3.3621353945e-17 -7.1398123339e-05 0.0000000000e+00 
 0.0000000000e+00 0.0000000000e+00 2.5250886991e-04
 
Elt 1
 -3.4162166179e-04 8.0425576923e-17 -3.3371100499e-16 
 8.0425576717e-17 -3.4162169068e-04 -2.7765048137e-17 
 -3.3371100499e-16 -2.7765048137e-17 1.2005042186e-03
 
Elt 2
 -4.2860675854e-04 -6.2941698130e-17 -2.9945876169e-16 
 -6.2941698130e-17 -4.2860675759e-04 4.1651191589e-17 
 -2.9945876169e-16 4.1651191589e-17 1.2687534556e-03
 
Elt 3
 -2.8805744321e-04 -1.6304521072e-16 4.1172558388e-17 
 -1.6304521154e-16 -2.8805743326e-04 -5.5465993655e-17 
 4.1172558388e-17 -5.5465993655e-17 9.7101649250e-04
 
Elt 4
 -1.0465938496e-04 9.4247980853e-18 8.6215621931e-18 
 9.4247981112e-18 -1.0465938054e-04 -1.0753287706e-16 
 8.6215621931e-18 -1.0753287706e-16 3.6916947414e-04
 
Elt 1
 -3.8662872283e-04 2.3797417785e-16 -3.6778754651e-16 
 2.3797417454e-16 -3.8662872764e-04 -1.3883148786e-17 
 -3.6778754651e-16 -1.3883148786e-17 1.1705996646e-03
 
Elt 2
 -4.4295685152e-04 5.8054924761e-18 -4.1360142609e-16 
 5.8054926829e-18 -4.4295684922e-04 5.2064735612e-17 
 -4.1360142609e-16 5.2064735612e-17 1.2881072575e-03
 
Elt 3
 -3.1914495886e-04 -3.4406931612e-17 -1.4185372204e-16 
 -3.4406931819e-17 -3.1914495288e-04 -9.7076605536e-17 
 -1.4185372204e-16 -9.7076605536e-17 1.1064899223e-03
 
Elt 4
 -1.4817264746e-04 -1.3163466974e-16 7.8699339318e-17 
 -1.3163466974e-16 -1.4817264181e-04 -7.9783744766e-17 
 7.8699339318e-17 -7.9783744766e-17 5.1627428064e-04
 
Elt 1
 -4.1710224912e-04 -2.2036943101e-17 -2.7392913983e-16 
 -2.2036943101e-17 -4.1710223101e-04 -3.1238036596e-17 
 -2.7392913983e-16 -3.1238036596e-17 1.1456470460e-03
 
Elt 2
 -4.3336885213e-04 -9.0867974046e-17 -4.2837567851e-16 
 -9.0867974046e-17 -4.3336885152e-04 6.9418981947e-17 
 -4.2837567851e-16 6.9418981947e-17 1.2963032799e-03
 
Elt 3
 -3.4346666676e-04 -3.4464008729e-18 -5.7596846285e-17 
 -3.4464008729e-18 -3.4346666641e-04 -4.8523952412e-17 
 -5.7596846285e-17 -4.8523952412e-17 1.2177673141e-03
 
Elt 4
 -2.0254618275e-04 -4.3412609482e-17 8.5020953404e-17 
 -4.3412609482e-17 -2.0254617562e-04 -9.7108219203e-17 
 8.5020953404e-17 -9.7108219203e-17 6.9374885706e-04
 
Elt 1
 -4.2119470496e-04 1.9265291982e-16 -6.1494007915e-17 
 1.9265292065e-16 -4.2119466968e-04 -1.0412721537e-17 
 -6.1494007915e-17 -1.0412721537e-17 1.1307911855e-03
 
Elt 2
 -4.0385156563e-04 -9.8592863240e-17 -4.1189742569e-16 
 -9.8592863240e-17 -4.0385156946e-04 1.2485631808e-16 
 -4.1189742569e-16 1.2485631808e-16 1.2932023496e-03
 
Elt 3
 -3.6446934635e-04 -2.1561930581e-16 -1.5643699789e-16 
 -2.1561930581e-16 -3.6446935219e-04 -5.8944260743e-17 
 -1.5643699789e-16 -5.8944260743e-17 1.3025915432e-03
 
Elt 4
 -2.6708301497e-04 -1.6360740402e-16 1.3620313296e-16 
 -1.6360740402e-16 -2.6708300629e-04 -8.3224248725e-17 
 1.3620313296e-16 -8.3224248725e-17 8.9884131644e-04
 
Elt 1
 -3.9848355531e-04 -4.5904452148e-17 0.0000000000e+00 
 -4.5904452148e-17 -3.9848351101e-04 0.0000000000e+00 
 0.0000000000e+00 0.0000000000e+00 1.1290380467e-03
 
Elt 2
 -3.6492261897e-04 -2.2826462263e-16 -5.1961577508e-16 
 -2.2826462263e-16 -3.6492262848e-04 1.5257450209e-16 
 -5.1961577508e-16 1.5257450209e-16 1.2788945531e-03
 
Elt 3
 -3.8613914783e-04 1.0426170631e-18 -3.6308624011e-16 
 1.0426170760e-18 -3.8613915913e-04 3.4610771413e-17 
 -3.6308624011e-16 3.4610771413e-17 1.3635519872e-03
 
Elt 4
 -3.3953227321e-04 8.4654994098e-18 1.3837473924e-16 
 8.4654994098e-18 -3.3953226321e-04 -6.5911361420e-17 
 1.3837473924e-16 -6.5911361420e-17 1.1258626908e-03
 
Elt 1
 -3.5935031569e-04 -2.0107844075e-26 0.0000000000e+00 
 -2.0107844075e-26 -3.5935027042e-04 0.0000000000e+00 
 0.0000000000e+00 0.0000000000e+00 1.1404113076e-03
 
Elt 2
 -3.3010598007e-04 -1.7728385524e-16 -4.1164110287e-16 
 -1.7728385607e-16 -3.3010599433e-04 5.2058864590e-17 
 -4.1164110287e-16 5.2058864590e-17 1.2551420356e-03
 
Elt 3
 -4.1121931916e-04 -1.0386910571e-17 -4.0303417663e-16 
 -1.0386910571e-17 -4.1121933408e-04 4.5083499646e-17 
 -4.0303417663e-16 4.5083499646e-17 1.4073071086e-03
 
Elt 4
 -4.1624982955e-04 4.9157493310e-19 1.7812634662e-16 
 4.9157492987e-19 -4.1624981894e-04 -5.5534233136e-17 
 1.7812634662e-16 -5.5534233136e-17 1.3663552416e-03
 
Elt 1
 -3.2016961394e-04 1.0236085082e-17 1.4507557223e-16 
 1.0236085069e-17 -3.2016957381e-04 2.7764453364e-17 
 1.4507557223e-16 2.7764453364e-17 1.1620044252e-03
 
Elt 2
 -3.1124591066e-04 7.1234221821e-17 -2.5030316306e-16 
 7.1234222028e-17 -3.1124592672e-04 1.7373956720e-17 
 -2.5030316306e-16 1.7373956720e-17 1.2263527617e-03
 
Elt 3
 -4.3999458947e-04 -2.2341260946e-16 -3.9834305538e-16 
 -2.2341260863e-16 -4.3999460562e-04 4.5070397750e-17 
 -3.9834305538e-16 4.5070397750e-17 1.4429260474e-03
 
Elt 4
 -4.9279549002e-04 -2.8071550338e-17 1.4297772195e-16 
 -2.8071550545e-17 -4.9279548003e-04 -5.5538472698e-17 
 1.4297772195e-16 -5.5538472698e-17 1.6097399357e-03
 
Elt 1
 -2.9652310357e-04 -1.0326717341e-16 3.8875424478e-16 
 -1.0326717341e-16 -2.9652307208e-04 1.3881898397e-17 
 3.8875424478e-16 1.3881898397e-17 1.1888984679e-03
 
Elt 2
 -3.1448280244e-04 2.1205801844e-17 -1.3569376649e-16 
 2.1205801844e-17 -3.1448281628e-04 -3.1150816876e-17 
 -1.3569376649e-16 -3.1150816876e-17 1.1996679133e-03
 
Elt 3
 -4.7019026442e-04 -2.1781434372e-16 -3.7208346426e-16 
 -2.1781434372e-16 -4.7019027948e-04 2.0826458616e-17 
 -3.7208346426e-16 2.0826458616e-17 1.4798090387e-03
 
Elt 4
 -5.6481252950e-04 -6.6331988861e-17 9.0317709901e-17 
 -6.6331988033e-17 -5.6481252173e-04 -3.4714037344e-18 
 9.0317709901e-17 -3.4714037344e-18 1.8443948431e-03
 
Elt 1
 -2.9724598396e-04 1.4373919490e-16 3.4802534691e-16 
 1.4373919407e-16 -2.9724596239e-04 1.3881908242e-17 
 3.4802534691e-16 1.3881908242e-17 1.2156326415e-03
 
Elt 2
 -3.3843706441e-04 9.0471086170e-17 5.1841152053e-17 
 9.0471086170e-17 -3.3843707232e-04 3.4706199994e-17 
 5.1841152053e-17 3.4706199994e-17 1.1840310505e-03
 
Elt 3
 -4.9805563498e-04 6.9295462253e-17 -2.9552920448e-16 
 6.9295461840e-17 -4.9805564722e-04 3.4711729904e-18 
 -2.9552920448e-16 3.4711729904e-18 1.5257666863e-03
 
Elt 4
 -6.2890887709e-04 5.2962280200e-17 0.0000000000e+00 
 5.2962278546e-17 -6.2890887321e-04 0.0000000000e+00 
 0.0000000000e+00 0.0000000000e+00 2.0590276357e-03
 
Elt 1
 -3.2157239129e-04 1.5994561441e-16 3.4946019825e-16 
 1.5994561441e-16 -3.2157237976e-04 3.4705614029e-18 
 3.4946019825e-16 3.4705614029e-18 1.2379133451e-03
 
Elt 2
 -3.7527927345e-04 3.0897231405e-16 3.0077590108e-16 
 3.0897241993e-16 -3.7527927320e-04 -1.3817913567e-17 
 3.0077590108e-16 -1.3817913567e-17 1.1884687972e-03
 
Elt 3
 -5.2021347393e-04 4.1915204538e-17 -8.5357002810e-17 
 4.1915204538e-17 -5.2021348244e-04 -1.3870393856e-17 
 -8.5357002810e-17 -1.3870393856e-17 1.5857086986e-03
 
Elt 4
 -6.8319546206e-04 3.3154851480e-17 -5.2051243717e-17 
 3.3154854789e-17 -6.8319546343e-04 9.0165662173e-17 
 -5.2051243717e-17 9.0165662173e-17 2.2440195658e-03
 
Elt 1
 -3.6023994685e-04 7.5657138359e-17 1.1565806270e-16 
 7.5657138359e-17 -3.6023994530e-04 2.0824173020e-17 
 1.1565806270e-16 2.0824173020e-17 1.2538882301e-03
 
Elt 2
 -4.1418778450e-04 -3.1669528336e-17 3.7900580791e-16 
 -3.1669527922e-17 -4.1418777602e-04 -1.3838189258e-17 
 3.7900580791e-16 -1.3838189258e-17 1.2200733807e-03
 
Elt 3
 -5.3550126828e-04 2.2247647923e-17 1.5816868646e-16 
 2.2247648337e-17 -5.3550127284e-04 -4.1579459837e-17 
 1.5816868646e-16 -4.1579459837e-17 1.6612092245e-03
 
Elt 4
 -7.2729918518e-04 2.4258519443e-17 -1.1873046600e-16 
 2.4258519443e-17 -7.2729919254e-04 7.9801132025e-17 
 -1.1873046600e-16 7.9801132025e-17 2.3925664094e-03
 
Elt 1
 -3.9981705832e-04 -9.3384085312e-18 5.9098611661e-17 
 -9.3384084795e-18 -3.9981706709e-04 2.7766662163e-17 
 5.9098611661e-17 2.7766662163e-17 1.2648259170e-03
 
Elt 2
 -4.4576272081e-04 -1.0180240922e-16 5.5873360751e-16 
 -1.0180240922e-16 -4.4576270600e-04 -1.0341061233e-17 
 5.5873360751e-16 -1.0341061233e-17 1.2823042077e-03
 
Elt 3
 -5.4596694791e-04 5.0002869505e-17 2.7411784824e-16 
 5.0002869505e-17 -5.4596694863e-04 -6.9745336251e-18 
 2.7411784824e-16 -6.9745336251e-18 1.7509123841e-03
 
Elt 4
 -7.6182967450e-04 1.2761747784e-16 -2.0553009232e-16 
 1.2761747702e-16 -7.6182968769e-04 1.3524164050e-16 
 -2.0553009232e-16 1.3524164050e-16 2.5013115452e-03
 
Elt 1
 -4.2831806647e-04 1.4694332170e-17 0.0000000000e+00 
 1.4694332118e-17 -4.2831808597e-04 0.0000000000e+00 
 0.0000000000e+00 0.0000000000e+00 1.2749381212e-03
 
Elt 2
 -4.6564145040e-04 2.4275185974e-16 4.9657921353e-16 
 2.4275185809e-16 -4.6564143231e-04 -2.0749805167e-17 
 4.9657921353e-16 -2.0749805167e-17 1.3741085398e-03
 
Elt 3
 -5.5650978343e-04 -1.6333354189e-16 3.9422357601e-16 
 -1.6333354189e-16 -5.5650978033e-04 -3.4663654396e-17 
 3.9422357601e-16 -3.4663654396e-17 1.8515225990e-03
 
Elt 4
 -7.8753948264e-04 -1.8169819040e-17 -2.5530504007e-16 
 -1.8169819040e-17 -7.8753950066e-04 1.4912887772e-16 
 -2.5530504007e-16 1.4912887772e-16 2.5704000859e-03
 
Elt 1
 -4.3982962397e-04 1.2621350667e-16 -1.6681131108e-16 
 1.2621350647e-16 -4.3982965388e-04 1.0412914564e-17 
 -1.6681131108e-16 1.0412914564e-17 1.2905094204e-03
 
Elt 2
 -4.7593530915e-04 1.2206991952e-16 6.2478084470e-16 
 1.2206991952e-16 -4.7593529084e-04 -1.1777184043e-16 
 6.2478084470e-16 -1.1777184043e-16 1.4901143399e-03
 
Elt 3
 -5.7320826300e-04 -4.3659430251e-17 5.1800587856e-16 
 -4.3659430251e-17 -5.7320825584e-04 -7.2689382970e-17 
 5.1800587856e-16 -7.2689382970e-17 1.9589715674e-03
 
Elt 4
 -8.0456132945e-04 -2.4907899651e-16 -2.5195665918e-16 
 -2.4907899485e-16 -8.0456135067e-04 9.3632167228e-17 
 -2.5195665918e-16 9.3632167228e-17 2.6029887705e-03
 
Elt 1
 -4.3645489780e-04 -2.1848435929e-17 -1.3281216628e-16 
 -2.1848435929e-17 -4.3645493606e-04 6.9419195156e-18 
 -1.3281216628e-16 6.9419195156e-18 1.3186051819e-03
 
Elt 2
 -4.8400653903e-04 2.4047469686e-16 4.2029430766e-16 
 2.4047469686e-16 -4.8400652259e-04 -8.6573643831e-17 
 4.2029430766e-16 -8.6573643831e-17 1.6218594912e-03
 
Elt 3
 -6.0091461140e-04 -8.6352051157e-19 5.1426341224e-16 
 -8.6352052450e-19 -6.0091459978e-04 -1.0728410671e-16 
 5.1426341224e-16 -1.0728410671e-16 2.0693435830e-03
 
Elt 4
 -8.1210304723e-04 2.7128082193e-17 -2.4528864319e-16 
 2.7128081986e-17 -8.1210306973e-04 8.3263157173e-17 
 -2.4528864319e-16 8.3263157173e-17 2.6043873536e-03
 
Elt 1
 -4.2706975621e-04 -1.5221375752e-17 -2.9241835602e-16 
 -1.5221375700e-17 -4.2706979847e-04 1.3883708420e-17 
 -2.9241835602e-16 1.3883708420e-17 1.3657103232e-03
 
Elt 2
 -4.9918008702e-04 7.2663426965e-17 1.7627607286e-16 
 7.2663426552e-17 -4.9918007310e-04 -1.2124054073e-16 
 1.7627607286e-16 -1.2124054073e-16 1.7597204371e-03
 
Elt 3
 -6.4104031678e-04 -2.1895206840e-17 4.3864480634e-16 
 -2.1895206944e-17 -6.4104030058e-04 -8.2987578154e-17 
 4.3864480634e-16 -8.2987578154e-17 2.1792836355e-03
 
Elt 4
 -8.0880616031e-04 4.4982127826e-17 -1.9007295551e-16 
 4.4982127826e-17 -8.0880618226e-04 2.7730977893e-17 
 -1.9007295551e-16 2.7730977893e-17 2.5810871166e-03
 
Elt 1
 -4.2363152226e-04 -9.3253445886e-17 -3.2739463903e-16 
 -9.3253445886e-17 -4.2363156217e-04 -6.9418300573e-18 
 -3.2739463903e-16 -6.9418300573e-18 1.4366309013e-03
 
Elt 2
 -5.2875873207e-04 3.0390828497e-17 1.4057192791e-16 
 3.0390828291e-17 -5.2875872018e-04 -3.4645558439e-17 
 1.4057192791e-16 -3.4645558439e-17 1.8950042602e-03
 
Elt 3
 -6.9043532680e-04 -2.0780869237e-17 3.3707708405e-16 
 -2.0780869237e-17 -6.9043530673e-04 6.9395490509e-17 
 3.3707708405e-16 6.9395490509e-17 2.2858397025e-03
 
Elt 4
 -7.9368805539e-04 1.9421551446e-16 -1.0015092937e-16 
 1.9421551446e-16 -7.9368807529e-04 -1.7303197912e-17 
 -1.0015092937e-16 -1.7303197912e-17 2.5399268532e-03
 
Elt 1
 -4.3663488068e-04 -1.4742919756e-16 -2.6122324552e-16 
 -1.4742919715e-16 -4.3663491092e-04 -1.7354799591e-17 
 -2.6122324552e-16 -1.7354799591e-17 1.5338764143e-03
 
Elt 2
 -5.7492210528e-04 -2.2457349293e-16 -4.8925264002e-17 
 -2.2457349458e-16 -5.7492209451e-04 -2.7771506291e-17 
 -4.8925264002e-17 -2.7771506291e-17 2.0216355373e-03
 
Elt 3
 -7.4187978669e-04 -1.1145672697e-16 2.0504180017e-16 
 -1.1145672614e-16 -7.4187976474e-04 4.8673283180e-17 
 2.0504180017e-16 4.8673283180e-17 2.3859263741e-03
 
Elt 4
 -7.6730457130e-04 -4.8015079634e-17 0.0000000000e+00 
 -4.8015079634e-17 -7.6730458800e-04 0.0000000000e+00 
 0.0000000000e+00 0.0000000000e+00 2.4875595672e-03
 
Elt 1
 -4.7149402077e-04 -2.6613246738e-17 -4.8789036649e-17 
 -2.6613246738e-17 -4.7149403475e-04 -3.1239724849e-17 
 -4.8789036649e-17 -3.1239724849e-17 1.6575822537e-03
 
Elt 2
 -6.3369032772e-04 -2.4105261652e-16 -2.7742053597e-16 
 -2.4105261983e-16 -6.3369031772e-04 6.2374285138e-17 
 -2.7742053597e-16 6.2374285138e-17 2.1370048606e-03
 
Elt 3
 -7.8610486766e-04 1.2186231372e-17 5.8713900830e-17 
 1.2186231372e-17 -7.8610484713e-04 1.0402938852e-16 
 5.8713900830e-17 1.0402938852e-16 2.4757545174e-03
 
Elt 4
 -7.3261524253e-04 -2.6206841012e-17 8.8605549805e-17 
 -2.6206841012e-17 -7.3261525508e-04 -9.0107119792e-17 
 8.8605549805e-17 -9.0107119792e-17 2.4302499764e-03
 
Elt 1
 -5.2711202863e-04 -4.6102457318e-17 0.0000000000e+00 
 -4.6102457318e-17 -5.2711202222e-04 0.0000000000e+00 
 0.0000000000e+00 0.0000000000e+00 1.8058239456e-03
 
Elt 2
 -6.9630101785e-04 -2.1568594182e-16 -4.6329697030e-16 
 -2.1568594513e-16 -6.9630100950e-04 1.1085501481e-16 
 -4.6329697030e-16 1.1085501481e-16 2.2418343106e-03
 
Elt 3
 -8.1467380205e-04 7.1704606348e-17 -1.1042481761e-16 
 7.1704606348e-17 -8.1467378709e-04 1.1782380091e-16 
 -1.1042481761e-16 1.1782380091e-16 2.5506186702e-03
 
Elt 4
 -6.9505333560e-04 9.2854514461e-17 2.3314668319e-16 
 9.2854514461e-17 -6.9505334303e-04 -1.0399603492e-16 
 2.3314668319e-16 -1.0399603492e-16 2.3738893976e-03
 
Elt 1
 -5.9693919692e-04 -3.0643803076e-17 0.0000000000e+00 
 -3.0643803180e-17 -5.9693916962e-04 0.0000000000e+00 
 0.0000000000e+00 0.0000000000e+00 1.9752336992e-03
 
Elt 2
 -7.5238575829e-04 -2.6645697757e-16 -4.9212571009e-16 
 -2.6645697757e-16 -7.5238575379e-04 1.2122175992e-16 
 -4.9212571009e-16 1.2122175992e-16 2.3391467851e-03
 
Elt 3
 -8.2272607027e-04 2.5646828364e-17 -2.2889413649e-16 
 2.5646828364e-17 -8.2272606500e-04 1.6643254040e-16 
 -2.2889413649e-16 1.6643254040e-16 2.6052974533e-03
 
Elt 4
 -6.6164466255e-04 -6.2245010222e-18 2.9406543619e-16 
 -6.2245010222e-18 -6.6164466370e-04 -1.4556459929e-16 
 2.9406543619e-16 -1.4556459929e-16 2.3240319522e-03
 
Elt 1
 -6.7184075341e-04 -1.4582090947e-16 1.9889611770e-16 
 -1.4582090989e-16 -6.7184070870e-04 6.9435480107e-18 
 1.9889611770e-16 6.9435480107e-18 2.1616152376e-03
 
Elt 2
 -7.9366144014e-04 -3.9098716590e-17 -4.3671235236e-16 
 -3.9098714936e-17 -7.9366144240e-04 1.0389743710e-16 
 -4.3671235236e-16 1.0389743710e-16 2.4327287041e-03
 
Elt 3
 -8.1060968845e-04 4.6142956908e-17 -4.1995683061e-16 
 4.6142956081e-17 -8.1060969580e-04 6.5996705831e-17 
 -4.1995683061e-16 6.5996705831e-17 2.6351106207e-03
 
Elt 4
 -6.3935162428e-04 -2.3523878834e-17 2.8403002031e-16 
 -2.3523878834e-17 -6.3935161790e-04 -1.0052606383e-16 
 2.8403002031e-16 -1.0052606383e-16 2.2857619090e-03
 
Elt 1
 -7.4349429851e-04 -8.0306935442e-17 3.4618134672e-16 
 -8.0306935649e-17 -7.4349424318e-04 1.7360109250e-17 
 3.4618134672e-16 1.7360109250e-17 2.3603771438e-03
 
Elt 2
 -8.1672946590e-04 1.4225245190e-16 -2.4314901333e-16 
 1.4225245024e-16 -8.1672947750e-04 9.0093778829e-17 
 -2.4314901333e-16 9.0093778829e-17 2.5255942468e-03
 
Elt 3
 -7.8380278627e-04 4.0172532683e-17 -4.1510372323e-16 
 4.0172532683e-17 -7.8380280705e-04 3.4816475454e-17 
 -4.1510372323e-16 3.4816475454e-17 2.6374013515e-03
 
Elt 4
 -6.3310341892e-04 -6.9052164447e-17 2.7860651365e-16 
 -6.9052164860e-17 -6.3310340397e-04 -7.6215413139e-17 
 2.7860651365e-16 -7.6215413139e-17 2.2633037434e-03
 
Elt 1
 -8.0695453413e-04 4.0193314045e-17 3.8571816452e-16 
 4.0193314045e-17 -8.0695447683e-04 2.4305688265e-17 
 3.8571816452e-16 2.4305688265e-17 2.5667642374e-03
 
Elt 2
 -8.2398306550e-04 -9.3060159833e-17 -3.0161682331e-16 
 -9.3060159833e-17 -8.2398308755e-04 1.2818868152e-16 
 -3.0161682331e-16 1.2818868152e-16 2.6188974488e-03
 
Elt 3
 -7.5118221805e-04 6.3667761703e-17 -5.2167298147e-16 
 6.3667761496e-17 -7.5118225039e-04 1.2131176804e-16 
 -5.2167298147e-16 1.2131176804e-16 2.6129890782e-03
 
Elt 4
 -6.4419426513e-04 1.6768622500e-16 2.2226363665e-16 
 1.6768622418e-16 -6.4419424136e-04 -7.6215857502e-17 
 2.2226363665e-16 -7.6215857502e-17 2.2594422153e-03
 
Elt 1
 -8.6153265827e-04 1.7547276397e-16 4.0824216434e-16 
 1.7547276438e-16 -8.6153260778e-04 6.9448592493e-18 
 4.0824216434e-16 6.9448592493e-18 2.7758297380e-03
 
Elt 2
 -8.2239663246e-04 -2.0636308693e-16 -1.2971244604e-16 
 -2.0636308775e-16 -8.2239666376e-04 2.0833764957e-17 
 -1.2971244604e-16 2.0833764957e-17 2.7116071575e-03
 
Elt 3
 -7.2227609243e-04 2.8895756719e-17 -5.4986652984e-16 
 2.8895756719e-17 -7.2227613197e-04 2.0900096014e-17 
 -5.4986652984e-16 2.0900096014e-17 2.5671180208e-03
 
Elt 4
 -6.6967378656e-04 2.6929274627e-16 6.7549731780e-17 
 2.6929274710e-16 -6.6967375505e-04 -2.0728517848e-17 
 6.7549731780e-17 -2.0728517848e-17 2.2749134246e-03
 
Elt 1
 -9.0986837631e-04 3.0553443727e-16 1.9924949040e-16 
 3.0553443727e-16 -9.0986833986e-04 1.3890385443e-17 
 1.9924949040e-16 1.3890385443e-17 2.9823004518e-03
 
Elt 2
 -8.2077053745e-04 -3.8223024317e-17 -6.1014403132e-18 
 -3.8223024420e-17 -8.2077057438e-04 -1.2445004041e-16 
 -6.1014403132e-18 -1.2445004041e-16 2.8009901640e-03
 
Elt 3
 -7.0448856573e-04 7.9810066660e-17 -4.9185202622e-16 
 7.9810066453e-17 -7.0448860636e-04 -9.6878588469e-17 
 -4.9185202622e-16 -9.6878588469e-17 2.5094947325e-03
 
Elt 4
 -7.0305489368e-04 -1.0202590804e-16 -7.3697517701e-17 
 -1.0202590804e-16 -7.0305485718e-04 6.9437635496e-17 
 -7.3697517701e-17 6.9437635496e-17 2.3080169957e-03
 
Elt 1
 -9.5580214440e-04 7.3085293317e-18 9.6911653007e-17 
 7.3085293317e-18 -9.5580212663e-04 -6.9455094794e-18 
 9.6911653007e-17 -6.9455094794e-18 3.1804400019e-03
 
Elt 2
 -8.2654460957e-04 -5.9846971492e-18 6.1243858219e-17 
 -5.9846971751e-18 -8.2654464665e-04 -2.3171875312e-16 
 6.1243858219e-17 -2.3171875312e-16 2.8837320748e-03
 
Elt 3
 -7.0125139843e-04 5.8310436924e-17 -4.5024279078e-16 
 5.8310436924e-17 -7.0125143356e-04 -1.7302514806e-16 
 -4.5024279078e-16 -1.7302514806e-16 2.4532141190e-03
 
Elt 4
 -7.3620580949e-04 -1.0914931782e-16 -2.0283779177e-16 
 -1.0914931740e-16 -7.3620577239e-04 1.0063432600e-16 
 -2.0283779177e-16 1.0063432600e-16 2.3546947332e-03
 
Elt 1
 -1.0020264550e-03 1.4518038175e-16 -1.3161509905e-16 
 1.4518038175e-16 -1.0020264576e-03 1.0418742413e-17 
 -1.3161509905e-16 1.0418742413e-17 3.3641197032e-03
 
Elt 2
 -8.4338333505e-04 6.9547133609e-17 4.4841792025e-17 
 6.9547134022e-17 -8.4338336609e-04 -2.0055419848e-16 
 4.4841792025e-17 -2.0055419848e-16 2.9572872415e-03
 
Elt 3
 -7.1170472650e-04 -5.4776800963e-17 -3.2116441923e-16 
 -5.4776801377e-17 -7.1170475035e-04 -2.0080766029e-16 
 -3.2116441923e-16 -2.0080766029e-16 2.4127182865e-03
 
Elt 4
 -7.6184570694e-04 -3.0313821498e-17 -3.3892920439e-16 
 -3.0313821395e-17 -7.6184567466e-04 1.2834623768e-16 
 -3.3892920439e-16 1.2834623768e-16 2.4091882937e-03
 
Elt 1
 -1.0485501615e-03 1.7927564494e-16 -2.2923386745e-16 
 1.7927564494e-16 -1.0485501832e-03 -2.7784597042e-17 
 -2.2923386745e-16 -2.7784597042e-17 3.5270687989e-03
 
Elt 2
 -8.7039614015e-04 7.1076209231e-17 3.4402340342e-17 
 7.1076209645e-17 -8.7039615964e-04 -1.1041740106e-16 
 3.4402340342e-17 -1.1041740106e-16 3.0210065945e-03
 
Elt 3
 -7.3186690296e-04 -1.1665463481e-17 -1.5941642780e-16 
 -1.1665463481e-17 -7.3186691163e-04 -1.7661489000e-16 
 -1.5941642780e-16 -1.7661489000e-16 2.4012113770e-03
 
Elt 4
 -7.7578390233e-04 1.9579051287e-17 -4.1812887852e-16 
 1.9579051287e-17 -7.7578388034e-04 1.9073140498e-16 
 -4.1812887852e-16 1.9073140498e-16 2.4652286470e-03
 
Elt 1
 -1.0925006353e-03 -1.0196165875e-17 -3.5543829833e-16 
 -1.0196165875e-17 -1.0925006729e-03 -6.2386241221e-17 
 -3.5543829833e-16 -6.2386241221e-17 3.6633791091e-03
 
Elt 2
 -9.0311916626e-04 1.4568622586e-16 8.5248643012e-17 
 1.4568622586e-16 -9.0311917057e-04 -2.7300913338e-16 
 8.5248643012e-17 -2.7300913338e-16 3.0766780534e-03
 
Elt 3
 -7.5671951378e-04 -3.0416208260e-17 3.6936801844e-17 
 -3.0416208260e-17 -7.5671950585e-04 -2.5629264559e-16 
 3.6936801844e-17 -2.5629264559e-16 2.4281418162e-03
 
Elt 4
 -7.7813088181e-04 -8.5868769047e-17 -4.2706948006e-16 
 -8.5868767393e-17 -7.7813087441e-04 1.9421143672e-16 
 -4.2706948006e-16 1.9421143672e-16 2.5175074104e-03
 
Elt 1
 -1.1292187711e-03 -1.0637489035e-16 -3.5392218861e-16 
 -1.0637489035e-16 -1.1292188198e-03 -7.2804664196e-17 
 -3.5392218861e-16 -7.2804664196e-17 3.7681538491e-03
 
Elt 2
 -9.3572076892e-04 1.2451478292e-16 1.2713466100e-16 
 1.2451478292e-16 -9.3572075696e-04 -1.0675183959e-16 
 1.2713466100e-16 -1.0675183959e-16 3.1283128187e-03
 
Elt 3
 -7.8235558630e-04 -3.5166988586e-17 1.7078473373e-16 
 -3.5166988793e-17 -7.8235556284e-04 -1.9396324048e-16 
 1.7078473373e-16 -1.9396324048e-16 2.4973747962e-03
 
Elt 4
 -7.7308338694e-04 -1.4984187207e-16 -3.9976536564e-16 
 -1.4984187041e-16 -7.7308339619e-04 8.3261584088e-17 
 -3.9976536564e-16 8.3261584088e-17 2.5630591701e-03
 
Elt 1
 -1.1541065033e-03 -3.0655612610e-16 -4.7803534926e-16 
 -3.0655612527e-16 -1.1541065578e-03 -5.1963206678e-17 
 -4.7803534926e-16 -5.1963206678e-17 3.8381800613e-03
 
Elt 2
 -9.6347939257e-04 -4.5627889739e-17 2.9811000974e-16 
 -4.5627889532e-17 -9.6347936592e-04 -9.9586992380e-18 
 2.9811000974e-16 -9.9586992380e-18 3.1812356496e-03
 
Elt 3
 -8.0737868422e-04 -1.1619365036e-16 3.3460578101e-16 
 -1.1619365036e-16 -8.0737864833e-04 -1.2469305538e-16 
 3.3460578101e-16 -1.2469305538e-16 2.6065085763e-03
 
Elt 4
 -7.6737218806e-04 -1.1453723401e-16 -3.1986265347e-16 
 -1.1453723359e-16 -7.6737221323e-04 3.1319012299e-17 
 -3.1986265347e-16 3.1319012299e-17 2.6021788829e-03
 
Elt 1
 -1.1644150763e-03 2.2031052748e-16 -3.5290709423e-16 
 2.2031052830e-16 -1.1644151309e-03 -8.3223775424e-17 
 -3.5290709423e-16 -8.3223775424e-17 3.8724844904e-03
 
Elt 2
 -9.8455724815e-04 2.1126274322e-17 2.1816944046e-16 
 2.1126274322e-17 -9.8455721048e-04 1.3526559869e-16 
 2.1816944046e-16 1.3526559869e-16 3.2407234811e-03
 
Elt 3
 -8.3308867975e-04 2.8358275437e-17 4.1945756193e-16 
 2.8358275333e-17 -8.3308863583e-04 4.5140304215e-17 
 4.1945756193e-16 4.5140304215e-17 2.7475045523e-03
 
Elt 4
 -7.6795555982e-04 -1.1030968311e-17 -1.8813338842e-16 
 -1.1030968285e-17 -7.6795559734e-04 -5.8789640090e-17 
 -1.8813338842e-16 -5.8789640090e-17 2.6385979457e-03
 
Elt 1
 -1.1602780980e-03 -4.6927745755e-17 -1.7934367372e-16 
 -4.6927745962e-17 -1.1602781474e-03 -1.6602857637e-16 
 -1.7934367372e-16 -1.6602857637e-16 3.8726531510e-03
 
Elt 2
 -1.0004402343e-03 1.8035289880e-16 2.4677958929e-16 
 1.8035289880e-16 -1.0004401906e-03 7.9817146975e-17 
 2.4677958929e-16 7.9817146975e-17 3.3105538714e-03
 
Elt 3
 -8.6247032060e-04 -2.4733813080e-17 5.1567849545e-16 
 -2.4733813080e-17 -8.6247027362e-04 1.1435501157e-16 
 5.1567849545e-16 1.1435501157e-16 2.9084765955e-03
 
Elt 4
 -7.7978304306e-04 -4.9899918400e-17 -2.2491406556e-17 
 -4.9899918503e-17 -7.7978308720e-04 -1.2816972038e-16 
 -2.2491406556e-17 -1.2816972038e-16 2.6788308344e-03
 
Elt 1
 -1.1446650651e-03 -7.6746620839e-17 5.1231516246e-17 
 -7.6746620839e-17 -1.1446651044e-03 -8.9755585223e-17 
 5.1231516246e-17 -8.9755585223e-17 3.8428409669e-03
 
Elt 2
 -1.0149849425e-03 -5.3656855696e-17 2.8350451913e-16 
 -5.3656855696e-17 -1.0149848983e-03 1.4214697921e-16 
 2.8350451913e-16 1.4214697921e-16 3.3918461901e-03
 
Elt 3
 -8.9847558137e-04 -1.9849407475e-16 4.7465494593e-16 
 -1.9849407557e-16 -8.9847553628e-04 1.0062148730e-16 
 4.7465494593e-16 1.0062148730e-16 3.0761814717e-03
 
Elt 4
 -8.0441371932e-04 -1.0467905227e-17 1.5910308663e-16 
 -1.0467905227e-17 -8.0441376331e-04 -1.0738185871e-16 
 1.5910308663e-16 -1.0738185871e-16 2.7308385072e-03
 
Elt 1
 -1.1223818016e-03 -2.8004520088e-16 3.7636517746e-16 
 -2.8004520088e-16 -1.1223818268e-03 -1.2435910828e-16 
 3.7636517746e-16 -1.2435910828e-16 3.7894525339e-03
 
Elt 2
 -1.0325485856e-03 -7.7716715514e-17 3.0681911383e-16 
 -7.7716714686e-17 -1.0325485460e-03 2.7909319057e-17 
 3.0681911383e-16 2.7909319057e-17 3.4825009394e-03
 
Elt 3
 -9.4233643378e-04 -1.6079661452e-16 4.7883818163e-16 
 -1.6079661452e-16 -9.4233639513e-04 1.4229408528e-16 
 4.7883818163e-16 1.4229408528e-16 3.2385895908e-03
 
Elt 4
 -8.3994229960e-04 -3.4377202845e-17 3.2889243402e-16 
 -3.4377202845e-17 -8.3994233688e-04 -2.0096734283e-16 
 3.2889243402e-16 -2.0096734283e-16 2.8023403357e-03
 
Elt 1
 -1.0985905454e-03 -3.4511562019e-16 6.2858088310e-16 
 -3.4511562019e-16 -1.0985905539e-03 7.2136580265e-18 
 6.2858088310e-16 7.2136580265e-18 3.7205324935e-03
 
Elt 2
 -1.0559924833e-03 -1.7903444818e-16 2.9291317990e-16 
 -1.7903444818e-16 -1.0559924526e-03 9.0172164651e-17 
 2.9291317990e-16 9.0172164651e-17 3.5773879110e-03
 
Elt 3
 -9.9260280356e-04 -2.6905500960e-16 3.8008520722e-16 
 -2.6905500794e-16 -9.9260277532e-04 2.8086577293e-17 
 3.8008520722e-16 2.8086577293e-17 3.3869262020e-03
 
Elt 4
 -8.8220119664e-04 1.0148274403e-16 4.5270710826e-16 
 1.0148274361e-16 -8.8220122199e-04 -1.7316632522e-16 
 4.5270710826e-16 -1.7316632522e-16 2.8991944776e-03
 
Elt 1
 -1.0774441410e-03 -2.3867692402e-16 5.7391469300e-16 
 -2.3867692402e-16 -1.0774441318e-03 1.1808792255e-16 
 5.7391469300e-16 1.1808792255e-16 3.6449522338e-03
 
Elt 2
 -1.0853441195e-03 9.4510543282e-17 2.7750947933e-16 
 9.4510542455e-17 -1.0853441011e-03 1.2457396761e-16 
 2.7750947933e-16 1.2457396761e-16 3.6692463271e-03
 
Elt 3
 -1.0452736399e-03 -1.0039587709e-16 3.0631065499e-16 
 -1.0039587544e-16 -1.0452736252e-03 1.2487219902e-16 
 3.0631065499e-16 1.2487219902e-16 3.5167349506e-03
 
Elt 4
 -9.2670626459e-04 -5.8079458525e-17 5.1060981611e-16 
 -5.8079457698e-17 -9.2670627481e-04 -9.6960463364e-17 
 5.1060981611e-16 -9.6960463364e-17 3.0242459404e-03
 
Elt 1
 -1.0613043668e-03 -6.4576721113e-17 5.9531284551e-16 
 -6.4576720700e-17 -1.0613043411e-03 1.5963503161e-16 
 5.9531284551e-16 1.5963503161e-16 3.5715170144e-03
 
Elt 2
 -1.1176029643e-03 -6.5004653491e-17 1.3574793124e-16 
 -6.5004653491e-17 -1.1176029606e-03 2.5233749220e-16 
 1.3574793124e-16 2.5233749220e-16 3.7500875057e-03
 
Elt 3
 -1.0949605129e-03 1.1197429801e-17 8.7534018253e-17 
 1.1197431456e-17 -1.0949605142e-03 1.6995941200e-16 
 8.7534018253e-17 1.6995941200e-16 3.6278054785e-03
 
Elt 4
 -9.7056086490e-04 -7.0028425753e-17 5.3507703018e-16 
 -7.0028425753e-17 -9.7056085900e-04 -6.2294905070e-17 
 5.3507703018e-16 -6.2294905070e-17 3.1768876046e-03
 
Elt 1
 -1.0507228811e-03 -1.2278731630e-16 5.1056759789e-16 
 -1.2278731672e-16 -1.0507228419e-03 2.1507834519e-16 
 5.1056759789e-16 2.1507834519e-16 3.5081202894e-03
 
Elt 2
 -1.1477153182e-03 -4.2507019179e-17 1.2313773696e-16 
 -4.2507020006e-17 -1.1477153304e-03 1.6937244353e-16 
 1.2313773696e-16 1.6937244353e-16 3.8127839304e-03
 
Elt 3
 -1.1366314468e-03 2.2622492262e-17 9.8561141006e-17 
 2.2622492262e-17 -1.1366314648e-03 1.8027893249e-16 
 9.8561141006e-17 1.8027893249e-16 3.7231233351e-03
 
Elt 4
 -1.0135719094e-03 1.4469978733e-16 4.3538512597e-16 
 1.4469978651e-16 -1.0135718884e-03 -3.4729542303e-18 
 4.3538512597e-16 -3.4729542303e-18 3.3533618842e-03
 
Elt 1
 -1.0450398586e-03 -1.1118965185e-16 4.5430483216e-16 
 -1.1118965185e-16 -1.0450398106e-03 1.5976088900e-16 
 4.5430483216e-16 1.5976088900e-16 3.4609665484e-03
 
Elt 2
 -1.1703098634e-03 -2.2102656603e-17 0.0000000000e+00 
 -2.2102656397e-17 -1.1703098911e-03 0.0000000000e+00 
 0.0000000000e+00 0.0000000000e+00 3.8525227248e-03
 
Elt 3
 -1.1672829607e-03 8.3130859536e-17 -1.2574220735e-16 
 8.3130859536e-17 -1.1672829947e-03 1.5259202740e-16 
 -1.2574220735e-16 1.5259202740e-16 3.8072659274e-03
 
Elt 4
 -1.0581590721e-03 2.1466548302e-16 3.0341689409e-16 
 2.1466548302e-16 -1.0581590385e-03 8.9997568145e-17 
 3.0341689409e-16 8.9997568145e-17 3.5476750591e-03
 
Elt 1
 -1.0432485088e-03 6.1874424209e-17 2.0107130923e-16 
 6.1874424209e-17 -1.0432484581e-03 2.2215150344e-16 
 2.0107130923e-16 2.2215150344e-16 3.4341819973e-03
 
Elt 2
 -1.1815197614e-03 -1.4564152750e-16 -1.3626384148e-16 
 -1.4564152750e-16 -1.1815198029e-03 -7.9611362699e-17 
 -1.3626384148e-16 -7.9611362699e-17 3.8677830471e-03
 
Elt 3
 -1.1869054416e-03 -2.1372245059e-17 -1.8554055931e-16 
 -2.1372245059e-17 -1.1869054888e-03 2.1139468359e-16 
 -1.8554055931e-16 2.1139468359e-16 3.8847261221e-03
 
Elt 4
 -1.1080866206e-03 1.5153237240e-17 1.3262839799e-16 
 1.5153237292e-17 -1.1080865779e-03 1.7659832666e-16 
 1.3262839799e-16 1.7659832666e-16 3.7527296733e-03
 
Elt 1
 -1.0446992436e-03 1.0937308640e-17 -2.2309245346e-17 
 1.0937308692e-17 -1.0446991961e-03 1.3904650877e-16 
 -2.2309245346e-17 1.3904650877e-16 3.4296128184e-03
 
Elt 2
 -1.1802604886e-03 -2.2122893060e-17 -2.3672512320e-16 
 -2.2122893060e-17 -1.1802605403e-03 -3.8208824606e-17 
 -2.3672512320e-16 -3.8208824606e-17 3.8606969941e-03
 
Elt 3
 -1.1984274207e-03 -9.6418193363e-18 -3.0869278001e-16 
 -9.6418193622e-18 -1.1984274763e-03 2.1812158822e-16 
 -3.0869278001e-16 2.1812158822e-16 3.9586817262e-03
 
Elt 4
 -1.1665345501e-03 7.1345263581e-17 -7.3118622991e-17 
 7.1345263788e-17 -1.1665345025e-03 2.0778706381e-16 
 -7.3118622991e-17 2.0778706381e-16 3.9613727753e-03
 
Elt 1
 -1.0493795525e-03 1.1311370498e-16 -1.3767328936e-16 
 1.1311370539e-16 -1.0493795137e-03 1.5976158327e-16 
 -1.3767328936e-16 1.5976158327e-16 3.4469289267e-03
 
Elt 2
 -1.1685679085e-03 -1.9568001126e-16 -2.9385879520e-16 
 -1.9568001044e-16 -1.1685679650e-03 -7.6139280125e-17 
 -2.9385879520e-16 -7.6139280125e-17 3.8367584782e-03
 
Elt 3
 -1.2066903489e-03 -2.5938391125e-17 -3.4347251331e-16 
