Elt 1
 0.0000000000e+00 0.0000000000e+00 0.0000000000e+00 
 0.0000000000e+00 0.0000000000e+00 0.0000000000e+00 
 0.0000000000e+00 0.0000000000e+00 0.0000000000e+00
 
Elt 2
 0.0000000000e+00 0.0000000000e+00 0.0000000000e+00 
 0.0000000000e+00 0.0000000000e+00 0.0000000000e+00 
 0.0000000000e+00 0.0000000000e+00 0.0000000000e+00
 
Elt 1
 0.0000000000e+00 0.0000000000e+00 0.0000000000e+00 
 0.0000000000e+00 0.0000000000e+00 0.0000000000e+00 
 0.0000000000e+00 0.0000000000e+00 0.0000000000e+00
 
Elt 2
 -1.8242684906e-16 -8.6456848471e-17 1.1891555708e-16 
 -8.6456848471e-17 -3.9667047532e-16 1.4210737466e-16 
 1.1891555708e-16 1.4210737466e-16 -3.0908109532e-16
 
Elt 1
 -6.0970861322e-05 7.6814721976e-17 0.0000000000e+00 
 7.6814721976e-17 5.4451208414e-04 0.0000000000e+00 
 0.0000000000e+00 0.0000000000e+00 -6.0970861323e-05
 
Elt 2
 -6.0970861323e-05 8.4496078739e-18 2.7700518474e-17 
 8.4496078739e-18 5.4451208414e-04 1.2495414471e-16 
 2.7701365507e-17 1.2495414471e-16 -6.0970861323e-05
 
Elt 1
 -3.0576059274e-04 -8.2048434587e-17 0.0000000000e+00 
 -8.2048434587e-17 1.0886731623e-03 0.0000000000e+00 
 0.0000000000e+00 0.0000000000e+00 -3.0576059274e-04
 
Elt 2
 -3.0576059274e-04 -1.5935460061e-16 1.0958573458e-16 
 -1.5935460061e-16 1.0886731623e-03 1.0419081894e-16 
 1.0961283964e-16 1.0419081894e-16 -3.0576059274e-04
 
Elt 1
 -5.8303863465e-04 -9.2335254947e-17 0.0000000000e+00 
 -9.2335254947e-17 1.6323963081e-03 0.0000000000e+00 
 0.0000000000e+00 0.0000000000e+00 -5.8303863465e-04
 
Elt 2
 -5.8303863465e-04 3.4873183943e-17 5.5402731014e-17 
 3.4873183943e-17 1.6323963081e-03 -6.5022672211e-20 
 5.5402731014e-17 -6.5022672211e-20 -5.8303863465e-04
 
Elt 1
 -7.2086701844e-04 -9.7830518514e-18 0.0000000000e+00 
 -9.7830518514e-18 2.1756875807e-03 0.0000000000e+00 
 0.0000000000e+00 0.0000000000e+00 -7.2086701844e-04
 
Elt 2
 -7.2086701844e-04 3.1996448395e-17 -1.1020915083e-16 
 3.1996448395e-17 2.1756875807e-03 6.2829622645e-17 
 -1.1026336094e-16 6.2829622645e-17 -7.2086701844e-04
 
Elt 1
 -7.8075004995e-04 3.0388313876e-17 0.0000000000e+00 
 3.0388313876e-17 2.7186215694e-03 0.0000000000e+00 
 0.0000000000e+00 0.0000000000e+00 -7.8075004995e-04
 
Elt 2
 -7.8075004995e-04 -4.0388773234e-18 -2.1358782798e-17 
 -4.0388773234e-18 2.7186215694e-03 6.2848330432e-17 
 -2.1304572689e-17 6.2848330432e-17 -7.8075004995e-04
 
Elt 1
 -9.2675304846e-04 1.5712480053e-16 1.0977546996e-16 
 1.5712480053e-16 3.2612213648e-03 6.8449115395e-21 
 1.0977546996e-16 6.8449115395e-21 -9.2675304846e-04
 
Elt 2
 -9.2675304846e-04 -6.2615621095e-17 1.6019087098e-16 
 -6.2615621095e-17 3.2612213648e-03 1.4249233982e-16 
 1.6024508109e-16 1.4249233982e-16 -9.2675304846e-04
 
Elt 1
 -1.1681343536e-03 4.2512254035e-17 0.0000000000e+00 
 4.2512254035e-17 3.8034348828e-03 0.0000000000e+00 
 0.0000000000e+00 0.0000000000e+00 -1.1681343536e-03
 
Elt 2
 -1.1681343536e-03 -5.8387531285e-17 -1.0842021725e-19 
 -5.8387531285e-17 3.8034348828e-03 2.2219285531e-16 
 1.0842021725e-19 2.2219285531e-16 -1.1681343536e-03
 
Elt 1
 -1.3732097484e-03 -1.2760267069e-16 0.0000000000e+00 
 -1.2760267069e-16 4.3452249693e-03 0.0000000000e+00 
 0.0000000000e+00 0.0000000000e+00 -1.3732097484e-03
 
Elt 2
 -1.3732097484e-03 -2.9509900789e-17 -1.1254018550e-16 
 -2.9509900789e-17 4.3452249693e-03 1.4619655522e-16 
 -1.1254018550e-16 1.4619655522e-16 -1.3732097484e-03
 
Elt 1
 -1.4865260033e-03 -3.4994568437e-17 0.0000000000e+00 
 -3.4994568437e-17 4.8866216794e-03 0.0000000000e+00 
 0.0000000000e+00 0.0000000000e+00 -1.4865260033e-03
 
Elt 2
 -1.4865260033e-03 -9.6081706378e-17 2.8704252517e-17 
 -9.6081706378e-17 4.8866216794e-03 1.1831535179e-16 
 2.8704252517e-17 1.1831535179e-16 -1.4865260033e-03
 
Elt 1
 -1.5963183807e-03 -5.9745930847e-17 0.0000000000e+00 
 -5.9745930847e-17 5.4276671896e-03 0.0000000000e+00 
 0.0000000000e+00 0.0000000000e+00 -1.5963183807e-03
 
Elt 2
 -1.5963183807e-03 -9.1126266349e-17 -1.8104168582e-30 
 -9.1126266349e-17 5.4276671896e-03 1.8059007424e-16 
 -1.8104168582e-30 1.8059007424e-16 -1.5963183807e-03
 
Elt 1
 -1.7801661759e-03 1.4732382911e-17 0.0000000000e+00 
 1.4732382911e-17 5.9683528501e-03 0.0000000000e+00 
 0.0000000000e+00 0.0000000000e+00 -1.7801661759e-03
 
Elt 2
 -1.7801661759e-03 -3.9619061877e-17 8.9988780316e-17 
 -3.9619061877e-17 5.9683528501e-03 4.5580160436e-20 
 9.0097200534e-17 4.5580160436e-20 -1.7801661759e-03
 
Elt 1
 -1.9934636422e-03 1.4316637420e-16 -1.1140177322e-17 
 1.4316637420e-16 6.5086416693e-03 5.7147248073e-17 
 -1.1113072268e-17 5.7147248073e-17 -1.9934636422e-03
 
Elt 2
 -1.9934636422e-03 -8.8262214514e-18 -2.9273458657e-17 
 -8.8262214514e-18 6.5086416693e-03 7.7855083185e-17 
 -2.9165038440e-17 7.7855083185e-17 -1.9934636422e-03
 
Elt 1
 -2.1563241766e-03 -3.4140909145e-17 0.0000000000e+00 
 -3.4140909145e-17 7.0485281993e-03 0.0000000000e+00 
 0.0000000000e+00 0.0000000000e+00 -2.1563241766e-03
 
Elt 2
 -2.1563241766e-03 -7.0150226276e-17 -8.1717649811e-31 
 -7.0150226276e-17 7.0485281993e-03 1.3964923948e-16 
 -8.1717649811e-31 1.3964923948e-16 -2.1563241766e-03
 
Elt 1
 -2.2767225162e-03 -2.8008990725e-16 0.0000000000e+00 
 -2.8008990725e-16 7.5880416160e-03 0.0000000000e+00 
 0.0000000000e+00 0.0000000000e+00 -2.2767225162e-03
 
Elt 2
 -2.2767225162e-03 -1.1124289121e-16 0.0000000000e+00 
 -1.1124289121e-16 7.5880416160e-03 0.0000000000e+00 
 0.0000000000e+00 0.0000000000e+00 -2.2767225162e-03
 
Elt 1
 -2.4232314763e-03 3.9323200435e-17 4.1443628043e-17 
 3.9323200435e-17 8.1271976204e-03 -6.0963300755e-17 
 4.1470733098e-17 -6.0963300755e-17 -2.4232314763e-03
 
Elt 2
 -2.4232314763e-03 -7.7583766525e-18 1.6599135261e-16 
 -7.7583766525e-18 8.1271976204e-03 -2.6104578384e-17 
 1.6588293239e-16 -2.6104578384e-17 -2.4232314763e-03
 
Elt 1
 -2.6138371863e-03 -1.7421980600e-16 1.0343288726e-16 
 -1.7421980600e-16 8.6659786448e-03 -2.8380492662e-20 
 1.0343288726e-16 -2.8380492662e-20 -2.6138371863e-03
 
Elt 2
 -2.6138371863e-03 -1.1456271149e-16 1.3639263330e-16 
 -1.1456271149e-16 8.6659786448e-03 -6.1546136343e-20 
 1.3682631417e-16 -6.1546136343e-20 -2.6138371863e-03
 
Elt 1
 -2.7985607888e-03 3.7025552653e-17 0.0000000000e+00 
 3.7025552653e-17 9.2043662931e-03 0.0000000000e+00 
 0.0000000000e+00 0.0000000000e+00 -2.7985607888e-03
 
Elt 2
 -2.7985607888e-03 9.1083280497e-17 9.6710833786e-17 
 9.1083280497e-17 9.2043662931e-03 7.1326746178e-17 
 9.6710833786e-17 7.1326746178e-17 -2.7985607888e-03
 
Elt 1
 -2.9448081766e-03 1.2635631274e-16 -5.2692225583e-17 
 1.2635631274e-16 9.7423691935e-03 4.1735598213e-17 
 -5.2475385148e-17 4.1735598213e-17 -2.9448081766e-03
 
Elt 2
 -2.9448081766e-03 -3.5290499916e-17 -2.1684043450e-19 
 -3.5290499916e-17 9.7423691935e-03 2.0199174994e-16 
 2.1684043450e-19 2.0199174994e-16 -2.9448081766e-03
 
Elt 1
 -3.0820840782e-03 5.1010509638e-17 -6.4401609046e-17 
 5.1010509638e-17 1.0280006269e-02 -4.8844061794e-17 
 -6.4510029263e-17 -4.8844061794e-17 -3.0820840782e-03
 
Elt 2
 -3.0820840782e-03 -2.4164568931e-17 -7.7954136202e-17 
 -2.4164568931e-17 1.0280006269e-02 -2.5843472409e-17 
 -7.8062556419e-17 -2.5843472409e-17 -3.0820840782e-03
 
Elt 1
 -3.2476578015e-03 -1.6928180567e-16 0.0000000000e+00 
 -1.6928180567e-16 1.0817277912e-02 0.0000000000e+00 
 0.0000000000e+00 0.0000000000e+00 -3.2476578015e-03
 
Elt 2
 -3.2476578015e-03 -6.9039906756e-17 4.0982842120e-17 
 -6.9039906756e-17 1.0817277912e-02 -4.3080184972e-17 
 4.0982842120e-17 -4.3080184972e-17 -3.2476578015e-03
 
Elt 1
 -3.4304619724e-03 -5.1991828662e-17 0.0000000000e+00 
 -5.1991828662e-17 1.1354169491e-02 0.0000000000e+00 
 0.0000000000e+00 0.0000000000e+00 -3.4304619724e-03
 
Elt 2
 -3.4304619724e-03 -1.8137372435e-16 0.0000000000e+00 
 -1.8137372435e-16 1.1354169491e-02 -1.2435648074e-20 
 0.0000000000e+00 -1.2435648074e-20 -3.4304619724e-03
 
Elt 1
 -3.5959505992e-03 1.5208359788e-16 -3.5344990823e-17 
 1.5208359788e-16 1.1890676279e-02 4.8812321246e-17 
 -3.5128150389e-17 4.8812321246e-17 -3.5959505992e-03
 
Elt 2
 -3.5959505992e-03 4.3588347503e-17 4.2293904680e-31 
 4.3588347503e-17 1.1890676279e-02 1.9561704982e-16 
 4.2293904680e-31 1.9561704982e-16 -3.5959505992e-03
 
Elt 1
 -3.7410479805e-03 2.3068758004e-17 0.0000000000e+00 
 2.3068758004e-17 1.2426809367e-02 0.0000000000e+00 
 0.0000000000e+00 0.0000000000e+00 -3.7410479805e-03
 
Elt 2
 -3.7410479805e-03 -2.2274488957e-17 9.9746599869e-17 
 -2.2274488957e-17 1.2426809367e-02 4.7598655961e-17 
 9.9746599869e-17 4.7598655961e-17 -3.7410479805e-03
 
Elt 1
 -3.8930663872e-03 -1.0131227414e-16 4.7704895589e-17 
 -1.0131227414e-16 1.2962577288e-02 -4.6881532053e-17 
 4.7921736024e-17 -4.6881532053e-17 -3.8930663872e-03
 
Elt 2
 -3.8930663872e-03 -6.8565678204e-17 -2.0998825454e-31 
 -6.8565678204e-17 1.2962577288e-02 6.7204244237e-17 
 -2.0998825454e-31 6.7204244237e-17 -3.8930663872e-03
 
Elt 1
 -4.0641162254e-03 7.5209936936e-17 2.8189256485e-17 
 7.5209936936e-17 1.3497974692e-02 -5.7514449849e-17 
 2.8189256485e-17 -5.7514449849e-17 -4.0641162254e-03
 
Elt 2
 -4.0641162254e-03 -2.1285912292e-16 4.6620693417e-17 
 -2.1285912292e-16 1.3497974692e-02 -3.9397522317e-17 
 4.6620693417e-17 -3.9397522317e-17 -4.0641162254e-03
 
Elt 1
 -4.2359906783e-03 1.0343973424e-16 -6.6895274042e-17 
 1.0343973424e-16 1.4032993459e-02 -1.2390957617e-17 
 -6.6786853825e-17 -1.2390957617e-17 -4.2359906783e-03
 
Elt 2
 -4.2359906783e-03 -3.0758088547e-17 3.1441863002e-17 
 -3.0758088547e-17 1.4032993459e-02 1.3947025066e-16 
 3.1550283219e-17 1.3947025066e-16 -4.2359906783e-03
 
Elt 1
 -4.3923808514e-03 4.8430437596e-17 0.0000000000e+00 
 4.8430437596e-17 1.4567635897e-02 0.0000000000e+00 
 0.0000000000e+00 0.0000000000e+00 -4.3923808514e-03
 
Elt 2
 -4.3923808514e-03 4.3872142190e-17 -4.5753331679e-17 
 4.3872142190e-17 1.4567635897e-02 1.0648352191e-16 
 -4.5753331679e-17 1.0648352191e-16 -4.3923808514e-03
 
Elt 1
 -4.5425626410e-03 -1.8048443859e-17 5.3776427755e-17 
 -1.8048443859e-17 1.5101910216e-02 3.6370358478e-17 
 5.4210108624e-17 3.6370358478e-17 -4.5425626410e-03
 
Elt 2
 -4.5425626410e-03 -5.7720885319e-17 1.9472271018e-16 
 -5.7720885319e-17 1.5101910216e-02 4.4467496238e-17 
 1.9515639105e-16 4.4467496238e-17 -4.5425626410e-03
 
Elt 1
 -4.7031604344e-03 7.6639426894e-17 4.4018608203e-17 
 7.6639426894e-17 1.5635818128e-02 -1.3408371335e-19 
 4.4018608203e-17 -1.3408371335e-19 -4.7031604344e-03
 
Elt 2
 -4.7031604344e-03 -1.5912533151e-16 1.8865117801e-16 
 -1.5912533151e-16 1.5635818128e-02 1.5087420443e-16 
 1.8821749714e-16 1.5087420443e-16 -4.7031604344e-03
 
Elt 1
 -4.8723209458e-03 -3.6359527160e-17 0.0000000000e+00 
 -3.6359527160e-17 1.6169354245e-02 0.0000000000e+00 
 0.0000000000e+00 0.0000000000e+00 -4.8723209458e-03
 
Elt 2
 -4.8723209458e-03 -2.3754177556e-17 1.0286368111e-17 
 -2.3754177556e-17 1.6169354245e-02 1.6747949049e-16 
 1.0286368111e-17 1.6747949049e-16 -4.8723209458e-03
 
Elt 1
 -5.0357471105e-03 -8.6822943845e-17 -1.0364972769e-16 
 -8.6822943845e-17 1.6702516045e-02 -5.0324984537e-17 
 -1.0364972769e-16 -5.0324984537e-17 -5.0357471105e-03
 
Elt 2
 -5.0357471105e-03 3.5713897156e-17 -1.6653345369e-16 
 3.5713897156e-17 1.6702516045e-02 -1.2358951178e-19 
 -1.6653345369e-16 -1.2358951178e-19 -5.0357471105e-03
 
Elt 1
 -5.1900241715e-03 -1.3409050725e-17 0.0000000000e+00 
 -1.3409050725e-17 1.7235307821e-02 0.0000000000e+00 
 0.0000000000e+00 0.0000000000e+00 -5.1900241715e-03
 
Elt 2
 -5.1900241715e-03 -8.2262637623e-17 1.9515639105e-16 
 -8.2262637623e-17 1.7235307821e-02 1.1068755712e-19 
 1.9559007192e-16 1.1068755712e-19 -5.1900241715e-03
 
Elt 1
 -5.3457173787e-03 1.2680213770e-16 0.0000000000e+00 
 1.2680213770e-16 1.7767733864e-02 0.0000000000e+00 
 0.0000000000e+00 0.0000000000e+00 -5.3457173787e-03
 
Elt 2
 -5.3457173787e-03 -1.8857010563e-16 5.9847959921e-17 
 -1.8857010563e-16 1.7767733864e-02 4.5275207125e-17 
 5.9956380138e-17 4.5275207125e-17 -5.3457173787e-03
 
Elt 1
 -5.5092632532e-03 9.9001342963e-17 0.0000000000e+00 
 9.9001342963e-17 1.8299792875e-02 0.0000000000e+00 
 0.0000000000e+00 0.0000000000e+00 -5.5092632532e-03
 
Elt 2
 -5.5092632532e-03 -7.5244106237e-19 -1.2061749169e-18 
 -7.5244106237e-19 1.8299792875e-02 1.2721876991e-16 
 -1.2027867851e-18 1.2721876991e-16 -5.5092632532e-03
 
Elt 1
 -5.6741938177e-03 -1.2224384363e-16 0.0000000000e+00 
 -1.2224384363e-16 1.8831481633e-02 0.0000000000e+00 
 0.0000000000e+00 0.0000000000e+00 -5.6741938177e-03
 
Elt 2
 -5.6741938177e-03 -1.3763774218e-16 -3.4694469520e-17 
 -1.3763774218e-16 1.8831481633e-02 1.5383813868e-16 
 -3.4694469520e-17 1.5383813868e-16 -5.6741938177e-03
 
Elt 1
 -5.8330111223e-03 3.8661539735e-17 0.0000000000e+00 
 3.8661539735e-17 1.9362800844e-02 0.0000000000e+00 
 0.0000000000e+00 0.0000000000e+00 -5.8330111223e-03
 
Elt 2
 -5.8330111223e-03 -3.1743860084e-17 -4.0549161251e-17 
 -3.1743860084e-17 1.9362800844e-02 2.4730706059e-16 
 -4.0549161251e-17 2.4730706059e-16 -5.8330111223e-03
 
Elt 1
 -5.9884653491e-03 -4.2191345505e-17 0.0000000000e+00 
 -4.2191345505e-17 1.9893754128e-02 0.0000000000e+00 
 0.0000000000e+00 0.0000000000e+00 -5.9884653491e-03
 
Elt 2
 -5.9884653491e-03 -8.4048465716e-17 -4.6349642874e-18 
 -8.4048465716e-17 1.9893754128e-02 1.0772634999e-16 
 -4.6620693417e-18 1.0772634999e-16 -5.9884653491e-03
 
Elt 1
 -6.1476487067e-03 -7.5444048205e-17 0.0000000000e+00 
 -7.5444048205e-17 2.0424342880e-02 0.0000000000e+00 
 0.0000000000e+00 0.0000000000e+00 -6.1476487067e-03
 
Elt 2
 -6.1476487067e-03 -7.3768457167e-17 4.9005938196e-17 
 -7.3768457167e-17 2.0424342880e-02 1.4434036373e-19 
 4.9005938196e-17 1.4434036373e-19 -6.1476487067e-03
 
Elt 1
 -6.3107142085e-03 3.8350183420e-17 0.0000000000e+00 
 3.8350183420e-17 2.0954565345e-02 0.0000000000e+00 
 0.0000000000e+00 0.0000000000e+00 -6.3107142085e-03
 
Elt 2
 -6.3107142085e-03 5.5256616407e-17 6.9822619908e-17 
 5.5256616407e-17 2.0954565345e-02 -6.4308810918e-17 
 6.9822619908e-17 -6.4308810918e-17 -6.3107142085e-03
 
Elt 1
 -6.4718926771e-03 -3.8913344752e-17 -5.2475385148e-17 
 -3.8913344752e-17 2.1484420525e-02 -3.4937595499e-17 
 -5.2475385148e-17 -3.4937595499e-17 -6.4718926771e-03
 
Elt 2
 -6.4718926771e-03 1.6192214917e-17 1.3444106939e-17 
 1.6192214917e-17 2.1484420525e-02 1.6022106211e-16 
 1.3444106939e-17 1.6022106211e-16 -6.4718926771e-03
 
Elt 1
 -6.6291068956e-03 1.1365446209e-16 -8.8037216406e-17 
 1.1365446209e-16 2.2013910254e-02 -6.3026952268e-17 
 -8.8037216406e-17 -6.3026952268e-17 -6.6291068956e-03
 
Elt 2
 -6.6291068956e-03 -9.3000333338e-17 -2.8080836267e-17 
 -9.3000333338e-17 2.2013910254e-02 1.2288993913e-16 
 -2.7972416050e-17 1.2288993913e-16 -6.6291068956e-03
 
Elt 1
 -6.7863901833e-03 -1.1272237537e-16 0.0000000000e+00 
 -1.1272237537e-16 2.2543036705e-02 0.0000000000e+00 
 0.0000000000e+00 0.0000000000e+00 -6.7863901833e-03
 
Elt 2
 -6.7863901833e-03 6.9503383938e-18 -5.4210108624e-17 
 6.9503383938e-18 2.2543036705e-02 1.2775089373e-16 
 -5.4210108624e-17 1.2775089373e-16 -6.7863901833e-03
 
Elt 1
 -6.9468054032e-03 -9.7446012649e-17 1.5308934675e-16 
 -9.7446012649e-17 2.3071799841e-02 5.0001332193e-17 
 1.5308934675e-16 5.0001332193e-17 -6.9468054032e-03
 
Elt 2
 -6.9468054032e-03 -5.2512250902e-17 1.6718397500e-16 
 -5.2512250902e-17 2.3071799841e-02 1.0130931694e-16 
 1.6696713456e-16 1.0130931694e-16 -6.9468054032e-03
 
Elt 1
 -7.1080723667e-03 -3.7535632899e-18 6.2450045135e-17 
 -3.7535632899e-18 2.3600198603e-02 7.4768270287e-17 
 6.2666885570e-17 7.4768270287e-17 -7.1080723667e-03
 
Elt 2
 -7.1080723667e-03 -3.0807768026e-17 4.9005938196e-17 
 -3.0807768026e-17 2.3600198603e-02 2.2465511159e-16 
 4.9222778631e-17 2.2465511159e-16 -7.1080723667e-03
 
Elt 1
 -7.2669140319e-03 2.1702056567e-16 0.0000000000e+00 
 2.1702056567e-16 2.4128233400e-02 0.0000000000e+00 
 0.0000000000e+00 0.0000000000e+00 -7.2669140319e-03
 
Elt 2
 -7.2669140319e-03 1.4041810660e-17 -3.1225022568e-17 
 1.4041810660e-17 2.4128233400e-02 1.6123480791e-16 
 -3.1225022568e-17 1.6123480791e-16 -7.2669140319e-03
 
Elt 1
 -7.4241051131e-03 -3.3324572075e-17 -6.8955258170e-17 
 -3.3324572075e-17 2.4655905964e-02 -7.3546452845e-17 
 -6.8955258170e-17 -7.3546452845e-17 -7.4241051131e-03
 
Elt 2
 -7.4241051131e-03 -9.1362250824e-17 -4.8138576458e-17 
 -9.1362250824e-17 2.4655905964e-02 7.7677024870e-17 
 -4.8138576458e-17 7.7677024870e-17 -7.4241051131e-03
 
Elt 1
 -7.5825922791e-03 9.7195944411e-18 5.1364077922e-18 
 9.7195944411e-18 2.5183217270e-02 -9.2671462427e-17 
 5.1364077922e-18 -9.2671462427e-17 -7.5825922791e-03
 
Elt 2
 -7.5825922791e-03 -2.0876775744e-17 -4.3368086899e-19 
 -2.0876775744e-17 2.5183217270e-02 -5.1211779598e-17 
 4.3368086899e-19 -5.1211779598e-17 -7.5825922791e-03
 
Elt 1
 -7.7427210703e-03 1.7739736602e-16 7.6978354246e-17 
 1.7739736602e-16 2.5710166951e-02 4.5480565582e-17 
 7.6978354246e-17 4.5480565582e-17 -7.7427210703e-03
 
Elt 2
 -7.7427210703e-03 6.0882683746e-17 9.7144514655e-17 
 6.0882683746e-17 2.5710166951e-02 1.7616963539e-16 
 9.7578195524e-17 1.7616963539e-16 -7.7427210703e-03
 
Elt 1
 -7.9021896639e-03 8.0697725064e-17 1.3620642038e-31 
 8.0697725064e-17 2.6236754817e-02 7.4952348165e-17 
 1.3620642038e-31 7.4952348165e-17 -7.9021896639e-03
 
Elt 2
 -7.9021896639e-03 -2.5586320962e-17 4.9873299934e-17 
 -2.5586320962e-17 2.6236754817e-02 2.0012035127e-16 
 5.0306980803e-17 2.0012035127e-16 -7.9021896639e-03
 
Elt 1
 -8.0599521513e-03 -3.6621567463e-17 0.0000000000e+00 
 -3.6621567463e-17 2.6762981830e-02 0.0000000000e+00 
 0.0000000000e+00 0.0000000000e+00 -8.0599521513e-03
 
Elt 2
 -8.0599521513e-03 -1.2519701157e-16 1.3097162244e-16 
 -1.2519701157e-16 2.6762981830e-02 2.4387190060e-19 
 1.3097162244e-16 2.4387190060e-19 -8.0599521513e-03
 
Elt 1
 -8.2175503774e-03 -1.2015289691e-16 0.0000000000e+00 
 -1.2015289691e-16 2.7288849190e-02 0.0000000000e+00 
 0.0000000000e+00 0.0000000000e+00 -8.2175503774e-03
 
Elt 2
 -8.2175503774e-03 -8.0304462507e-17 1.1904539854e-16 
 -8.0304462507e-17 2.7288849190e-02 3.3635434934e-17 
 1.1904539854e-16 3.3635434934e-17 -8.2175503774e-03
 
Elt 1
 -8.3763504713e-03 -1.3544847002e-16 0.0000000000e+00 
 -1.3544847002e-16 2.7814357229e-02 0.0000000000e+00 
 0.0000000000e+00 0.0000000000e+00 -8.3763504713e-03
 
Elt 2
 -8.3763504713e-03 1.1709301323e-17 6.0064800356e-17 
 1.1709301323e-17 2.7814357229e-02 -5.5972762539e-17 
 6.0064800356e-17 -5.5972762539e-17 -8.3763504713e-03
 
Elt 1
 -8.5355379032e-03 1.6914390321e-16 -7.1991024253e-17 
 1.6914390321e-16 2.8339505799e-02 -5.5694059171e-20 
 -7.1991024253e-17 -5.5694059171e-20 -8.5355379032e-03
 
Elt 2
 -8.5355379032e-03 2.3411376988e-16 -1.1188966420e-16 
 2.3411376988e-16 2.8339505799e-02 4.7954855708e-17 
 -1.1188966420e-16 4.7954855708e-17 -8.5355379032e-03
 
Elt 1
 -8.6937254971e-03 1.4857616719e-16 -1.2273168593e-16 
 1.4857616719e-16 2.8864295299e-02 -5.1945814080e-21 
 -1.2273168593e-16 -5.1945814080e-21 -8.6937254971e-03
 
Elt 2
 -8.6937254971e-03 7.1348046521e-17 -1.6609977282e-16 
 7.1348046521e-17 2.8864295299e-02 1.8283886094e-19 
 -1.6609977282e-16 1.8283886094e-19 -8.6937254971e-03
 
Elt 1
 -8.8511267881e-03 1.0006731767e-18 3.0357660830e-17 
 1.0006731767e-18 2.9388726705e-02 -4.8834695263e-17 
 3.1225022568e-17 -4.8834695263e-17 -8.8511267881e-03
 
Elt 2
 -8.8511267881e-03 1.4981647503e-16 9.1506663358e-17 
 1.4981647503e-16 2.9388726705e-02 9.5628149965e-17 
 9.1723503792e-17 9.5628149965e-17 -8.8511267881e-03
 
Elt 1
 -9.0089486139e-03 2.7684153508e-17 1.6696713456e-16 
 2.7684153508e-17 2.9912800728e-02 -4.7659785565e-17 
 1.6740081543e-16 -4.7659785565e-17 -9.0089486139e-03
 
Elt 2
 -9.0089486139e-03 5.3069363851e-17 2.1770779624e-16 
 5.3069363851e-17 2.9912800728e-02 -7.7551482759e-21 
 2.1770779624e-16 -7.7551482759e-21 -9.0089486139e-03
 
Elt 1
 -9.1674093903e-03 -4.9053768508e-18 9.5409791179e-17 
 -4.9053768508e-18 3.0436517519e-02 3.6600291065e-17 
 9.5409791179e-17 3.6600291065e-17 -9.1674093903e-03
 
Elt 2
 -9.1674093903e-03 -1.6808861990e-16 2.1163626407e-16 
 -1.6808861990e-16 3.0436517519e-02 2.0023031682e-16 
 2.1163626407e-16 2.0023031682e-16 -9.1674093903e-03
 
Elt 1
 -9.3255912328e-03 -1.1396937065e-16 -1.2056328158e-16 
 -1.1396937065e-16 3.0959877267e-02 6.1829329732e-17 
 -1.2099696245e-16 6.1829329732e-17 -9.3255912328e-03
 
Elt 2
 -9.3255912328e-03 -9.4375284238e-17 -4.3368086899e-19 
 -9.4375284238e-17 3.0959877267e-02 5.7186263855e-17 
 4.3368086899e-19 5.7186263855e-17 -9.3255912328e-03
 
Elt 1
 -9.4830175333e-03 -3.1631050698e-17 -1.7650811368e-16 
 -3.1631050698e-17 3.1482880623e-02 4.4036132541e-17 
 -1.7607443281e-16 4.4036132541e-17 -9.4830175333e-03
 
Elt 2
 -9.4830175333e-03 -1.6499879196e-17 -1.7520707107e-16 
 -1.6499879196e-17 3.1482880623e-02 6.9934015625e-17 
 -1.7520707107e-16 6.9934015625e-17 -9.4830175333e-03
 
Elt 1
 -9.6402862314e-03 -4.3446961478e-19 0.0000000000e+00 
 -4.3446961478e-19 3.2005528361e-02 0.0000000000e+00 
 0.0000000000e+00 0.0000000000e+00 -9.6402862314e-03
 
Elt 2
 -9.6402862314e-03 -2.2918570113e-16 1.8648277367e-16 
 -2.2918570113e-16 3.2005528361e-02 9.2911664067e-20 
 1.8561541193e-16 9.2911664067e-20 -9.6402862314e-03
 
Elt 1
 -9.7979809354e-03 3.5259365639e-18 8.1532003371e-17 
 3.5259365639e-18 3.2527820913e-02 -7.8708407234e-17 
 8.1965684240e-17 -7.8708407234e-17 -9.7979809354e-03
 
Elt 2
 -9.7979809354e-03 5.4189784682e-18 1.6566609196e-16 
 5.4189784682e-18 3.2527820913e-02 1.5853084956e-19 
 1.6566609196e-16 1.5853084956e-19 -9.7979809354e-03
 
Elt 1
 -9.9557998609e-03 -7.4697059496e-17 4.7271214720e-17 
 -7.4697059496e-17 3.3049758497e-02 -9.7927618281e-17 
 4.7271214720e-17 -9.7927618281e-17 -9.9557998609e-03
 
Elt 2
 -9.9557998609e-03 -2.5596739853e-17 0.0000000000e+00 
 -2.5596739853e-17 3.3049758497e-02 0.0000000000e+00 
 0.0000000000e+00 0.0000000000e+00 -9.9557998609e-03
 
Elt 1
 -1.0113168090e-02 -2.3012443084e-17 -5.2909066017e-17 
 -2.3012443084e-17 3.3571341546e-02 -5.9974806613e-17 
 -5.2041704279e-17 -5.9974806613e-17 -1.0113168090e-02
 
Elt 2
 -1.0113168090e-02 3.3845132451e-17 -5.3776427755e-17 
 3.3845132451e-17 3.3571341546e-02 5.9329799358e-17 
 -5.3776427755e-17 5.9329799358e-17 -1.0113168090e-02
 
Elt 1
 -1.0270148634e-02 8.0523093455e-17 -1.5265566589e-16 
 8.0523093455e-17 3.4092570728e-02 8.7499239733e-17 
 -1.5178830415e-16 8.7499239733e-17 -1.0270148634e-02
 
Elt 2
 -1.0270148634e-02 -2.2702428747e-16 -2.6714741530e-16 
 -2.2702428747e-16 3.4092570728e-02 7.8877344120e-17 
 -2.6714741530e-16 7.8877344120e-17 -1.0270148634e-02
 
Elt 1
 -1.0427232595e-02 5.5726373834e-17 -2.9707139526e-17 
 5.5726373834e-17 3.4613446617e-02 1.2190118123e-16 
 -2.9707139526e-17 1.2190118123e-16 -1.0427232595e-02
 
Elt 2
 -1.0427232595e-02 -1.2296848931e-17 -2.2632720351e-18 
 -1.2296848931e-17 3.4613446617e-02 1.3324625981e-16 
 -2.2632720351e-18 1.3324625981e-16 -1.0427232595e-02
 
Elt 1
 -1.0584525127e-02 -2.3990534202e-17 1.1405806855e-16 
 -2.3990534202e-17 3.5133969556e-02 3.8195202444e-17 
 1.1449174941e-16 3.8195202444e-17 -1.0584525127e-02
 
Elt 2
 -1.0584525127e-02 -1.0539893150e-16 2.4112656316e-16 
 -1.0539893150e-16 3.5133969556e-02 1.3013753260e-16 
 2.4112656316e-16 1.3013753260e-16 -1.0584525127e-02
 
Elt 1
 -1.0741657646e-02 -6.5941491169e-17 1.3617579286e-16 
 -6.5941491169e-17 3.5654139897e-02 -8.6687158334e-17 
 1.3617579286e-16 -8.6687158334e-17 -1.0741657646e-02
 
Elt 2
 -1.0741657646e-02 -2.0906303683e-16 2.3505503099e-16 
 -2.0906303683e-16 3.5654139897e-02 2.6489036168e-19 
 2.3418766926e-16 2.6489036168e-19 -1.0741657646e-02
 
Elt 1
 -1.0898427150e-02 2.0461323228e-17 0.0000000000e+00 
 2.0461323228e-17 3.6173958175e-02 0.0000000000e+00 
 0.0000000000e+00 0.0000000000e+00 -1.0898427150e-02
 
Elt 2
 -1.0898427150e-02 -7.3510154868e-17 0.0000000000e+00 
 -7.3510154868e-17 3.6173958175e-02 0.0000000000e+00 
 0.0000000000e+00 0.0000000000e+00 -1.0898427150e-02
 
Elt 1
 -1.1055071217e-02 2.0136161115e-16 -2.1944251971e-16 
 2.0136161115e-16 3.6693424982e-02 -2.3490204490e-20 
 -2.1944251971e-16 -2.3490204490e-20 -1.1055071217e-02
 
Elt 2
 -1.1055071217e-02 2.3103702577e-17 -7.2424705122e-17 
 2.3103702577e-17 3.6693424982e-02 9.3385557208e-17 
 -7.1991024253e-17 9.3385557208e-17 -1.1055071217e-02
 
Elt 1
 -1.1211831188e-02 1.1550533434e-16 -5.8546917314e-17 
 1.1550533434e-16 3.7212540770e-02 -1.2211403140e-19 
 -5.8546917314e-17 -1.2211403140e-19 -1.1211831188e-02
 
Elt 2
 -1.1211831188e-02 8.2996677450e-17 2.2334564753e-17 
 8.2996677450e-17 3.7212540770e-02 9.6497608042e-17 
 2.2334564753e-17 9.6497608042e-17 -1.1211831188e-02
 
Elt 1
 -1.1368588747e-02 -1.4775006163e-16 2.5587171271e-17 
 -1.4775006163e-16 3.7731305904e-02 -3.5255478645e-17 
 2.5587171271e-17 -3.5255478645e-17 -1.1368588747e-02
 
Elt 2
 -1.1368588747e-02 7.5627932849e-17 1.8821749714e-16 
 7.5627932849e-17 3.7731305904e-02 -5.2409541921e-17 
 1.8908485888e-16 -5.2409541921e-17 -1.1368588747e-02
 
Elt 1
 -1.1525109258e-02 -2.0065522460e-16 1.0321604682e-16 
 -2.0065522460e-16 3.8249720831e-02 8.1319197312e-19 
 1.0321604682e-16 8.1319197312e-19 -1.1525109258e-02
 
Elt 2
 -1.1525109258e-02 -5.8143841416e-16 1.8735013541e-16 
 -5.8143841416e-16 3.8249720831e-02 1.8038921072e-19 
 1.8735013541e-16 1.8038921072e-19 -1.1525109258e-02
 
Elt 1
 -1.1681416072e-02 -1.4580171357e-16 6.5485811218e-17 
 -1.4580171357e-16 3.8767786097e-02 3.7903350030e-17 
 6.5052130349e-17 3.7903350030e-17 -1.1681416072e-02
 
Elt 2
 -1.1681416072e-02 -3.1762408744e-16 7.8062556419e-17 
 -3.1762408744e-16 3.8767786097e-02 -3.7464788539e-17 
 7.8062556419e-17 -3.7464788539e-17 -1.1681416072e-02
 
