Elt 1
 -2.4172921778e-16 -1.6735372877e-16 -9.0189704310e-17 
 -1.6735372877e-16 -2.7413435019e-16 -3.2674252386e-17 
 -9.0189704310e-17 -3.2674252386e-17 -3.9247944346e-17
 
Elt 2
 3.5278299023e-17 -1.2009227101e-16 0.0000000000e+00 
 -1.2009227101e-16 4.0881091083e-16 0.0000000000e+00 
 0.0000000000e+00 0.0000000000e+00 -1.1102230246e-16
 
Elt 3
 -4.8104057920e-17 -1.7597709051e-16 0.0000000000e+00 
 -1.7597709051e-16 3.8117096531e-16 0.0000000000e+00 
 0.0000000000e+00 0.0000000000e+00 0.0000000000e+00
 
Elt 4
 1.2002411077e-17 7.2014466462e-17 0.0000000000e+00 
 7.2014466462e-17 4.3208679877e-16 0.0000000000e+00 
 0.0000000000e+00 0.0000000000e+00 0.0000000000e+00
 
Elt 1
 -4.2893300208e-17 -2.3264162825e-17 -4.8796070279e-17 
 -2.3264162825e-17 -1.2617851023e-17 -2.6465665236e-17 
 -4.8796070279e-17 -2.6465665236e-17 -5.5511151231e-17
 
Elt 2
 -1.2465617210e-18 2.2110419309e-16 0.0000000000e+00 
 2.2110419309e-16 3.3431346911e-16 0.0000000000e+00 
 0.0000000000e+00 0.0000000000e+00 -1.1102230246e-16
 
Elt 3
 5.5814102005e-17 -1.4721150252e-16 0.0000000000e+00 
 -1.4721150252e-16 3.8827510785e-16 0.0000000000e+00 
 0.0000000000e+00 0.0000000000e+00 0.0000000000e+00
 
Elt 4
 -9.3445580756e-18 4.4582372531e-17 0.0000000000e+00 
 4.4582372531e-17 -2.1270004685e-16 0.0000000000e+00 
 0.0000000000e+00 0.0000000000e+00 0.0000000000e+00
 
Elt 1
 -8.6245104660e-17 -4.6226745696e-17 7.7647051735e-17 
 -4.6226745696e-17 -2.4777197803e-17 4.1618252175e-17 
 7.7647051735e-17 4.1618252175e-17 5.4451422483e-04
 
Elt 2
 -4.5437501651e-18 -7.7892859973e-18 2.0570341836e-17 
 -7.7892859973e-18 -1.3353061710e-17 3.5263443147e-17 
 2.0570341836e-17 3.5263443147e-17 -9.3125490588e-17
 
Elt 3
 0.0000000000e+00 0.0000000000e+00 0.0000000000e+00 
 0.0000000000e+00 0.0000000000e+00 0.0000000000e+00 
 0.0000000000e+00 0.0000000000e+00 0.0000000000e+00
 
Elt 4
 0.0000000000e+00 0.0000000000e+00 0.0000000000e+00 
 0.0000000000e+00 0.0000000000e+00 0.0000000000e+00 
 0.0000000000e+00 0.0000000000e+00 0.0000000000e+00
 
Elt 1
 -5.0365319476e-04 -3.2472290111e-17 2.1657709331e-16 
 -3.2472290163e-17 -5.0365313430e-04 9.7091362859e-17 
 2.1657709331e-16 9.7091362859e-17 7.2226378922e-04
 
Elt 2
 -1.6785621466e-04 -1.5710789957e-16 -4.4260028553e-17 
 -1.5710789957e-16 -1.6785619451e-04 3.4663201146e-17 
 -4.4260028553e-17 3.4663201146e-17 3.6673305991e-04
 
Elt 3
 -1.4951819696e-17 7.4179570583e-18 -3.7167222784e-17 
 7.4179570583e-18 -3.6802267576e-18 1.8439552389e-17 
 -3.7167222784e-17 1.8439552389e-17 -9.2390256009e-17
 
Elt 4
 -4.4534661255e-17 -8.8912008248e-17 0.0000000000e+00 
 -8.8912008248e-17 -1.7750994367e-16 0.0000000000e+00 
 0.0000000000e+00 0.0000000000e+00 0.0000000000e+00
 
Elt 1
 4.8949206471e-05 1.7636103281e-17 1.5888873372e-16 
 1.7636103279e-17 4.8949122034e-05 -4.8569874134e-17 
 1.5888873372e-16 -4.8569874134e-17 8.8677123773e-04
 
Elt 2
 -6.2091146417e-06 -5.1599510861e-17 0.0000000000e+00 
 -5.1599510861e-17 -6.2091482548e-06 0.0000000000e+00 
 0.0000000000e+00 0.0000000000e+00 6.0315174001e-04
 
Elt 3
 -1.3305699532e-05 -6.2544559671e-17 -2.4712182618e-17 
 -6.2544559671e-17 -1.3305702841e-05 6.9384424286e-17 
 -2.4712182618e-17 6.9384424286e-17 1.4347899703e-04
 
Elt 4
 0.0000000000e+00 0.0000000000e+00 0.0000000000e+00 
 0.0000000000e+00 0.0000000000e+00 0.0000000000e+00 
 0.0000000000e+00 0.0000000000e+00 -1.1102230246e-16
 
Elt 1
 -5.6595570719e-04 -5.3270678155e-17 -8.0404362041e-17 
 -5.3270678362e-17 -5.6595568286e-04 -1.5258871700e-16 
 -8.0404362041e-17 -1.5258871700e-16 8.1518641228e-04
 
Elt 2
 -5.2613364318e-04 4.8536456537e-17 1.0927737052e-16 
 4.8536456537e-17 -5.2613359558e-04 -1.3180049357e-16 
 1.0927737052e-16 -1.3180049357e-16 7.6904376932e-04
 
Elt 3
 -2.5318189986e-04 -2.7836206881e-18 2.2238726703e-17 
 -2.7836206881e-18 -2.5318186938e-04 8.6726568223e-17 
 2.2238726703e-17 8.6726568223e-17 5.0487752278e-04
 
Elt 4
 -3.6282810562e-05 1.4319507787e-17 3.0461840720e-17 
 1.4319507800e-17 -3.6282805701e-05 -4.8571854536e-17 
 3.0461840720e-17 -4.8571854536e-17 8.8417099059e-05
 
Elt 1
 1.5001588711e-04 2.8093088880e-16 -2.6224490073e-16 
 2.8093088880e-16 1.5001582097e-04 -1.0746995320e-16 
 -2.6224490073e-16 -1.0746995320e-16 7.5162927963e-04
 
Elt 2
 8.0197207750e-05 4.2553281445e-17 4.0003710386e-17 
 4.2553281452e-17 8.0197140876e-05 -9.3608397934e-17 
 4.0003710386e-17 -9.3608397934e-17 9.3312208615e-04
 
Elt 3
 -1.1722461763e-05 4.1821121924e-17 3.2949253927e-17 
 4.1821121924e-17 -1.1722498671e-05 -9.3630598533e-17 
 3.2949253927e-17 -9.3630598533e-17 7.1813759633e-04
 
Elt 4
 -3.4066668448e-05 8.4355341252e-17 -4.8157989079e-17 
 8.4355341356e-17 -3.4066676716e-05 -4.1622532604e-17 
 -4.8157989079e-17 -4.1622532604e-17 3.1901652088e-04
 
Elt 1
 -7.0940103044e-04 -1.3268555297e-16 -2.9066169617e-16 
 -1.3268555307e-16 -7.0940090180e-04 1.5272316790e-16 
 -2.9066169617e-16 1.5272316790e-16 7.5972935598e-04
 
Elt 2
 -6.6198702710e-04 2.9561081971e-17 2.7578621919e-18 
 2.9561081971e-17 -6.6198695476e-04 -6.9373551192e-17 
 2.7578621919e-18 -6.9373551192e-17 8.1071897234e-04
 
Elt 3
 -5.8449059333e-04 1.0529581003e-17 3.6507584762e-17 
 1.0529580977e-17 -5.8449054528e-04 -1.7344265826e-16 
 3.6507584762e-17 -1.7344265826e-16 8.6845405731e-04
 
Elt 4
 -4.1473821784e-04 -2.0785777029e-17 -8.7953417155e-17 
 -2.0785777029e-17 -4.1473817582e-04 1.2144221446e-16 
 -8.7953417155e-17 1.2144221446e-16 8.2701902940e-04
 
Elt 1
 3.9120464664e-04 -1.9096714905e-17 -1.6166287239e-17 
 -1.9096714905e-17 3.9120455719e-04 1.5603957025e-16 
 -1.6166287239e-17 1.5603957025e-16 8.3290300286e-04
 
Elt 2
 3.1416187991e-04 -9.1899610441e-17 0.0000000000e+00 
 -9.1899610493e-17 3.1416177380e-04 0.0000000000e+00 
 0.0000000000e+00 0.0000000000e+00 7.2473338110e-04
 
Elt 3
 1.3723913782e-04 -3.6605302876e-18 -9.8751343000e-17 
 -3.6605302884e-18 1.3723904256e-04 -6.2459594754e-17 
 -9.8751343000e-17 -6.2459594754e-17 1.0085549333e-03
 
Elt 4
 -4.7470636382e-05 -1.3279122791e-17 1.7013093964e-17 
 -1.3279122790e-17 -4.7470697588e-05 1.2134235533e-16 
 1.7013093964e-17 1.2134235533e-16 1.2438123033e-03
 
Elt 1
 -1.0739857956e-03 -1.1648283829e-16 2.3038876555e-16 
 -1.1648283829e-16 -1.0739856623e-03 2.0890538728e-17 
 2.3038876555e-16 2.0890538728e-17 7.8123175321e-04
 
Elt 2
 -9.6257954461e-04 -3.9420644893e-17 -2.3539924959e-16 
 -3.9420644997e-17 -9.6257940978e-04 -1.0268664140e-17 
 -2.3539924959e-16 -1.0268664140e-17 8.3508102626e-04
 
Elt 3
 -9.3347975871e-04 -8.9530267589e-17 -6.3852795233e-17 
 -8.9530267589e-17 -9.3347964748e-04 3.4627618868e-17 
 -6.3852795233e-17 3.4627618868e-17 1.1095998684e-03
 
Elt 4
 -1.0619001937e-03 -8.0237968638e-17 1.3514940760e-16 
 -8.0237968741e-17 -1.0619000955e-03 6.8156577528e-18 
 1.3514940760e-16 6.8156577528e-18 1.6276427820e-03
 
Elt 1
 8.7829941983e-04 1.0184792902e-16 2.3578389756e-16 
 1.0184792902e-16 8.7829917127e-04 -3.3278166924e-16 
 2.3578389756e-16 -3.3278166924e-16 8.4958799195e-04
 
Elt 2
 7.0107284115e-04 -7.2452088109e-17 -2.4879204319e-16 
 -7.2452088109e-17 7.0107267072e-04 1.3868061622e-16 
 -2.4879204319e-16 1.3868061622e-16 1.0352932284e-03
 
Elt 3
 4.8903500791e-04 6.8563750045e-17 9.5012312783e-17 
 6.8563750097e-17 4.8903486062e-04 1.6633769493e-16 
 9.5012312783e-17 1.6633769493e-16 1.2744828843e-03
 
Elt 4
 3.3426436027e-04 -8.4912320746e-18 1.0408102405e-16 
 -8.4912320778e-18 3.3426418361e-04 -1.6990225838e-16 
 1.0408102405e-16 -1.6990225838e-16 1.7381645692e-03
 
Elt 1
 -1.7960181591e-03 6.0750943934e-17 7.4211415866e-17 
 6.0750943985e-17 -1.7960178880e-03 9.7243569425e-17 
 7.4211415866e-17 9.7243569425e-17 9.2101965509e-04
 
Elt 2
 -1.8099421420e-03 1.9328278431e-17 -7.0119021589e-17 
 1.9328278431e-17 -1.8099418587e-03 2.2210616523e-16 
 -7.0119021589e-17 2.2210616523e-16 1.2545657840e-03
 
Elt 3
 -1.8014082554e-03 9.8109930176e-17 1.7148180014e-16 
 9.8109930176e-17 -1.8014079910e-03 4.8517057684e-17 
 1.7148180014e-16 4.8517057684e-17 1.6253958876e-03
 
Elt 4
 -1.7715703323e-03 -1.5834942244e-17 -1.1990415529e-17 
 -1.5834942218e-17 -1.7715701104e-03 -1.2168122337e-16 
 -1.1990415529e-17 -1.2168122337e-16 1.6399293057e-03
 
Elt 1
 1.8158794802e-03 1.6896578046e-16 -1.3999143991e-16 
 1.6896578056e-16 1.8158791167e-03 2.4246992337e-16 
 -1.3999143991e-16 2.4246992337e-16 1.2234167238e-03
 
Elt 2
 1.6403298990e-03 -1.1335006125e-17 1.7144404321e-16 
 -1.1335006125e-17 1.6403295113e-03 -3.4648466683e-17 
 1.7144404321e-16 -3.4648466683e-17 1.5096879757e-03
 
Elt 3
 1.4731074790e-03 3.8041651474e-17 0.0000000000e+00 
 3.8041651474e-17 1.4731071044e-03 0.0000000000e+00 
 0.0000000000e+00 0.0000000000e+00 1.7293834442e-03
 
Elt 4
 1.4828273584e-03 -8.7327251894e-17 -1.2144618425e-16 
 -8.7327251894e-17 1.4828270025e-03 5.8889762872e-17 
 -1.2144618425e-16 5.8889762872e-17 1.5225711839e-03
 
Elt 1
 -3.5937369502e-03 -4.0732028912e-17 -2.2363738928e-16 
 -4.0732028861e-17 -3.5937363343e-03 1.5987997350e-16 
 -2.2363738928e-16 1.5987997350e-16 1.5971619772e-03
 
Elt 2
 -3.5604765321e-03 -1.7225429809e-16 2.4239092068e-16 
 -1.7225429809e-16 -3.5604759963e-03 -2.7487569398e-17 
 2.4239092068e-16 -2.7487569398e-17 1.7219227967e-03
 
Elt 3
 -3.4645055559e-03 -2.1846767040e-16 -1.6319803507e-16 
 -2.1846767040e-16 -3.4645050396e-03 -4.1599446149e-17 
 -1.6319803507e-16 -4.1599446149e-17 1.6678277095e-03
 
Elt 4
 -3.3211972359e-03 -3.8202822543e-18 -5.2167407740e-17 
 -3.8202822543e-18 -3.3211966818e-03 1.0067811957e-16 
 -5.2167407740e-17 1.0067811957e-16 1.5410261529e-03
 
Elt 1
 4.2522325794e-03 -6.0019249174e-17 5.5425397399e-17 
 -6.0019249070e-17 4.2522316929e-03 -9.3397094358e-17 
 5.5425397399e-17 -9.3397094358e-17 2.0911954880e-03
 
Elt 2
 4.2536084974e-03 5.5440442023e-17 6.2578017641e-17 
 5.5440442023e-17 4.2536075967e-03 -6.2418599695e-17 
 6.2578017641e-17 -6.2418599695e-17 1.8406862925e-03
 
Elt 3
 4.2467177198e-03 -4.6274526137e-17 -2.7754582584e-16 
 -4.6274526163e-17 4.2467168403e-03 -1.8703351508e-16 
 -2.7754582584e-16 -1.8703351508e-16 1.5920522656e-03
 
Elt 4
 4.1432059995e-03 -6.1064128007e-17 7.0634157706e-17 
 -6.1064128007e-17 4.1432051826e-03 -3.1266450750e-17 
 7.0634157706e-17 -3.1266450750e-17 1.5483225222e-03
 
Elt 1
 -8.0488766256e-03 -4.0123769611e-17 8.3022968975e-17 
 -4.0123769611e-17 -8.0488753186e-03 -3.2672064130e-16 
 8.3022968975e-17 -3.2672064130e-16 2.4055887002e-03
 
Elt 2
 -7.8159048206e-03 -1.1325612397e-17 -1.6628388340e-17 
 -1.1325612397e-17 -7.8159034815e-03 -2.1474991448e-16 
 -1.6628388340e-17 -2.1474991448e-16 1.9560936369e-03
 
Elt 3
 -7.5631757331e-03 2.0096752365e-16 -1.3813554486e-16 
 2.0096752386e-16 -7.5631744074e-03 -5.8152776172e-17 
 -1.3813554486e-16 -5.8152776172e-17 1.5951877696e-03
 
Elt 4
 -7.4970459192e-03 1.0316769708e-16 4.1256858114e-17 
 1.0316769708e-16 -7.4970446254e-03 -1.0009559579e-16 
 4.1256858114e-17 -1.0009559579e-16 1.6569822441e-03
 
Elt 1
 1.2447490310e-02 8.2196551124e-17 -1.6325814642e-17 
 8.2196551228e-17 1.2447487939e-02 -2.0667513583e-16 
 -1.6325814642e-17 -2.0667513583e-16 2.5849837439e-03
 
Elt 2
 1.2414403006e-02 7.3613721573e-17 0.0000000000e+00 
 7.3613721573e-17 1.2414400736e-02 0.0000000000e+00 
 0.0000000000e+00 0.0000000000e+00 2.1594449500e-03
 
Elt 3
 1.2246565465e-02 -3.3228836711e-17 2.4137895093e-16 
 -3.3228836711e-17 1.2246563242e-02 8.9178216502e-17 
 2.4137895093e-16 8.9178216502e-17 1.7683932977e-03
 
Elt 4
 1.2110685448e-02 -8.9639569064e-17 -1.6175784496e-16 
 -8.9639569064e-17 1.2110683184e-02 -3.1966424665e-17 
 -1.6175784496e-16 -3.1966424665e-17 1.6453973671e-03
 
Elt 1
 -2.1977971541e-02 2.2856693564e-16 -1.9011652165e-16 
 2.2856693584e-16 -2.1977967697e-02 7.0239685515e-17 
 -1.9011652165e-16 7.0239685515e-17 2.4321527449e-03
 
Elt 2
 -2.1636400520e-02 -6.6694532662e-17 -1.8028664755e-16 
 -6.6694532662e-17 -2.1636396692e-02 6.7546066703e-18 
 -1.8028664755e-16 6.7546066703e-18 2.2993790276e-03
 
Elt 3
 -2.1171761534e-02 -2.1871348289e-18 4.2052544774e-16 
 -2.1871348160e-18 -2.1171757782e-02 4.3500578205e-17 
 4.2052544774e-16 4.3500578205e-17 2.1511023220e-03
 
Elt 4
 -2.0790351393e-02 -4.4352836733e-17 -2.0271078150e-16 
 -4.4352836733e-17 -2.0790347743e-02 1.5222817699e-16 
 -2.0271078150e-16 1.5222817699e-16 1.8148734180e-03
 
Elt 1
 4.9384668660e-02 -1.0705319603e-16 1.7182647671e-16 
 -1.0705319603e-16 4.9384660287e-02 4.2198289260e-16 
 1.7182647671e-16 4.2198289260e-16 2.5931246904e-03
 
Elt 2
 4.8388453907e-02 2.0602872662e-17 1.9551391618e-17 
 2.0602872636e-17 4.8388445637e-02 9.7482327266e-17 
 1.9551391618e-17 9.7482327266e-17 2.5576554655e-03
 
Elt 3
 4.7218213553e-02 -8.8537325565e-17 5.4403482445e-17 
 -8.8537325461e-17 4.7218205466e-02 -6.6555580799e-17 
 5.4403482445e-17 -6.6555580799e-17 2.2103560154e-03
 
Elt 4
 4.6557729748e-02 -1.7931131049e-16 -4.0679330374e-17 
 -1.7931131049e-16 4.6557721814e-02 1.1000340104e-16 
 -4.0679330374e-17 1.1000340104e-16 1.8806468147e-03
 
Elt 1
 -9.8226955058e-02 -1.1489163479e-16 4.4553664416e-16 
 -1.1489163479e-16 -9.8226938932e-02 3.1207748746e-16 
 4.4553664416e-16 3.1207748746e-16 1.7764503905e-03
 
Elt 2
 -9.6251122316e-02 -9.8486175345e-17 1.8886524715e-16 
 -9.8486175345e-17 -9.6251106590e-02 1.0294584669e-16 
 1.8886524715e-16 1.0294584669e-16 2.4288499541e-03
 
Elt 3
 -9.3523889558e-02 -1.3205491823e-16 -2.8701042087e-16 
 -1.3205491823e-16 -9.3523874227e-02 5.4024670963e-17 
 -2.8701042087e-16 5.4024670963e-17 2.7663087957e-03
 
Elt 4
 -9.1752763015e-02 -4.0952818708e-17 2.9058370989e-16 
 -4.0952818734e-17 -9.1752747827e-02 3.0377428544e-17 
 2.9058370989e-16 3.0377428544e-17 2.8014973578e-03
 
Elt 1
 3.1057745577e-01 6.8217014569e-17 1.0632990713e-17 
 6.8217014569e-17 3.1057740798e-01 -3.3066430031e-16 
 1.0632990713e-17 -3.3066430031e-16 4.3973196547e-03
 
Elt 2
 3.0318336075e-01 7.6292035513e-18 -7.7245745701e-18 
 7.6292035384e-18 3.0318331399e-01 -8.4389215947e-17 
 -7.7245745701e-18 -8.4389215947e-17 2.4606085736e-03
 
Elt 3
 2.9400009232e-01 1.1488806788e-16 -1.6495179909e-16 
 1.1488806788e-16 2.9400004688e-01 1.3073200509e-16 
 -1.6495179909e-16 1.3073200509e-16 1.6209044814e-03
 
Elt 4
 2.8839167148e-01 -1.7168162823e-17 2.3758584171e-16 
 -1.7168162720e-17 2.8839162689e-01 -1.2645483946e-16 
 2.3758584171e-16 -1.2645483946e-16 1.8365360742e-03
 
Elt 1
 -1.5267843266e+00 -1.6102283849e-15 -4.1289705568e-16 
 -1.6102283849e-15 -1.5267845917e+00 -1.6584229391e-15 
 -4.1289705568e-16 -1.6584229391e-15 -2.6104984732e-02
 
Elt 2
 -1.8027440002e+00 -7.6816788171e-16 -3.7278186882e-17 
 -7.6816788171e-16 -1.8027443473e+00 6.0489921810e-16 
 -3.7278186882e-17 6.0489921810e-16 -1.1573784758e-03
 
Elt 3
 -2.2765659365e+00 -2.3050022919e-16 -4.3073148130e-16 
 -2.3050022919e-16 -2.2765664902e+00 1.2150934968e-15 
 -4.3073148130e-16 1.2150934968e-15 1.6514687608e-02
 
Elt 4
 -2.7160978269e+00 -4.2486554151e-15 1.8128066069e-15 
 -4.2486554135e-15 -2.7160986824e+00 -9.6889791287e-16 
 1.8128066069e-15 -9.6889791287e-16 2.0877154759e-02
 
Elt 1
 -5.0944566496e-01 2.8135177567e-16 4.5800620879e-17 
 2.8135177567e-16 -5.0944565315e-01 -6.6072121201e-16 
 4.5800620879e-17 -6.6072121201e-16 -1.2764914311e-02
 
Elt 2
 -9.8201259382e-02 1.9559290630e-16 1.5130126662e-16 
 1.9559290630e-16 -9.8201060788e-02 1.5862220527e-16 
 1.5130126662e-16 1.5862220527e-16 2.2694649276e-02
 
Elt 3
 7.5653236312e-01 1.4363713268e-15 -1.8031814200e-16 
 1.4363713276e-15 7.5653288651e-01 3.1700648263e-17 
 -1.8031814200e-16 3.1700648263e-17 3.8315036253e-02
 
Elt 4
 1.3934511930e+00 4.8594042088e-15 -1.6109948381e-16 
 4.8594042088e-15 1.3934519062e+00 8.7296767340e-17 
 -1.6109948381e-16 8.7296767340e-17 -3.8697993133e-02
 
Elt 1
 1.5059139736e+00 1.2227440195e-15 1.1412651591e-16 
 1.2227440212e-15 1.5059141136e+00 8.4214921703e-17 
 1.1412651591e-16 8.4214921703e-17 1.4030311586e-01
 
Elt 2
 1.9262980023e+00 1.3638614676e-15 6.3017871251e-16 
 1.3638614676e-15 1.9262984940e+00 6.0051152602e-16 
 6.3017871251e-16 6.0051152602e-16 1.8784658357e+00
 
Elt 3
 1.8076031199e+00 1.7410562917e-14 5.9131138512e-16 
 1.7410562917e-14 1.8076072516e+00 7.4841462134e-17 
 5.9131138512e-16 7.4841462134e-17 4.0343026688e+00
 
Elt 4
 2.0928272330e+00 -5.6753592401e-14 3.9744115487e-16 
 -5.6753592401e-14 2.0928179674e+00 -4.5929260674e-16 
 3.9744115487e-16 -4.5929260674e-16 4.0974428373e+00
 
Elt 1
 9.2493234371e+00 -2.1403360570e-15 -1.2479081420e-15 
 -2.1403360587e-15 9.2493228791e+00 -9.3064594659e-16 
 -1.2479081420e-15 -9.3064594659e-16 9.6126845228e+00
 
Elt 2
 1.3776589810e+01 -6.3554567297e-15 -6.7985281048e-16 
 -6.3554567297e-15 1.3776587548e+01 -2.6710356186e-16 
 -6.7985281048e-16 -2.6710356186e-16 1.0916380237e+01
 
Elt 3
 2.8513358086e+01 4.6977970591e-14 5.7687079127e-16 
 4.6977970617e-14 2.8513364236e+01 9.6068683167e-16 
 5.7687079127e-16 9.6068683167e-16 2.7972227153e+01
 
Elt 4
 3.0649159088e+01 4.0086096491e-14 -2.3228542247e-17 
 4.0086096491e-14 3.0649165237e+01 3.0119423633e-16 
 -2.3228542247e-17 3.0119423633e-16 2.7972227203e+01
 
Elt 1
 7.9621512647e+01 6.2009488264e-14 9.3307714990e-16 
 6.2009488264e-14 7.9621514797e+01 3.4135387299e-16 
 9.3307714990e-16 3.4135387299e-16 8.3719699158e+01
 
Elt 2
 1.6248725692e+02 -3.9099089550e-14 7.3203713133e-16 
 -3.9099089656e-14 1.6248725065e+02 -1.6128281074e-15 
 7.3203713133e-16 -1.6128281074e-15 1.6428115022e+02
 
Elt 3
 1.8349863807e+02 -1.6831509009e-14 -2.3845047771e-17 
 -1.6831509009e-14 1.8349863180e+02 -4.8592916177e-17 
 -2.3845047771e-17 -4.8592916177e-17 1.8722727137e+02
 
Elt 4
 1.8547606259e+02 -5.8745941893e-14 -4.1050652098e-16 
 -5.8745941893e-14 1.8547605632e+02 6.5460224881e-17 
 -4.1050652098e-16 6.5460224881e-17 1.8722727137e+02
 
Elt 1
 -2.4172921778e-16 -1.6735372877e-16 -9.0189704310e-17 
 -1.6735372877e-16 -2.7413435019e-16 -3.2674252386e-17 
 -9.0189704310e-17 -3.2674252386e-17 -3.9247944346e-17
 
Elt 2
 3.5278299023e-17 -1.2009227101e-16 0.0000000000e+00 
 -1.2009227101e-16 4.0881091083e-16 0.0000000000e+00 
 0.0000000000e+00 0.0000000000e+00 -1.1102230246e-16
 
Elt 3
 -4.8104057920e-17 -1.7597709051e-16 0.0000000000e+00 
 -1.7597709051e-16 3.8117096531e-16 0.0000000000e+00 
 0.0000000000e+00 0.0000000000e+00 0.0000000000e+00
 
Elt 4
 1.2002411077e-17 7.2014466462e-17 0.0000000000e+00 
 7.2014466462e-17 4.3208679877e-16 0.0000000000e+00 
 0.0000000000e+00 0.0000000000e+00 0.0000000000e+00
 
Elt 1
 -5.4285892704e-17 -8.1556270729e-18 -5.4895103603e-17 
 -8.1556270729e-18 -1.2252585274e-18 -8.2471517150e-18 
 -5.4895103603e-17 -8.2471517150e-18 -5.5511151231e-17
 
Elt 2
 0.0000000000e+00 0.0000000000e+00 0.0000000000e+00 
 0.0000000000e+00 0.0000000000e+00 0.0000000000e+00 
 0.0000000000e+00 0.0000000000e+00 -1.1102230246e-16
 
Elt 3
 0.0000000000e+00 0.0000000000e+00 0.0000000000e+00 
 0.0000000000e+00 0.0000000000e+00 0.0000000000e+00 
 0.0000000000e+00 0.0000000000e+00 0.0000000000e+00
 
Elt 4
 1.2002411077e-17 -7.2014466462e-17 0.0000000000e+00 
 -7.2014466462e-17 4.3208679877e-16 0.0000000000e+00 
 0.0000000000e+00 0.0000000000e+00 0.0000000000e+00
 
Elt 1
 -1.2680292816e-04 1.3447482761e-05 6.0583254700e-05 
 1.3447482761e-05 -1.2680298633e-04 6.0583251303e-05 
 6.0583254700e-05 6.0583251303e-05 8.5660362553e-04
 
Elt 2
 -2.4164992082e-04 -1.8327723254e-06 8.2225665489e-05 
 -1.8327723254e-06 -2.4164994073e-04 8.2225658031e-05 
 8.2225665489e-05 8.2225658031e-05 8.1469984484e-04
 
Elt 3
 -2.1468637448e-04 -7.9442119126e-06 1.4405788720e-05 
 -7.9442119126e-06 -2.1468636884e-04 1.4405782999e-05 
 1.4405788720e-05 1.4405782999e-05 6.5403285817e-04
 
Elt 4
 -9.4133938893e-05 -3.6783281291e-06 -7.2245266290e-06 
 -3.6783281291e-06 -9.4133932316e-05 -7.2245282942e-06 
 -7.2245266290e-06 -7.2245282942e-06 3.9654240362e-04
 
Elt 1
 -3.0143806890e-04 -7.6341200029e-06 2.0773509467e-05 
 -7.6341200029e-06 -3.0143804337e-04 2.0773494541e-05 
 2.0773509467e-05 2.0773494541e-05 9.5887463042e-04
 
Elt 2
 -3.4689768176e-04 -1.3941400486e-05 5.0888489891e-06 
 -1.3941400486e-05 -3.4689766603e-04 5.0888201584e-06 
 5.0888489891e-06 5.0888201584e-06 1.2556373830e-03
 
Elt 3
 -4.4406962327e-04 4.9443422462e-07 -4.5283726141e-05 
 4.9443422462e-07 -4.4406962708e-04 -4.5283744503e-05 
 -4.5283726141e-05 -4.5283744503e-05 1.5052323024e-03
 
Elt 4
 -5.5100777079e-04 2.1056666774e-05 -2.9650140275e-05 
 2.1056666774e-05 -5.5100778845e-04 -2.9650144732e-05 
 -2.9650140275e-05 -2.9650144732e-05 1.7216196044e-03
 
Elt 1
 -8.1589630536e-04 -4.0900694202e-05 -3.2672267457e-06 
 -4.0900694202e-05 -8.1589632549e-04 -3.2672330854e-06 
 -3.2672267457e-06 -3.2672330854e-06 2.4702760961e-03
 
Elt 2
 -6.9259430340e-04 3.2395636147e-05 -2.8685924289e-05 
 3.2395636147e-05 -6.9259431012e-04 -2.8685921082e-05 
 -2.8685924289e-05 -2.8685921082e-05 2.1865327810e-03
 
Elt 3
 -5.4469387929e-04 3.5639365254e-05 -2.6826100546e-05 
 3.5639365254e-05 -5.4469385772e-04 -2.6826071137e-05 
 -2.6826100546e-05 -2.6826071137e-05 1.8849308370e-03
 
Elt 4
 -4.7842824458e-04 -2.7153127237e-05 -1.4722428836e-06 
 -2.7153127237e-05 -4.7842819575e-04 -1.4722229976e-06 
 -1.4722428836e-06 -1.4722229976e-06 1.6166430271e-03
 
Elt 1
 -6.8789726065e-04 -4.7240028044e-05 -9.4865333717e-07 
 -4.7240028044e-05 -6.8789725742e-04 -9.4866886507e-07 
 -9.4865333717e-07 -9.4866886507e-07 2.3504276032e-03
 
Elt 2
 -7.8551129902e-04 4.2275286539e-05 6.1290686516e-06 
 4.2275286539e-05 -7.8551126836e-04 6.1290581639e-06 
 6.1290686516e-06 6.1290581639e-06 2.5947896879e-03
 
Elt 3
 -8.8750424469e-04 4.0435840732e-05 3.1568551141e-05 
 4.0435840732e-05 -8.8750424339e-04 3.1568577478e-05 
 3.1568551141e-05 3.1568577478e-05 2.8459038392e-03
 
Elt 4
 -9.2746958199e-04 -3.5477904893e-05 2.4426550964e-05 
 -3.5477904893e-05 -9.2746965287e-04 2.4426572274e-05 
 2.4426550964e-05 2.4426572274e-05 3.0818701818e-03
 
Elt 1
 -1.0747439137e-03 1.9460603574e-05 2.0951154738e-05 
 1.9460603574e-05 -1.0747439036e-03 2.0951146610e-05 
 2.0951154738e-05 2.0951146610e-05 3.6138706366e-03
 
Elt 2
 -1.0163723481e-03 -1.8430518989e-05 2.0678463072e-05 
 -1.8430518989e-05 -1.0163723403e-03 2.0678464793e-05 
 2.0678463072e-05 2.0678464793e-05 3.4425197465e-03
 
Elt 3
 -9.6795377256e-04 -2.0504024004e-05 1.2921089471e-05 
 -2.0504024004e-05 -9.6795378208e-04 1.2921108317e-05 
 1.2921089471e-05 1.2921108317e-05 3.2991149094e-03
 
Elt 4
 -9.8112753963e-04 1.9491501213e-05 1.3152462200e-05 
 1.9491501213e-05 -9.8112756157e-04 1.3152471178e-05 
 1.3152462200e-05 1.3152471178e-05 3.2298301235e-03
 
Elt 1
 -1.2229866598e-03 3.2104696671e-05 -3.4998921248e-06 
 3.2104696671e-05 -1.2229866697e-03 -3.4998942640e-06 
 -3.4998921248e-06 -3.4998942640e-06 4.0767771604e-03
 
Elt 2
 -1.2305798728e-03 -5.1757049495e-05 -3.0218055248e-05 
 -5.1757049495e-05 -1.2305798958e-03 -3.0218058752e-05 
 -3.0218055248e-05 -3.0218058752e-05 4.1322815733e-03
 
Elt 3
 -1.2138514020e-03 -3.8539779417e-05 -2.9460381678e-05 
 -3.8539779417e-05 -1.2138513977e-03 -2.9460400328e-05 
 -2.9460381678e-05 -2.9460400328e-05 4.0581335837e-03
 
Elt 4
 -1.2161847734e-03 5.8196903107e-05 -2.7189553020e-06 
 5.8196903107e-05 -1.2161847049e-03 -2.7189725845e-06 
 -2.7189553020e-06 -2.7189725845e-06 4.0279624255e-03
 
Elt 1
 -1.3436757872e-03 1.1761313928e-05 -1.4704866796e-05 
 1.1761313928e-05 -1.3436758148e-03 -1.4704865818e-05 
 -1.4704866796e-05 -1.4704865818e-05 4.4888989303e-03
 
Elt 2
 -1.4359361353e-03 -1.8602388249e-05 -2.8671050126e-05 
 -1.8602388249e-05 -1.4359361223e-03 -2.8671049067e-05 
 -2.8671050126e-05 -2.8671049067e-05 4.6777112350e-03
 
Elt 3
 -1.4785617304e-03 -1.4508364735e-05 1.4748380209e-05 
 -1.4508364735e-05 -1.4785617177e-03 1.4748358249e-05 
 1.4748380209e-05 1.4748358249e-05 4.8623004412e-03
 
Elt 4
 -1.4848790480e-03 2.1384024021e-05 2.8778083584e-05 
 2.1384024021e-05 -1.4848790618e-03 2.8778061550e-05 
 2.8778083584e-05 2.8778061550e-05 4.9736502685e-03
 
Elt 1
 -1.7843721403e-03 1.5512591689e-05 -1.5242291810e-06 
 1.5512591689e-05 -1.7843721059e-03 -1.5242153959e-06 
 -1.5242291810e-06 -1.5242153959e-06 5.8835917912e-03
 
Elt 2
 -1.6547744515e-03 2.9905306331e-06 1.0160251370e-05 
 2.9905306331e-06 -1.6547744677e-03 1.0160272595e-05 
 1.0160251370e-05 1.0160272595e-05 5.4978877546e-03
 
Elt 3
 -1.5475812237e-03 -9.1799174246e-06 4.7123752644e-05 
 -9.1799174246e-06 -1.5475812627e-03 4.7123735980e-05 
 4.7123752644e-05 4.7123735980e-05 5.1791557419e-03
 
Elt 4
 -1.5336809785e-03 -9.2996654015e-06 3.5500781776e-05 
 -9.2996654015e-06 -1.5336809867e-03 3.5500757644e-05 
 3.5500781776e-05 3.5500757644e-05 5.1470014852e-03
 
Elt 1
 -1.7086373986e-03 -2.0738487593e-05 -1.4612428975e-05 
 -2.0738487593e-05 -1.7086373626e-03 -1.4612403373e-05 
 -1.4612428975e-05 -1.4612403373e-05 5.7389620549e-03
 
Elt 2
 -1.7612078859e-03 1.1196572660e-05 -2.7979642166e-05 
 1.1196572660e-05 -1.7612079105e-03 -2.7979605358e-05 
 -2.7979642166e-05 -2.7979605358e-05 5.8990538398e-03
 
Elt 3
 -1.8779180689e-03 1.4346144337e-05 -1.2049195436e-05 
 1.4346144337e-05 -1.8779180906e-03 -1.2049205180e-05 
 -1.2049195436e-05 -1.2049205180e-05 6.2372260071e-03
 
Elt 4
 -1.9793120088e-03 -4.8035572345e-06 1.3542439704e-06 
 -4.8035572345e-06 -1.9793119644e-03 1.3542230125e-06 
 1.3542439704e-06 1.3542230125e-06 6.5350957251e-03
 
Elt 1
 -2.1081212276e-03 -8.2563162058e-06 7.4869779968e-06 
 -8.2563162058e-06 -2.1081212517e-03 7.4869973361e-06 
 7.4869779968e-06 7.4869973361e-06 7.0143915974e-03
 
Elt 2
 -2.1115060458e-03 1.3566294653e-05 -2.7810675454e-06 
 1.3566294653e-05 -2.1115060246e-03 -2.7810381035e-06 
 -2.7810675454e-06 -2.7810381035e-06 6.9859183583e-03
 
Elt 3
 -2.0253204918e-03 8.4460893231e-06 -3.2950517686e-05 
 8.4460893231e-06 -2.0253204667e-03 -3.2950516250e-05 
 -3.2950517686e-05 -3.2950516250e-05 6.7269799360e-03
 
Elt 4
 -1.8937103458e-03 -1.3745076205e-05 -2.2658970947e-05 
 -1.3745076205e-05 -1.8937103612e-03 -2.2658979601e-05 
 -2.2658970947e-05 -2.2658979601e-05 6.3834226513e-03
 
Elt 1
 -2.1934179070e-03 1.9114362230e-05 4.8928588665e-05 
 1.9114362230e-05 -2.1934178680e-03 4.8928584820e-05 
 4.8928588665e-05 4.8928584820e-05 7.2845852242e-03
 
Elt 2
 -2.2267417144e-03 -2.7809499432e-06 6.1356724202e-05 
 -2.7809499432e-06 -2.2267417290e-03 6.1356713084e-05 
 6.1356724202e-05 6.1356713084e-05 7.4328223003e-03
 
Elt 3
 -2.2599883849e-03 -1.0324930045e-05 -2.2807645162e-05 
 -1.0324930045e-05 -2.2599884268e-03 -2.2807656733e-05 
 -2.2807645162e-05 -2.2807656733e-05 7.5311031367e-03
 
Elt 4
 -2.2811060176e-03 -6.0228184127e-06 -3.5249766426e-05 
 -6.0228184127e-06 -2.2811060413e-03 -3.5249770734e-05 
 -3.5249766426e-05 -3.5249770734e-05 7.5603627406e-03
 
Elt 1
 -2.4218771461e-03 -1.0912553357e-05 1.9654304809e-05 
 -1.0912553357e-05 -2.4218771849e-03 1.9654281281e-05 
 1.9654304809e-05 1.9654281281e-05 8.0285535565e-03
 
Elt 2
 -2.4319683745e-03 2.4659349666e-05 2.7769058991e-05 
 2.4659349666e-05 -2.4319683814e-03 2.7769028534e-05 
 2.7769058991e-05 2.7769028534e-05 8.0990920600e-03
 
Elt 3
 -2.4493432383e-03 2.0765718930e-05 -9.3588703382e-06 
 2.0765718930e-05 -2.4493432115e-03 -9.3588487370e-06 
 -9.3588703382e-06 -9.3588487370e-06 8.1703715520e-03
 
Elt 4
 -2.4708960027e-03 -3.4520622025e-05 -1.7509656005e-05 
 -3.4520622025e-05 -2.4708959663e-03 -1.7509627482e-05 
 -1.7509656005e-05 -1.7509627482e-05 8.2065667209e-03
 
Elt 1
 -2.7177906632e-03 -4.3578654350e-05 -3.3972098999e-05 
 -4.3578654350e-05 -2.7177907145e-03 -3.3972148316e-05 
 -3.3972098999e-05 -3.3972148316e-05 9.0692478753e-03
 
Elt 2
 -2.6814475227e-03 4.5808871749e-05 -4.0133557028e-05 
 4.5808871749e-05 -2.6814474605e-03 -4.0133624829e-05 
 -4.0133557028e-05 -4.0133624829e-05 8.9264947679e-03
 
Elt 3
 -2.6187621396e-03 4.4780701212e-05 -5.7257960032e-06 
 4.4780701212e-05 -2.6187620707e-03 -5.7257692049e-06 
 -5.7257960032e-06 -5.7257692049e-06 8.7027826371e-03
 
Elt 4
 -2.5471330102e-03 -4.6997769823e-05 3.7297215081e-07 
 -4.6997769823e-05 -2.5471330588e-03 3.7301745657e-07 
 3.7297215081e-07 3.7301745657e-07 8.4992168133e-03
 
Elt 1
 -2.7426570587e-03 1.0056757175e-05 -1.7189029122e-05 
 1.0056757175e-05 -2.7426570530e-03 -1.7189050155e-05 
 -1.7189029122e-05 -1.7189050155e-05 9.1449451214e-03
 
Elt 2
 -2.7622727181e-03 -5.5344783588e-06 -4.1032860356e-06 
 -5.5344783588e-06 -2.7622727282e-03 -4.1033069528e-06 
 -4.1032860356e-06 -4.1033069528e-06 9.2505637564e-03
 
Elt 3
 -2.8860450035e-03 -1.0208867256e-05 1.2153602850e-05 
 -1.0208867256e-05 -2.8860450179e-03 1.2153646265e-05 
 1.2153602850e-05 1.2153646265e-05 9.5910747691e-03
 
Elt 4
 -2.9990882810e-03 5.7073985182e-06 -9.8978361117e-07 
 5.7073985182e-06 -2.9990883002e-03 -9.8974030504e-07 
 -9.8978361117e-07 -9.8974030504e-07 9.9019949712e-03
 
Elt 1
 -3.1815926559e-03 6.3126921294e-05 -1.1507690830e-06 
 6.3126921294e-05 -3.1815926542e-03 -1.1507625258e-06 
 -1.1507690830e-06 -1.1507625258e-06 1.0517649406e-02
 
Elt 2
 -3.0911396773e-03 -4.0720668889e-05 3.0997448095e-05 
 -4.0720668889e-05 -3.0911396791e-03 3.0997457440e-05 
 3.0997448095e-05 3.0997457440e-05 1.0283659247e-02
 
Elt 3
 -2.9975324704e-03 -5.3447384050e-05 4.3243753282e-05 
 -5.3447384050e-05 -2.9975324697e-03 4.3243774888e-05 
 4.3243753282e-05 4.3243774888e-05 1.0000201855e-02
 
Elt 4
 -2.9200553199e-03 3.1039284286e-05 1.1072565953e-05 
 3.1039284286e-05 -2.9200553290e-03 1.1072584746e-05 
 1.1072565953e-05 1.1072584746e-05 9.7755802807e-03
 
Elt 1
 -3.1396494739e-03 2.3372695499e-05 -3.6744157321e-05 
 2.3372695499e-05 -3.1396494539e-03 -3.6744133591e-05 
 -3.6744157321e-05 -3.6744133591e-05 1.0537867000e-02
 
Elt 2
 -3.2383434364e-03 -3.9664236472e-05 -4.0371093944e-05 
 -3.9664236472e-05 -3.2383434058e-03 -4.0371079108e-05 
 -4.0371093944e-05 -4.0371079108e-05 1.0748127855e-02
 
Elt 3
 -3.3140257684e-03 -2.7336658330e-05 1.9236747050e-06 
 -2.7336658330e-05 -3.3140257532e-03 1.9236401361e-06 
 1.9236747050e-06 1.9236401361e-06 1.0956954520e-02
 
Elt 4
 -3.3128264899e-03 4.3644584135e-05 5.5708825019e-06 
 4.3644584135e-05 -3.3128265127e-03 5.5708568312e-06 
 5.5708825019e-06 5.5708568312e-06 1.1020273490e-02
 
Elt 1
 -3.4895426463e-03 5.8135349402e-06 -2.6925671048e-05 
 5.8135349402e-06 -3.4895426371e-03 -2.6925624780e-05 
 -2.6925671048e-05 -2.6925624780e-05 1.1609269144e-02
 
Elt 2
 -3.4362227382e-03 -2.2039843711e-05 -3.0463776388e-05 
 -2.2039843711e-05 -3.4362228167e-03 -3.0463734489e-05 
 -3.0463776388e-05 -3.0463734489e-05 1.1433018661e-02
 
Elt 3
 -3.4238515074e-03 -9.2056282612e-06 -5.1002755424e-07 
 -9.2056282612e-06 -3.4238515517e-03 -5.1008538731e-07 
 -5.1002755424e-07 -5.1008538731e-07 1.1395052056e-02
 
Elt 4
 -3.4612019165e-03 2.5456101667e-05 3.0604946856e-06 
 2.5456101667e-05 -3.4612018195e-03 3.0604412321e-06 
 3.0604946856e-06 3.0604412321e-06 1.1509822212e-02
 
Elt 1
 -3.7281142211e-03 -1.5823704466e-05 2.1131976417e-06 
 -1.5823704466e-05 -3.7281141998e-03 2.1132417503e-06 
 2.1131976417e-06 2.1132417503e-06 1.2366109593e-02
 
Elt 2
 -3.6595575668e-03 1.9984364553e-05 2.6783392523e-05 
 1.9984364553e-05 -3.6595575989e-03 2.6783431406e-05 
 2.6783392523e-05 2.6783431406e-05 1.2170229223e-02
 
Elt 3
 -3.6136467443e-03 1.9031931494e-05 4.1279813592e-05 
 1.9031931494e-05 -3.6136467788e-03 4.1279755534e-05 
 4.1279813592e-05 4.1279755534e-05 1.2055288941e-02
 
Elt 4
 -3.6060219929e-03 -2.3209297552e-05 1.6638259584e-05 
 -2.3209297552e-05 -3.6060219795e-03 1.6638206732e-05 
 1.6638259584e-05 1.6638206732e-05 1.2037103018e-02
 
Elt 1
 -3.7266289783e-03 -4.3933356232e-05 9.4428318135e-06 
 -4.3933356232e-05 -3.7266289306e-03 9.4428612833e-06 
 9.4428318135e-06 9.4428612833e-06 1.2437523446e-02
 
Elt 2
 -3.8400651610e-03 2.6866796338e-05 1.3517349011e-05 
 2.6866796338e-05 -3.8400651410e-03 1.3517383199e-05 
 1.3517349011e-05 1.3517383199e-05 1.2749466845e-02
 
Elt 3
 -3.9342076085e-03 3.4464044274e-05 -1.3441166339e-05 
 3.4464044274e-05 -3.9342076167e-03 -1.3441188434e-05 
 -1.3441166339e-05 -1.3441188434e-05 1.3043721651e-02
 
Elt 4
 -3.9284472515e-03 -1.7417716715e-05 -1.7474700250e-05 
 -1.7417716715e-05 -3.9284472748e-03 -1.7474727090e-05 
 -1.7474700250e-05 -1.7474727090e-05 1.3077042429e-02
 
Elt 1
 -4.1732381335e-03 -1.8434410059e-05 3.4514692284e-05 
 -1.8434410059e-05 -4.1732381475e-03 3.4514689261e-05 
 3.4514692284e-05 3.4514689261e-05 1.3840829394e-02
 
Elt 2
 -4.1056146460e-03 -4.9440616590e-07 1.9811276771e-05 
 -4.9440616590e-07 -4.1056146710e-03 1.9811284097e-05 
 1.9811276771e-05 1.9811284097e-05 1.3692727612e-02
 
Elt 3
 -4.0108633945e-03 7.5696709346e-06 -7.3009308471e-05 
 7.5696709346e-06 -4.0108633944e-03 -7.3009287521e-05 
 -7.3009308471e-05 -7.3009287521e-05 1.3382245217e-02
 
Elt 4
 -3.9310380519e-03 1.1311085340e-05 -5.8278908883e-05 
 1.1311085340e-05 -3.9310380024e-03 -5.8278898262e-05 
 -5.8278908883e-05 -5.8278898262e-05 1.3068871832e-02
 
Elt 1
 -4.1540855131e-03 -1.9929340362e-05 3.6170161552e-05 
 -1.9929340362e-05 -4.1540855481e-03 3.6170108592e-05 
 3.6170161552e-05 3.6170108592e-05 1.3818822276e-02
 
Elt 2
 -4.2189061677e-03 1.2872705738e-05 3.8481804378e-05 
 1.2872705738e-05 -4.2189061312e-03 3.8481757558e-05 
 3.8481804378e-05 3.8481757558e-05 1.4066756754e-02
 
Elt 3
 -4.2969640040e-03 1.8425354728e-05 -1.3914478415e-05 
 1.8425354728e-05 -4.2969639814e-03 -1.3914413696e-05 
 -1.3914478415e-05 -1.3914413696e-05 1.4316428804e-02
 
Elt 4
 -4.3629676116e-03 -1.1391905734e-05 -1.6207082399e-05 
 -1.1391905734e-05 -4.3629676777e-03 -1.6207023827e-05 
 -1.6207082399e-05 -1.6207023827e-05 1.4457341523e-02
 
Elt 1
 -4.5019908131e-03 -3.0551269124e-05 -2.1050114701e-06 
 -3.0551269124e-05 -4.5019908389e-03 -2.1050960091e-06 
 -2.1050114701e-06 -2.1050960091e-06 1.4955213670e-02
 
Elt 2
 -4.4979510494e-03 3.8068460578e-05 2.4125354402e-06 
 3.8068460578e-05 -4.4979509758e-03 2.4124405880e-06 
 2.4125354402e-06 2.4124405880e-06 1.4923461441e-02
 
Elt 3
 -4.4382466832e-03 3.6300620582e-05 4.2868882439e-05 
 3.6300620582e-05 -4.4382466350e-03 4.2868938216e-05 
 4.2868882439e-05 4.2868938216e-05 1.4778470366e-02
 
Elt 4
 -4.3970016319e-03 -4.3823933250e-05 3.8328797549e-05 
 -4.3823933250e-05 -4.3970017110e-03 3.8328863626e-05 
 3.8328797549e-05 3.8328863626e-05 1.4674461067e-02
 
Elt 1
 -4.6962858407e-03 5.3314424458e-06 -2.6558191051e-05 
 5.3314424458e-06 -4.6962859189e-03 -2.6558247892e-05 
 -2.6558191051e-05 -2.6558247892e-05 1.5636526404e-02
 
Elt 2
 -4.6358541316e-03 -1.5053778113e-05 -5.3311066316e-05 
 -1.5053778113e-05 -4.6358541288e-03 -5.3311124938e-05 
 -5.3311066316e-05 -5.3311124938e-05 1.5464834698e-02
 
Elt 3
 -4.6190279485e-03 -1.0564509976e-05 -8.1039573980e-06 
 -1.0564509976e-05 -4.6190278941e-03 -8.1039087297e-06 
 -8.1039573980e-06 -8.1039087297e-06 1.5390083196e-02
 
Elt 4
 -4.6812142465e-03 2.0314029895e-05 1.8599160681e-05 
 2.0314029895e-05 -4.6812141935e-03 1.8599211147e-05 
 1.8599160681e-05 1.8599211147e-05 1.5510078444e-02
 
Elt 1
 -4.7873605719e-03 4.9387399601e-05 -1.6051934527e-05 
 4.9387399601e-05 -4.7873605664e-03 -1.6051933133e-05 
 -1.6051934527e-05 -1.6051933133e-05 1.5942288510e-02
 
Elt 2
 -4.8195016523e-03 -4.9967597914e-05 -3.0344447996e-05 
 -4.9967597914e-05 -4.8195016505e-03 -3.0344448020e-05 
 -3.0344447996e-05 -3.0344448020e-05 1.6038453204e-02
 
Elt 3
 -4.8855760067e-03 -5.3650576526e-05 7.7817609083e-06 
 -5.3650576526e-05 -4.8855760190e-03 7.7817562430e-06 
 7.7817609083e-06 7.7817562430e-06 1.6242893700e-02
 
Elt 4
 -4.9517042947e-03 5.4259769354e-05 2.2026691023e-05 
 5.4259769354e-05 -4.9517043272e-03 2.2026687779e-05 
 2.2026691023e-05 2.2026687779e-05 1.6445386364e-02
 
Elt 1
 -5.1556063062e-03 6.4030698316e-05 -8.8103440702e-07 
 6.4030698316e-05 -5.1556062351e-03 -8.8096848107e-07 
 -8.8103440702e-07 -8.8096848107e-07 1.7145055066e-02
 
Elt 2
 -5.1382200421e-03 -3.2894198439e-05 9.7884073132e-06 
 -3.2894198439e-05 -5.1382200599e-03 9.7884839019e-06 
 9.7884073132e-06 9.7884839019e-06 1.7022325112e-02
 
Elt 3
 -5.0325268679e-03 -5.4228375162e-05 5.2553485730e-05 
 -5.4228375162e-05 -5.0325269202e-03 5.2553438292e-05 
 5.2553485730e-05 5.2553438292e-05 1.6723742826e-02
 
Elt 4
 -4.9066074034e-03 2.3124415076e-05 4.1874765936e-05 
 2.3124415076e-05 -4.9066074127e-03 4.1874707809e-05 
 4.1874765936e-05 4.1874707809e-05 1.6443028740e-02
 
Elt 1
 -5.1593481413e-03 1.7700698441e-05 -4.9091563140e-06 
 1.7700698441e-05 -5.1593480983e-03 -4.9090645036e-06 
 -4.9091563140e-06 -4.9090645036e-06 1.7208034577e-02
 
Elt 2
 -5.2026587765e-03 -1.8813832886e-05 -2.5787120183e-05 
 -1.8813832886e-05 -5.2026588329e-03 -2.5787013016e-05 
 -2.5787120183e-05 -2.5787013016e-05 1.7312487754e-02
 
Elt 3
 -5.2891958691e-03 -1.8674696061e-05 -1.7188361834e-05 
 -1.8674696061e-05 -5.2891959095e-03 -1.7188433073e-05 
 -1.7188361834e-05 -1.7188433073e-05 1.7573090439e-02
 
Elt 4
 -5.3961474093e-03 1.9814830924e-05 3.6937214869e-06 
 1.9814830924e-05 -5.3961473138e-03 3.6936349072e-06 
 3.6937214869e-06 3.6936349072e-06 1.7903483332e-02
 
Elt 1
 -5.5428650004e-03 -2.8744696755e-05 1.1049388273e-06 
 -2.8744696755e-05 -5.5428649519e-03 1.1049978516e-06 
 1.1049388273e-06 1.1049978516e-06 1.8412481782e-02
 
Elt 2
 -5.4876519335e-03 3.2370819541e-05 -2.2283080435e-05 
 3.2370819541e-05 -5.4876519872e-03 -2.2283026828e-05 
 -2.2283080435e-05 -2.2283026828e-05 1.8236220333e-02
 
Elt 3
 -5.4123336592e-03 3.2813920135e-05 -3.1669844305e-05 
 3.2813920135e-05 -5.4123337185e-03 -3.1669932574e-05 
 -3.1669844305e-05 -3.1669932574e-05 1.8030372864e-02
 
Elt 4
 -5.3983513490e-03 -3.6428126603e-05 -8.2635315059e-06 
 -3.6428126603e-05 -5.3983513025e-03 -8.2636143491e-06 
 -8.2635315059e-06 -8.2636143491e-06 1.7978635182e-02
 
Elt 1
 -5.6259437143e-03 -3.9097197700e-05 3.3268813484e-05 
 -3.9097197700e-05 -5.6259437244e-03 3.3268823166e-05 
 3.3268813484e-05 3.3268823166e-05 1.8729146683e-02
 
Elt 2
 -5.6893510784e-03 5.9953150101e-05 4.2644601201e-05 
 5.9953150101e-05 -5.6893510868e-03 4.2644613360e-05 
 4.2644601201e-05 4.2644613360e-05 1.8896979311e-02
 
Elt 3
 -5.6879488602e-03 4.9091565209e-05 -2.1836410440e-07 
 4.9091565209e-05 -5.6879488697e-03 -2.1838279543e-07 
 -2.1836410440e-07 -2.1838279543e-07 1.8911269839e-02
 
Elt 4
 -5.6348382950e-03 -6.9930354550e-05 -9.5613245767e-06 
 -6.9930354550e-05 -5.6348382977e-03 -9.5613457953e-06 
 -9.5613245767e-06 -9.5613457953e-06 1.8778565817e-02
 
Elt 1
 -5.8020096578e-03 -1.0543866838e-05 5.1753576561e-05 
 -1.0543866838e-05 -5.8020096859e-03 5.1753518614e-05 
 5.1753576561e-05 5.1753518614e-05 1.9270197463e-02
 
Elt 2
 -5.8350261059e-03 2.0451391409e-05 5.9957864528e-05 
 2.0451391409e-05 -5.8350260649e-03 5.9957807732e-05 
 5.9957864528e-05 5.9957807732e-05 1.9451812724e-02
 
Elt 3
 -5.8927481140e-03 1.1440320522e-05 -4.2628831991e-05 
 1.1440320522e-05 -5.8927480700e-03 -4.2628777145e-05 
 -4.2628831991e-05 -4.2628777145e-05 1.9614838564e-02
 
Elt 4
 -5.9183980084e-03 -2.1362343350e-05 -5.0785822079e-05 
 -2.1362343350e-05 -5.9183980287e-03 -5.0785768387e-05 
 -5.0785822079e-05 -5.0785768387e-05 1.9635056641e-02
 
Elt 1
 -6.1589474157e-03 -1.1201501916e-05 8.5057235942e-06 
 -1.1201501916e-05 -6.1589474618e-03 8.5056272841e-06 
 8.5057235942e-06 8.5056272841e-06 2.0453482861e-02
 
Elt 2
 -6.0954701707e-03 9.8974978303e-06 1.9951220287e-06 
 9.8974978303e-06 -6.0954701164e-03 1.9950296171e-06 
 1.9951220287e-06 1.9950296171e-06 2.0318191008e-02
 
Elt 3
 -6.0241644200e-03 8.0890558764e-06 -4.6162935591e-05 
 8.0890558764e-06 -6.0241643653e-03 -4.6162821423e-05 
 -4.6162935591e-05 -4.6162821423e-05 2.0060553511e-02
 
Elt 4
 -5.9562852470e-03 -6.7508550109e-06 -3.9596365605e-05 
 -6.7508550109e-06 -5.9562853035e-03 -3.9596255312e-05 
 -3.9596365605e-05 -3.9596255312e-05 1.9793413471e-02
 
Elt 1
 -6.1347831133e-03 -1.9499652934e-05 -3.4389588190e-05 
 -1.9499652934e-05 -6.1347831931e-03 -3.4389687541e-05 
 -3.4389588190e-05 -3.4389687541e-05 2.0460375470e-02
 
Elt 2
 -6.2177978133e-03 1.2764084721e-05 -2.3561100457e-05 
 1.2764084721e-05 -6.2177977366e-03 -2.3561201591e-05 
 -2.3561100457e-05 -2.3561201591e-05 2.0681437323e-02
 
Elt 3
 -6.3209664618e-03 1.9735874120e-05 3.7261801547e-05 
