Elt 1
 0.0000000000e+00 0.0000000000e+00 0.0000000000e+00 
 0.0000000000e+00 0.0000000000e+00 0.0000000000e+00 
 0.0000000000e+00 0.0000000000e+00 0.0000000000e+00
 
Elt 2
 0.0000000000e+00 0.0000000000e+00 0.0000000000e+00 
 0.0000000000e+00 0.0000000000e+00 0.0000000000e+00 
 0.0000000000e+00 0.0000000000e+00 0.0000000000e+00
 
Elt 1
 0.0000000000e+00 0.0000000000e+00 0.0000000000e+00 
 0.0000000000e+00 0.0000000000e+00 0.0000000000e+00 
 0.0000000000e+00 0.0000000000e+00 0.0000000000e+00
 
Elt 2
 -1.8242684906e-16 -8.6456848471e-17 1.1891555708e-16 
 -8.6456848471e-17 -3.9667047532e-16 1.4210737466e-16 
 1.1891555708e-16 1.4210737466e-16 -3.0908109532e-16
 
Elt 1
 -2.1683738156e-06 1.0812037504e-17 0.0000000000e+00 
 1.0812037504e-17 3.0810287999e-05 0.0000000000e+00 
 0.0000000000e+00 0.0000000000e+00 -2.1683738157e-06
 
Elt 2
 -2.1683738158e-06 6.0604252804e-17 3.9946603188e-17 
 6.0604252804e-17 3.0810287999e-05 4.1638985760e-17 
 3.9946603188e-17 4.1638985760e-17 -2.1683738160e-06
 
Elt 1
 -1.2884038938e-05 1.7866656789e-17 0.0000000000e+00 
 1.7866656789e-17 6.1619525124e-05 0.0000000000e+00 
 0.0000000000e+00 0.0000000000e+00 -1.2884038938e-05
 
Elt 2
 -1.2884038938e-05 -5.4018255968e-17 0.0000000000e+00 
 -5.4018255968e-17 6.1619525124e-05 0.0000000000e+00 
 0.0000000000e+00 0.0000000000e+00 -1.2884038938e-05
 
Elt 1
 -2.9758487559e-05 8.8260962907e-17 0.0000000000e+00 
 8.8260962907e-17 9.2427453809e-05 0.0000000000e+00 
 0.0000000000e+00 0.0000000000e+00 -2.9758487559e-05
 
Elt 2
 -2.9758487559e-05 -1.2731782355e-16 1.6636743524e-16 
 -1.2731782355e-16 9.2427453809e-05 1.6385546296e-21 
 1.6636574117e-16 1.6385546296e-21 -2.9758487559e-05
 
Elt 1
 -4.4349061294e-05 9.9190165975e-17 0.0000000000e+00 
 9.9190165975e-17 1.2323391859e-04 0.0000000000e+00 
 0.0000000000e+00 0.0000000000e+00 -4.4349061294e-05
 
Elt 2
 -4.4349061294e-05 -3.3866967157e-17 2.0251202516e-16 
 -3.3866967157e-17 1.2323391859e-04 9.3832556738e-22 
 2.0250863703e-16 9.3832556738e-22 -4.4349061294e-05
 
Elt 1
 -5.1420744312e-05 4.7523660176e-17 5.3153011506e-17 
 4.7523660176e-17 1.5403901543e-04 -2.4900712672e-21 
 5.3153011506e-17 -2.4900712672e-21 -5.1420744312e-05
 
Elt 2
 -5.1420744312e-05 -3.2717826672e-17 9.5220055799e-17 
 -3.2717826672e-17 1.5403901543e-04 1.6654353560e-16 
 9.5220055799e-17 1.6654353560e-16 -5.1420744312e-05
 
Elt 1
 -5.3970502702e-05 -7.6389820103e-22 0.0000000000e+00 
 -7.6389820103e-22 1.8484296767e-04 0.0000000000e+00 
 0.0000000000e+00 0.0000000000e+00 -5.3970502702e-05
 
Elt 2
 -5.3970502702e-05 -1.2408840791e-16 0.0000000000e+00 
 -1.2408840791e-16 1.8484296767e-04 0.0000000000e+00 
 0.0000000000e+00 0.0000000000e+00 -5.3970502702e-05
 
Elt 1
 -5.9311918755e-05 -2.4742833904e-16 -1.1101552620e-16 
 -2.4742833904e-16 2.1564588451e-04 -3.9136954628e-21 
 -1.1102230246e-16 -3.9136954628e-21 -5.9311918755e-05
 
Elt 2
 -5.9311918756e-05 3.8563704323e-17 0.0000000000e+00 
 3.8563704323e-17 2.1564588451e-04 0.0000000000e+00 
 0.0000000000e+00 0.0000000000e+00 -5.9311918755e-05
 
Elt 1
 -7.1147301753e-05 -3.7543275385e-16 -7.7332414018e-17 
 -3.7543275385e-16 2.4644766116e-04 3.1975086034e-22 
 -7.7332414018e-17 3.1975086034e-22 -7.1147301753e-05
 
Elt 2
 -7.1147301753e-05 -8.2503196293e-17 6.7762635543e-21 
 -8.2503196293e-17 2.4644766116e-04 1.1798521655e-16 
 -2.3783798406e-29 1.1798521655e-16 -7.1147301753e-05
 
Elt 1
 -8.6152179062e-05 6.8613957374e-18 -5.4311752578e-17 
 6.8613957374e-18 2.7724810827e-04 -3.3678383069e-21 
 -5.4311752578e-17 -3.3678383069e-21 -8.6152179062e-05
 
Elt 2
 -8.6152179063e-05 2.5259411160e-17 4.4175658645e-30 
 2.5259411160e-17 2.7724810827e-04 8.3303967883e-17 
 4.4175658645e-30 8.3303967883e-17 -8.6152179063e-05
 
Elt 1
 -9.8102015902e-05 8.0278186827e-17 0.0000000000e+00 
 8.0278186827e-17 3.0804715448e-04 0.0000000000e+00 
 0.0000000000e+00 0.0000000000e+00 -9.8102015902e-05
 
Elt 2
 -9.8102015902e-05 -9.7055747862e-17 -1.0698809059e-29 
 -9.7055747862e-17 3.0804715448e-04 5.9029363804e-17 
 -1.0698809059e-29 5.9029363804e-17 -9.8102015902e-05
 
Elt 1
 -1.0454043926e-04 1.9065159142e-16 9.0856142054e-17 
 1.9065159142e-16 3.3884490734e-04 1.8371864712e-21 
 9.0849365791e-17 1.8371864712e-21 -1.0454043926e-04
 
Elt 2
 -1.0454043926e-04 -1.4233902388e-16 1.2808493415e-16 
 -1.4233902388e-16 3.3884490734e-04 6.2506302667e-17 
 1.2808493415e-16 6.2506302667e-17 -1.0454043926e-04
 
Elt 1
 -1.0890369746e-04 4.3180595031e-17 1.0269427453e-16 
 4.3180595031e-17 3.6964152489e-04 3.5654767681e-21 
 1.0268749826e-16 3.5654767681e-21 -1.0890369746e-04
 
Elt 2
 -1.0890369746e-04 1.7076886084e-16 2.2150928010e-16 
 1.7076886084e-16 3.6964152489e-04 -9.9442033261e-22 
 2.2150250384e-16 -9.9442033261e-22 -1.0890369746e-04
 
Elt 1
 -1.1639647705e-04 -8.0851818425e-18 0.0000000000e+00 
 -8.0851818425e-18 4.0043704883e-04 0.0000000000e+00 
 0.0000000000e+00 0.0000000000e+00 -1.1639647705e-04
 
Elt 2
 -1.1639647705e-04 -9.1895496984e-17 2.1595274397e-16 
 -9.1895496984e-17 4.0043704883e-04 2.2900385515e-16 
 2.1594596770e-16 2.2900385515e-16 -1.1639647705e-04
 
Elt 1
 -1.2848345187e-04 -5.0897685925e-17 -3.4843547318e-17 
 -5.0897685925e-17 4.3123137399e-04 -4.8447371257e-21 
 -3.4843547318e-17 -4.8447371257e-21 -1.2848345187e-04
 
Elt 2
 -1.2848345187e-04 3.9406052211e-17 -8.2141867093e-17 
 3.9406052211e-17 4.3123137399e-04 1.6541218250e-21 
 -8.2141867093e-17 1.6541218250e-21 -1.2848345187e-04
 
Elt 1
 -1.4177635216e-04 -1.8556490694e-18 -1.0959928711e-16 
 -1.8556490694e-18 4.6202437119e-04 6.4523640879e-21 
 -1.0959928711e-16 6.4523640879e-21 -1.4177635216e-04
 
Elt 2
 -1.4177635216e-04 5.8540682544e-17 -1.0053264644e-16 
 5.8540682544e-17 4.6202437119e-04 -4.1505882802e-17 
 -1.0054619897e-16 -4.1505882802e-17 -1.4177635216e-04
 
Elt 1
 -1.5200231737e-04 1.6595918968e-16 0.0000000000e+00 
 1.6595918968e-16 4.9281602203e-04 0.0000000000e+00 
 0.0000000000e+00 0.0000000000e+00 -1.5200231737e-04
 
Elt 2
 -1.5200231737e-04 -1.2521809617e-16 0.0000000000e+00 
 -1.2521809617e-16 4.9281602203e-04 0.0000000000e+00 
 0.0000000000e+00 0.0000000000e+00 -1.5200231737e-04
 
Elt 1
 -1.5846796574e-04 1.6063598069e-16 7.3610551248e-17 
 1.6063598069e-16 5.2360642636e-04 -3.5531834696e-21 
 7.3603774985e-17 -3.5531834696e-21 -1.5846796574e-04
 
Elt 2
 -1.5846796574e-04 -1.5815191443e-16 1.5582695724e-16 
 -1.5815191443e-16 5.2360642636e-04 5.7126231621e-21 
 1.5582695724e-16 5.7126231621e-21 -1.5846796574e-04
 
Elt 1
 -1.6439954110e-04 -3.3950782902e-17 7.0737415491e-17 
 -3.3950782902e-17 5.5439568800e-04 -2.6006586456e-21 
 7.0744191755e-17 -2.6006586456e-21 -1.6439954110e-04
 
Elt 2
 -1.6439954110e-04 2.1397209551e-17 8.3361594537e-17 
 2.1397209551e-17 5.5439568800e-04 1.4576426090e-16 
 8.3361594537e-17 1.4576426090e-16 -1.6439954110e-04
 
Elt 1
 -1.7323650804e-04 2.5024474857e-17 0.0000000000e+00 
 2.5024474857e-17 5.8518380815e-04 0.0000000000e+00 
 0.0000000000e+00 0.0000000000e+00 -1.7323650804e-04
 
Elt 2
 -1.7323650804e-04 -1.0665867015e-16 0.0000000000e+00 
 -1.0665867015e-16 5.8518380815e-04 0.0000000000e+00 
 0.0000000000e+00 0.0000000000e+00 -1.7323650804e-04
 
Elt 1
 -1.8508926330e-04 2.9781400103e-16 -1.0820337681e-16 
 2.9781400103e-16 6.1597069490e-04 -5.0868116057e-21 
 -1.0818982429e-16 -5.0868116057e-21 -1.8508926330e-04
 
Elt 2
 -1.8508926330e-04 9.9370114148e-17 -1.0877935922e-16 
 9.9370114148e-17 6.1597069490e-04 8.3388782249e-17 
 -1.0877935922e-16 8.3388782249e-17 -1.8508926330e-04
 
Elt 1
 -1.9696974752e-04 -1.3143473252e-17 0.0000000000e+00 
 -1.3143473252e-17 6.4675626698e-04 0.0000000000e+00 
 0.0000000000e+00 0.0000000000e+00 -1.9696974752e-04
 
Elt 2
 -1.9696974752e-04 -8.7918987745e-17 6.3205598524e-18 
 -8.7918987745e-17 6.4675626697e-04 1.4231918017e-16 
 6.3214068853e-18 1.4231918017e-16 -1.9696974752e-04
 
Elt 1
 -2.0616973958e-04 2.3354157787e-16 0.0000000000e+00 
 2.3354157787e-16 6.7754053596e-04 0.0000000000e+00 
 0.0000000000e+00 0.0000000000e+00 -2.0616973958e-04
 
Elt 2
 -2.0616973958e-04 -4.4465263984e-17 -7.2296022273e-30 
 -4.4465263984e-17 6.7754053596e-04 1.8741527624e-16 
 -7.2296022273e-30 1.8741527624e-16 -2.0616973958e-04
 
Elt 1
 -2.1300402299e-04 -6.2240258194e-17 5.2854855909e-17 
 -6.2240258194e-17 7.0832358491e-04 1.0252681721e-20 
 5.2868408436e-17 1.0252681721e-20 -2.1300402299e-04
 
Elt 2
 -2.1300402299e-04 -1.0380822277e-17 5.4237213679e-17 
 -1.0380822277e-17 7.0832358491e-04 2.0125702594e-16 
 5.4230437415e-17 2.0125702594e-16 -2.1300402299e-04
 
Elt 1
 -2.2017611937e-04 2.7149908031e-19 0.0000000000e+00 
 2.7149908031e-19 7.3910547608e-04 0.0000000000e+00 
 0.0000000000e+00 0.0000000000e+00 -2.2017611937e-04
 
Elt 2
 -2.2017611937e-04 -2.5969742549e-16 1.7313353442e-16 
 -2.5969742549e-16 7.3910547608e-04 -8.8589075211e-21 
 1.7314708695e-16 -8.8589075211e-21 -2.2017611937e-04
 
Elt 1
 -2.2976428481e-04 4.5203696877e-17 -4.2609145379e-17 
 4.5203696877e-17 7.6988618944e-04 -7.4605691921e-17 
 -4.2622697906e-17 -7.4605691921e-17 -2.2976428481e-04
 
Elt 2
 -2.2976428481e-04 -4.1565661795e-17 5.2665120528e-17 
 -4.1565661795e-17 7.6988618944e-04 1.1453367478e-16 
 5.2665120528e-17 1.1453367478e-16 -2.2976428481e-04
 
Elt 1
 -2.4115856425e-04 -5.2166864357e-18 -1.1091388225e-16 
 -5.2166864357e-18 8.0066565178e-04 4.4654705687e-21 
 -1.1091388225e-16 4.4654705687e-21 -2.4115856425e-04
 
Elt 2
 -2.4115856425e-04 -1.3840169454e-16 -5.5511151231e-17 
 -1.3840169454e-16 8.0066565178e-04 -8.3082448382e-17 
 -5.5524703758e-17 -8.3082448382e-17 -2.4115856425e-04
 
Elt 1
 -2.5196272536e-04 3.5784088725e-17 0.0000000000e+00 
 3.5784088725e-17 8.3144381725e-04 0.0000000000e+00 
 0.0000000000e+00 0.0000000000e+00 -2.5196272536e-04
 
Elt 2
 -2.5196272536e-04 -9.3608647686e-17 0.0000000000e+00 
 -9.3608647686e-17 8.3144381725e-04 0.0000000000e+00 
 0.0000000000e+00 0.0000000000e+00 -2.5196272536e-04
 
Elt 1
 -2.6063180118e-04 -8.1698143275e-17 3.1021734660e-17 
 -8.1698143275e-17 8.6222071156e-04 5.7254758455e-17 
 3.1021734660e-17 5.7254758455e-17 -2.6063180118e-04
 
Elt 2
 -2.6063180118e-04 5.1980994053e-17 2.0349119525e-16 
 5.1980994053e-17 8.6222071156e-04 1.2508848204e-16 
 2.0347764272e-16 1.2508848204e-16 -2.6063180118e-04
 
Elt 1
 -2.6796588171e-04 -1.4538903050e-16 1.2544219136e-16 
 -1.4538903050e-16 8.9299639837e-04 5.5533592538e-17 
 1.2544219136e-16 5.5533592538e-17 -2.6796588171e-04
 
Elt 2
 -2.6796588171e-04 -1.2498514477e-16 1.9559007192e-16 
 -1.2498514477e-16 8.9299639837e-04 1.7360303951e-16 
 1.9559007192e-16 1.7360303951e-16 -2.6796588171e-04
 
Elt 1
 -2.7604888483e-04 -1.8155507677e-16 7.3956140691e-17 
 -1.8155507677e-16 9.2377091029e-04 -1.0779577434e-20 
 7.3969693218e-17 -1.0779577434e-20 -2.7604888483e-04
 
Elt 2
 -2.7604888483e-04 6.2791995586e-17 0.0000000000e+00 
 6.2791995586e-17 9.2377091029e-04 0.0000000000e+00 
 0.0000000000e+00 0.0000000000e+00 -2.7604888483e-04
 
Elt 1
 -2.8598242703e-04 -1.3736535162e-16 0.0000000000e+00 
 -1.3736535162e-16 9.5454421882e-04 0.0000000000e+00 
 0.0000000000e+00 0.0000000000e+00 -2.8598242703e-04
 
Elt 2
 -2.8598242703e-04 -1.6326326055e-16 4.8111471404e-17 
 -1.6326326055e-16 9.5454421882e-04 2.7915915154e-17 
 4.8111471404e-17 2.7915915154e-17 -2.8598242703e-04
 
Elt 1
 -2.9685931507e-04 -1.1555772899e-16 -1.1956039457e-16 
 -1.1555772899e-16 9.8531626991e-04 -4.3405094443e-17 
 -1.1954684204e-16 -4.3405094443e-17 -2.9685931507e-04
 
Elt 2
 -2.9685931507e-04 -9.0106187163e-17 3.1136931141e-17 
 -9.0106187163e-17 9.8531626991e-04 1.5266614013e-16 
 3.1143707405e-17 1.5266614013e-16 -2.9685931507e-04
 
Elt 1
 -3.0689983498e-04 1.8902825729e-17 -9.3891908137e-17 
 1.8902825729e-17 1.0160870421e-03 -3.6460799331e-17 
 -9.3898684401e-17 -3.6460799331e-17 -3.0689983498e-04
 
Elt 2
 -3.0689983498e-04 -6.4058156767e-17 6.6495474491e-17 
 -6.4058156767e-17 1.0160870421e-03 1.3881248772e-16 
 6.6495474491e-17 1.3881248772e-16 -3.0689983498e-04
 
Elt 1
 -3.1536414762e-04 6.4421963511e-17 0.0000000000e+00 
 6.4421963511e-17 1.0468565651e-03 0.0000000000e+00 
 0.0000000000e+00 0.0000000000e+00 -3.1536414762e-04
 
Elt 2
 -3.1536414762e-04 -7.2371099735e-17 0.0000000000e+00 
 -7.2371099735e-17 1.0468565651e-03 0.0000000000e+00 
 0.0000000000e+00 0.0000000000e+00 -3.1536414762e-04
 
Elt 1
 -3.2320247820e-04 1.5056770314e-16 1.0972125986e-16 
 1.5056770314e-16 1.0776248844e-03 -4.9074498977e-21 
 1.0969415480e-16 -4.9074498977e-21 -3.2320247820e-04
 
Elt 2
 -3.2320247820e-04 -1.5040227530e-17 1.6498846560e-16 
 -1.5040227530e-17 1.0776248844e-03 1.3198779503e-16 
 1.6498846560e-16 1.3198779503e-16 -3.2320247820e-04
 
Elt 1
 -3.3190759198e-04 -2.6149378351e-16 1.0492366524e-16 
 -2.6149378351e-16 1.1083920128e-03 -1.2799398572e-21 
 1.0489656019e-16 -1.2799398572e-21 -3.3190759198e-04
 
Elt 2
 -3.3190759198e-04 -1.1910762959e-16 1.4208469470e-16 
 -1.1910762959e-16 1.1083920128e-03 9.2988640562e-21 
 1.4205758965e-16 9.2988640562e-21 -3.3190759198e-04
 
Elt 1
 -3.4193013942e-04 -2.9355408354e-16 5.0889739471e-17 
 -2.9355408354e-16 1.1391579213e-03 -2.4309936005e-17 
 5.0889739471e-17 -2.4309936005e-17 -3.4193013942e-04
 
Elt 2
 -3.4193013942e-04 -2.7726092272e-16 1.3000939301e-16 
 -2.7726092272e-16 1.1391579213e-03 1.7536485723e-17 
 1.3002294554e-16 1.7536485723e-17 -3.4193013942e-04
 
Elt 1
 -3.5232476523e-04 -2.3649547466e-16 -1.2004828555e-16 
 -2.3649547466e-16 1.1699225726e-03 -4.1678941383e-17 
 -1.2004828555e-16 -4.1678941383e-17 -3.5232476523e-04
 
Elt 2
 -3.5232476523e-04 -1.4784113880e-16 -5.9468489161e-17 
 -1.4784113880e-16 1.1699225726e-03 2.0122589087e-16 
 -5.9475265424e-17 2.0122589087e-16 -3.5232476523e-04
 
Elt 1
 -3.6186239947e-04 -4.3568875478e-17 -1.2693296934e-16 
 -4.3568875478e-17 1.2006859608e-03 -8.2018006708e-21 
 -1.2690586429e-16 -8.2018006708e-21 -3.6186239947e-04
 
Elt 2
 -3.6186239947e-04 -1.4954437796e-16 -5.3288536778e-17 
 -1.4954437796e-16 1.2006859608e-03 1.3889529924e-16 
 -5.3315641832e-17 1.3889529924e-16 -3.6186239947e-04
 
Elt 1
 -3.7031827175e-04 1.3201003410e-16 -7.0798401863e-17 
 1.3201003410e-16 1.2314481140e-03 5.5545580449e-17 
 -7.0798401863e-17 5.5545580449e-17 -3.7031827175e-04
 
Elt 2
 -3.7031827175e-04 6.6866643552e-17 -1.0752575046e-16 
 6.6866643552e-17 1.2314481140e-03 2.5686604527e-16 
 -1.0752575046e-16 2.5686604527e-16 -3.7031827175e-04
 
Elt 1
 -3.7859839719e-04 1.5153685728e-16 6.9056902124e-17 
 1.5153685728e-16 1.2622090622e-03 8.3276687787e-17 
 6.9063678387e-17 8.3276687787e-17 -3.7859839719e-04
 
Elt 2
 -3.7859839719e-04 6.8464240725e-17 9.6792148949e-17 
 6.8464240725e-17 1.2622090622e-03 1.0436270551e-16 
 9.6819254003e-17 1.0436270551e-16 -3.7859839719e-04
 
Elt 1
 -3.8769487779e-04 1.0689906650e-16 1.6352479267e-16 
 1.0689906650e-16 1.2929688063e-03 -1.1808845921e-20 
 1.6355189772e-16 -1.1808845921e-20 -3.8769487779e-04
 
Elt 2
 -3.8769487779e-04 2.2588751674e-16 1.7740258047e-16 
 2.2588751674e-16 1.2929688063e-03 4.8755423856e-17 
 1.7737547542e-16 4.8755423856e-17 -3.8769487779e-04
 
Elt 1
 -3.9766087984e-04 8.4406753281e-17 1.2664836627e-16 
 8.4406753281e-17 1.3237273207e-03 -9.7223924433e-17 
 1.2664836627e-16 -9.7223924433e-17 -3.9766087984e-04
 
Elt 2
 -3.9766087984e-04 2.0225746387e-16 1.6525951614e-16 
 2.0225746387e-16 1.3237273207e-03 9.0138944570e-17 
 1.6527306867e-16 9.0138944570e-17 -3.9766087984e-04
 
Elt 1
 -4.0765314460e-04 -1.1182617017e-16 -3.2885207144e-17 
 -1.1182617017e-16 1.3544845819e-03 -1.4402228443e-16 
 -3.2891983408e-17 -1.4402228443e-16 -4.0765314460e-04
 
Elt 2
 -4.0765314460e-04 -9.9410119186e-17 3.0025623914e-17 
 -9.9410119186e-17 1.3544845819e-03 -1.1772544758e-16 
 3.0025623914e-17 -1.1772544758e-16 -4.0765314460e-04
 
Elt 1
 -4.1688830649e-04 -9.2160025907e-17 -1.1378701800e-16 
 -9.2160025907e-17 1.3852405927e-03 -5.0320012303e-17 
 -1.1378701800e-16 -5.0320012303e-17 -4.1688830649e-04
 
Elt 2
 -4.1688830649e-04 -1.2950439283e-16 -9.8757265386e-17 
 -1.2950439283e-16 1.3852405927e-03 1.1459912397e-16 
 -9.8757265386e-17 1.1459912397e-16 -4.1688830649e-04
 
Elt 1
 -4.2543911722e-04 1.7869716626e-16 -1.1380057053e-16 
 1.7869716626e-16 1.4159953767e-03 6.7660452021e-17 
 -1.1380057053e-16 6.7660452021e-17 -4.2543911722e-04
 
Elt 2
 -4.2543911722e-04 -2.9375319220e-16 -1.1104940752e-16 
 -2.9375319220e-16 1.4159953767e-03 9.9045890240e-21 
 -1.1104940752e-16 9.9045890240e-21 -4.2543911722e-04
 
Elt 1
 -4.3407150193e-04 3.1854307139e-18 -8.0332604718e-18 
 3.1854307139e-18 1.4467489520e-03 1.4577404735e-16 
 -8.0332604718e-18 1.4577404735e-16 -4.3407150193e-04
 
Elt 2
 -4.3407150193e-04 -5.8188314821e-18 1.3823577699e-17 
 -5.8188314821e-18 1.4467489520e-03 1.4957133086e-16 
 1.3826965831e-17 1.4957133086e-16 -4.3407150193e-04
 
Elt 1
 -4.4338837116e-04 1.8153928487e-17 7.9553334406e-17 
 1.8153928487e-17 1.4775013134e-03 1.1799880950e-16 
 7.9553334406e-17 1.1799880950e-16 -4.4338837116e-04
 
Elt 2
 -4.4338837116e-04 -8.7421561358e-17 2.0992864565e-16 
 -8.7421561358e-17 1.4775013134e-03 1.3228661098e-16 
 2.0995575070e-16 1.3228661098e-16 -4.4338837116e-04
 
Elt 1
 -4.5322882836e-04 -4.4554113951e-18 1.0714627970e-16 
 -4.4554113951e-18 1.5082524401e-03 2.0805264373e-17 
 1.0715983222e-16 2.0805264373e-17 -4.5322882836e-04
 
Elt 2
 -4.5322882836e-04 -8.4892902242e-17 2.2052672188e-16 
 -8.4892902242e-17 1.5082524401e-03 2.7118302652e-20 
 2.2058093199e-16 2.7118302652e-20 -4.5322882836e-04
 
Elt 1
 -4.6291189201e-04 1.6741671986e-17 3.6876426392e-17 
 1.6741671986e-17 1.5390023190e-03 -1.0238494421e-16 
 3.6862873865e-17 -1.0238494421e-16 -4.6291189201e-04
 
Elt 2
 -4.6291189201e-04 2.9921160495e-17 3.7106819353e-17 
 2.9921160495e-17 1.5390023190e-03 -5.1773078891e-17 
 3.7106819353e-17 -5.1773078891e-17 -4.6291189201e-04
 
Elt 1
 -4.7198786451e-04 -1.8370384657e-17 -6.9375386512e-17 
 -1.8370384657e-17 1.5697509570e-03 -1.6139471905e-16 
 -6.9348281458e-17 -1.6139471905e-16 -4.7198786451e-04
 
Elt 2
 -4.7198786451e-04 1.0267969947e-17 0.0000000000e+00 
 1.0267969947e-17 1.5697509570e-03 0.0000000000e+00 
 0.0000000000e+00 0.0000000000e+00 -4.7198786451e-04
 
Elt 1
 -4.8067515789e-04 1.4866413752e-17 -1.5531196121e-16 
 1.4866413752e-17 1.6004983724e-03 -1.0587844223e-16 
 -1.5531196121e-16 -1.0587844223e-16 -4.8067515789e-04
 
Elt 2
 -4.8067515789e-04 -1.1371125179e-16 -1.2178300902e-16 
 -1.1371125179e-16 1.6004983724e-03 -9.6845552674e-17 
 -1.2178300902e-16 -9.6845552674e-17 -4.8067515789e-04
 
Elt 1
 -4.8956751034e-04 3.9335630770e-17 0.0000000000e+00 
 3.9335630770e-17 1.6312445747e-03 0.0000000000e+00 
 0.0000000000e+00 0.0000000000e+00 -4.8956751034e-04
 
Elt 2
 -4.8956751034e-04 -5.4435445453e-17 1.0042422623e-16 
 -5.4435445453e-17 1.6312445747e-03 4.8927490134e-17 
 1.0039712117e-16 4.8927490134e-17 -4.8956751034e-04
 
Elt 1
 -4.9898689063e-04 -4.8181227791e-18 1.0661773114e-16 
 -4.8181227791e-18 1.6619895562e-03 1.7526438386e-16 
 1.0663128366e-16 1.7526438386e-16 -4.9898689063e-04
 
Elt 2
 -4.9898689063e-04 -1.7529270547e-17 2.4535495163e-16 
 -1.7529270547e-17 1.6619895562e-03 2.4325548041e-16 
 2.4535495163e-16 2.4325548041e-16 -4.9898689063e-04
 
Elt 1
 -5.0868168139e-04 -4.9170864991e-17 1.0144066576e-16 
 -4.9170864991e-17 1.6927333016e-03 1.4406362395e-16 
 1.0145421829e-16 1.4406362395e-16 -5.0868168139e-04
 
Elt 2
 -5.0868168139e-04 3.1734200452e-17 1.4395494345e-16 
 3.1734200452e-17 1.6927333016e-03 1.9125150240e-16 
 1.4395494345e-16 1.9125150240e-16 -5.0868168139e-04
 
Elt 1
 -5.1814374857e-04 -1.0730492789e-16 1.6208822479e-17 
 -1.0730492789e-16 1.7234758044e-03 5.9009990852e-17 
 1.6181717424e-17 5.9009990852e-17 -5.1814374857e-04
 
Elt 2
 -5.1814374857e-04 -1.6158427697e-16 8.7007224342e-17 
 -1.6158427697e-16 1.7234758044e-03 2.0489993767e-16 
 8.7007224342e-17 2.0489993767e-16 -5.1814374857e-04
 
Elt 1
 -5.2715560815e-04 -1.8641782747e-16 -1.3194740439e-16 
 -1.8641782747e-16 1.7542170732e-03 -5.7296601918e-17 
 -1.3194740439e-16 -5.7296601918e-17 -5.2715560815e-04
 
Elt 2
 -5.2715560815e-04 -1.1850162778e-16 -1.1058862159e-16 
 -1.1850162778e-16 1.7542170732e-03 6.2514177800e-17 
 -1.1058862159e-16 6.2514177800e-17 -5.2715560815e-04
 
Elt 1
 -5.3598325386e-04 -8.1426927130e-17 -5.3776427755e-17 
 -8.1426927130e-17 1.7849571210e-03 -1.0938393116e-16 
 -5.3776427755e-17 -1.0938393116e-16 -5.3598325386e-04
 
Elt 2
 -5.3598325386e-04 -1.0153156068e-16 0.0000000000e+00 
 -1.0153156068e-16 1.7849571210e-03 0.0000000000e+00 
 0.0000000000e+00 0.0000000000e+00 -5.3598325386e-04
 
Elt 1
 -5.4505363830e-04 4.7371195073e-17 -4.5333203337e-17 
 4.7371195073e-17 1.8156959516e-03 -5.0386286637e-17 
 -4.5346755864e-17 -5.0386286637e-17 -5.4505363830e-04
 
Elt 2
 -5.4505363830e-04 1.6301562574e-17 -2.5133161611e-17 
 1.6301562574e-17 1.8156959516e-03 -1.1059031936e-16 
 -2.5146714138e-17 -1.1059031936e-16 -5.4505363830e-04
 
Elt 1
 -5.5450051986e-04 1.4725977256e-16 0.0000000000e+00 
 1.4725977256e-16 1.8464335570e-03 0.0000000000e+00 
 0.0000000000e+00 0.0000000000e+00 -5.5450051986e-04
 
Elt 2
 -5.5450051986e-04 1.5447768100e-16 5.5931279573e-17 
 1.5447768100e-16 1.8464335570e-03 1.8052985589e-16 
 5.5931279573e-17 1.8052985589e-16 -5.5450051986e-04
 
Elt 1
 -5.6405767922e-04 8.6539230560e-17 1.3780209612e-16 
 8.6539230560e-17 1.8771699267e-03 1.1448560178e-20 
 1.3780209612e-16 1.1448560178e-20 -5.6405767922e-04
 
Elt 2
 -5.6405767922e-04 2.4795486300e-16 1.2593008233e-16 
 2.4795486300e-16 1.8771699267e-03 1.9363235362e-20 
 1.2593008233e-16 1.9363235362e-20 -5.6405767922e-04
 
Elt 1
 -5.7337307261e-04 1.1105358335e-16 1.1107651257e-16 
 1.1105358335e-16 1.9079050587e-03 -2.2990987140e-20 
 1.1102230246e-16 -2.2990987140e-20 -5.7337307261e-04
 
Elt 2
 -5.7337307261e-04 1.8996843581e-16 2.7403209910e-16 
 1.8996843581e-16 1.9079050587e-03 9.7341273655e-17 
 2.7403209910e-16 9.7341273655e-17 -5.7337307261e-04
 
Elt 1
 -5.8237849299e-04 -6.7019178581e-17 0.0000000000e+00 
 -6.7019178581e-17 1.9386389612e-03 0.0000000000e+00 
 0.0000000000e+00 0.0000000000e+00 -5.8237849299e-04
 
Elt 2
 -5.8237849299e-04 -8.4759782626e-17 6.4306741356e-18 
 -8.4759782626e-17 1.9386389612e-03 1.3195180068e-16 
 6.4323682014e-18 1.3195180068e-16 -5.8237849299e-04
 
Elt 1
 -5.9133014752e-04 -1.8808096053e-16 -1.5588116735e-16 
 -1.8808096053e-16 1.9693716428e-03 5.8958658340e-17 
 -1.5585406229e-16 5.8958658340e-17 -5.9133014752e-04
 
Elt 2
 -5.9133014752e-04 -2.3982457699e-16 -8.5760391844e-17 
 -2.3982457699e-16 1.9693716428e-03 6.9769988300e-17 
 -8.5760391844e-17 6.9769988300e-17 -5.9133014752e-04
 
Elt 1
 -6.0051254624e-04 -2.9103141960e-16 -8.7983006297e-17 
 -2.9103141960e-16 2.0001031040e-03 7.1166333836e-17 
 -8.7983006297e-17 7.1166333836e-17 -6.0051254624e-04
 
Elt 2
 -6.0051254624e-04 -2.1629883756e-16 -1.7079572348e-17 
 -2.1629883756e-16 2.0001031040e-03 2.8457585284e-16 
 -1.7079572348e-17 2.8457585284e-16 -6.0051254624e-04
 
Elt 1
 -6.0994396858e-04 -6.4665724159e-17 3.9939297529e-17 
 -6.4665724159e-17 2.0308333375e-03 1.2320304151e-16 
 3.9939297529e-17 1.2320304151e-16 -6.0994396858e-04
 
Elt 2
 -6.0994396858e-04 -1.2321323042e-16 5.7056139327e-17 
 -1.2321323042e-16 2.0308333375e-03 1.5315366710e-16 
 5.7069691854e-17 1.5315366710e-16 -6.0994396858e-04
 
Elt 1
 -6.1938523681e-04 1.4879243683e-16 9.5857024575e-17 
 1.4879243683e-16 2.0615623367e-03 8.1607116617e-17 
 9.5870577102e-17 8.1607116617e-17 -6.1938523681e-04
 
Elt 2
 -6.1938523681e-04 2.3198543062e-16 2.7755575616e-16 
 2.3198543062e-16 2.0615623367e-03 1.1839431515e-16 
 2.7755575616e-16 1.1839431515e-16 -6.1938523681e-04
 
Elt 1
 -6.2861148066e-04 3.7919052808e-17 1.1934355414e-16 
 3.7919052808e-17 2.0922901023e-03 -2.2561044328e-17 
 1.1939776424e-16 -2.2561044328e-17 -6.2861148066e-04
 
Elt 2
 -6.2861148066e-04 2.3530605002e-16 1.4232864019e-16 
 2.3530605002e-16 2.0922901023e-03 1.5971852456e-16 
 1.4232864019e-16 1.5971852456e-16 -6.2861148066e-04
 
Elt 1
 -6.3764116113e-04 9.7844311311e-17 3.9769890939e-17 
 9.7844311311e-17 2.1230166412e-03 -1.3713283053e-16 
 3.9769890939e-17 -1.3713283053e-16 -6.3764116113e-04
 
Elt 2
 -6.3764116113e-04 2.9780932832e-16 1.3005005059e-16 
 2.9780932832e-16 2.1230166412e-03 -8.2942126113e-17 
 1.3007715564e-16 -8.2942126113e-17 -6.3764116113e-04
 
Elt 1
 -6.4669200125e-04 9.8929812565e-17 -9.7849246067e-17 
 9.8929812565e-17 2.1537419586e-03 -1.5625923424e-16 
 -9.7849246067e-17 -1.5625923424e-16 -6.4669200125e-04
 
Elt 2
 -6.4669200125e-04 -2.6984656975e-17 -5.0252770695e-17 
 -2.6984656975e-17 2.1537419586e-03 3.3074320647e-21 
 -5.0279875749e-17 3.3074320647e-21 -6.4669200125e-04
 
Elt 1
 -6.5593720456e-04 -8.0392385822e-17 -2.0870891820e-16 
 -8.0392385822e-17 2.1844660531e-03 -1.0069738481e-16 
 -2.0870891820e-16 -1.0069738481e-16 -6.5593720456e-04
 
Elt 2
 -6.5593720456e-04 1.8112022056e-17 -4.1795993749e-17 
 1.8112022056e-17 2.1844660531e-03 -1.2444304618e-16 
 -4.1768888695e-17 -1.2444304618e-16 -6.5593720456e-04
 
Elt 1
 -6.6533249749e-04 -1.2868708974e-16 -5.8682442586e-17 
 -1.2868708974e-16 2.2151889190e-03 1.5552906044e-17 
 -5.8736652694e-17 1.5552906044e-17 -6.6533249749e-04
 
Elt 2
 -6.6533249749e-04 -6.1430725722e-17 -1.3315357931e-17 
 -6.1430725722e-17 2.2151889190e-03 1.6670507195e-16 
 -1.3322134194e-17 1.6670507195e-16 -6.6533249749e-04
 
Elt 1
 -6.7468399261e-04 -1.7041903675e-16 5.8953493129e-17 
 -1.7041903675e-16 2.2459105524e-03 1.3538543403e-16 
 5.8953493129e-17 1.3538543403e-16 -6.7468399261e-04
 
Elt 2
 -6.7468399261e-04 -8.2484278283e-18 1.5720931501e-16 
 -8.2484278283e-18 2.2459105524e-03 1.3937316043e-16 
 1.5720931501e-16 1.3937316043e-16 -6.7468399261e-04
 
Elt 1
 -6.8386242538e-04 -1.1401556807e-16 1.0104764248e-16 
 -1.1401556807e-16 2.2766309555e-03 2.2038879401e-16 
 1.0104764248e-16 2.2038879401e-16 -6.8386242538e-04
 
Elt 2
 -6.8386242538e-04 -1.5236200935e-16 2.1429255939e-16 
 -1.5236200935e-16 2.2766309555e-03 3.2645879526e-16 
 2.1429255939e-16 3.2645879526e-16 -6.8386242538e-04
 
Elt 1
 -6.9292900208e-04 -5.8162820165e-17 1.0825758692e-16 
 -5.8162820165e-17 2.3073501334e-03 1.4056082647e-16 
 1.0825758692e-16 1.4056082647e-16 -6.9292900208e-04
 
Elt 2
 -6.9292900208e-04 -9.5962327318e-17 2.0274580625e-16 
 -9.5962327318e-17 2.3073501334e-03 3.5406165248e-16 
 2.0274580625e-16 3.5406165248e-16 -6.9292900208e-04
 
Elt 1
 -7.0205296142e-04 -6.2731299842e-17 0.0000000000e+00 
 -6.2731299842e-17 2.3380680891e-03 0.0000000000e+00 
 0.0000000000e+00 0.0000000000e+00 -7.0205296142e-04
 
Elt 2
 -7.0205296142e-04 -2.8561822155e-16 5.5077470362e-17 
 -2.8561822155e-16 2.3380680891e-03 5.9428643378e-17 
 5.5077470362e-17 5.9428643378e-17 -7.0205296142e-04
 
Elt 1
 -7.1132688835e-04 4.3961085108e-17 -1.5482407023e-16 
 4.3961085108e-17 2.3687848203e-03 -1.2678350518e-16 
 -1.5487828034e-16 -1.2678350518e-16 -7.1132688835e-04
 
Elt 2
 -7.1132688835e-04 7.1430767978e-18 0.0000000000e+00 
 7.1430767978e-18 2.3687848203e-03 0.0000000000e+00 
 0.0000000000e+00 0.0000000000e+00 -7.1132688835e-04
 
Elt 1
 -7.2067970635e-04 3.9439699546e-17 -1.0741733024e-16 
 3.9439699546e-17 2.3995003227e-03 -1.9096352741e-16 
 -1.0739022518e-16 -1.9096352741e-16 -7.2067970635e-04
 
Elt 2
 -7.2067970635e-04 1.8388134959e-16 -2.2036409156e-17 
 1.8388134959e-16 2.3995003228e-03 -6.2357914426e-17 
 -2.2063514210e-17 -6.2357914426e-17 -7.2067970635e-04
 
Elt 1
 -7.2996647273e-04 9.2587885050e-17 -5.5619571449e-17 
 9.2587885050e-17 2.4302145948e-03 -1.6490088640e-16 
 -5.5565361340e-17 -1.6490088640e-16 -7.2996647273e-04
 
Elt 2
 -7.2996647273e-04 6.2581296197e-17 -4.7975946132e-17 
 6.2581296197e-17 2.4302145948e-03 -9.6790244304e-17 
 -4.8030156241e-17 -9.6790244304e-17 -7.2996647273e-04
 
Elt 1
 -7.3912463735e-04 1.8139917210e-16 9.1398243141e-17 
 1.8139917210e-16 2.4609276387e-03 -3.9921285377e-17 
 9.1398243141e-17 -3.9921285377e-17 -7.3912463735e-04
 
Elt 2
 -7.3912463735e-04 9.0431428140e-17 -8.6126310077e-18 
 9.0431428140e-17 2.4609276387e-03 2.0122246514e-16 
 -8.6126310077e-18 2.0122246514e-16 -7.3912463735e-04
 
Elt 1
 -7.4822966676e-04 3.6882554116e-17 1.1427490898e-16 
 3.6882554116e-17 2.4916394585e-03 5.7294289841e-17 
 1.1427490898e-16 5.7294289841e-17 -7.4822966676e-04
 
Elt 2
 -7.4822966676e-04 6.9849943649e-17 1.6151901865e-16 
 6.9849943649e-17 2.4916394585e-03 1.5998958359e-16 
 1.6151901865e-16 1.5998958359e-16 -7.4822966676e-04
 
Elt 1
 -7.5740339002e-04 -3.3960576424e-17 1.4620466296e-16 
 -3.3960576424e-17 2.5223500552e-03 1.4058807750e-16 
 1.4620466296e-16 1.4058807750e-16 -7.5740339002e-04
 
Elt 2
 -7.5740339002e-04 -1.0095098974e-16 1.4810201676e-16 
 -1.0095098974e-16 2.5223500552e-03 3.2284242141e-16 
 1.4815622687e-16 3.2284242141e-16 -7.5740339002e-04
 
Elt 1
 -7.6668427155e-04 -1.9625588501e-16 -2.4502969098e-17 
 -1.9625588501e-16 2.5530594266e-03 1.4231945518e-16 
 -2.4502969098e-17 1.4231945518e-16 -7.6668427155e-04
 
Elt 2
 -7.6668427155e-04 -2.2247951978e-16 -5.6344631651e-18 
 -2.2247951978e-16 2.5530594266e-03 1.2566445285e-16 
 -5.6344631651e-18 1.2566445285e-16 -7.6668427155e-04
 
Elt 1
 -7.7599658250e-04 -1.9698259536e-16 -1.5352302762e-16 
 -1.9698259536e-16 2.5837675698e-03 9.0238836493e-17 
 -1.5346881752e-16 9.0238836493e-17 -7.7599658250e-04
 
Elt 2
 -7.7599658250e-04 -1.0712223699e-17 -1.4875253807e-16 
 -1.0712223699e-17 2.5837675698e-03 7.0058606042e-17 
 -1.4880674817e-16 7.0058606042e-17 -7.7599658250e-04
 
Elt 1
 -7.8523986951e-04 3.2403700788e-17 -1.5574564208e-16 
 3.2403700788e-17 2.6144744843e-03 -3.1232755227e-17 
 -1.5579985219e-16 -3.1232755227e-17 -7.8523986951e-04
 
Elt 2
 -7.8523986951e-04 -2.8975393354e-16 -1.5514933088e-16 
 -2.8975393354e-16 2.6144744843e-03 -7.5336949902e-21 
 -1.5514933088e-16 -7.5336949902e-21 -7.8523986951e-04
 
Elt 1
 -7.9439453436e-04 2.4217651170e-17 -1.3064636178e-17 
 2.4217651170e-17 2.6451801726e-03 -7.8117649161e-17 
 -1.3064636178e-17 -7.8117649161e-17 -7.9439453437e-04
 
Elt 2
 -7.9439453436e-04 8.6296987483e-18 0.0000000000e+00 
 8.6296987483e-18 2.6451801726e-03 0.0000000000e+00 
 0.0000000000e+00 0.0000000000e+00 -7.9439453437e-04
 
Elt 1
 -8.0353357552e-04 -5.0358841424e-17 1.0473392986e-16 
 -5.0358841424e-17 2.6758846370e-03 -1.0074118310e-16 
 1.0473392986e-16 -1.0074118310e-16 -8.0353357552e-04
 
Elt 2
 -8.0353357552e-04 1.1689852870e-16 1.0638733818e-16 
 1.1689852870e-16 2.6758846370e-03 1.0408354907e-16 
 1.0641444323e-16 1.0408354907e-16 -8.0353357552e-04
 
Elt 1
 -8.1273814449e-04 2.2844161380e-16 1.3465790982e-16 
 2.2844161380e-16 2.7065878779e-03 -7.9845371765e-17 
 1.3471211993e-16 -7.9845371765e-17 -8.1273814449e-04
 
Elt 2
 -8.1273814449e-04 1.5537534467e-16 1.4024155101e-16 
 1.5537534467e-16 2.7065878779e-03 -9.6493345263e-17 
 1.4024155101e-16 -9.6493345263e-17 -8.1273814449e-04
 
Elt 1
 -8.2201346723e-04 1.0151952917e-17 1.1031757105e-16 
 1.0151952917e-17 2.7372898932e-03 -6.9374956026e-17 
 1.1020915083e-16 -6.9374956026e-17 -8.2201346723e-04
 
Elt 2
 -8.2201346723e-04 7.2225573023e-17 7.3942588164e-17 
 7.2225573023e-17 2.7372898932e-03 -2.7190659101e-17 
 7.3942588164e-17 -2.7190659101e-17 -8.2201346723e-04
 
Elt 1
 -8.3129133346e-04 -7.0838330875e-17 -1.0717338475e-16 
 -7.0838330875e-17 2.7679906811e-03 -2.3399804580e-20 
 -1.0706496453e-16 -2.3399804580e-20 -8.3129133346e-04
 
Elt 2
 -8.3129133346e-04 1.4916941724e-16 5.3329194359e-17 
 1.4916941724e-16 2.7679906811e-03 -3.4148765808e-17 
 5.3329194359e-17 -3.4148765808e-17 -8.3129133346e-04
 
Elt 1
 -8.4050765565e-04 3.6277402960e-17 -1.5509512077e-16 
 3.6277402960e-17 2.7986902419e-03 3.9930770261e-17 
 -1.5506801572e-16 3.9930770261e-17 -8.4050765565e-04
 
Elt 2
 -8.4050765565e-04 -2.2788399281e-16 -6.3208986656e-17 
 -2.2788399281e-16 2.7986902419e-03 6.9969984741e-17 
 -6.3181881602e-17 6.9969984741e-17 -8.4050765565e-04
 
Elt 1
 -8.4966778227e-04 -3.1362375655e-16 -2.0307106691e-16 
 -3.1362375655e-16 2.8293885776e-03 9.9016172192e-17 
 -2.0307106691e-16 9.9016172192e-17 -8.4966778227e-04
 
Elt 2
 -8.4966778227e-04 -1.4615183129e-16 -1.6918974902e-16 
 -1.4615183129e-16 2.8293885776e-03 3.0554915203e-16 
 -1.6918974902e-16 3.0554915203e-16 -8.4966778227e-04
 
Elt 1
 -8.5883383210e-04 -1.0520503609e-16 -1.4596071747e-17 
 -1.0520503609e-16 2.8600856897e-03 1.5274333585e-16 
 -1.4609624274e-17 1.5274333585e-16 -8.5883383210e-04
 
Elt 2
 -8.5883383210e-04 -1.7595540343e-16 1.0744443529e-16 
 -1.7595540343e-16 2.8600856897e-03 3.1252723652e-16 
 1.0744443529e-16 3.1252723652e-16 -8.5883383210e-04
 
Elt 1
 -8.6805510040e-04 -3.8116222842e-18 9.5735051830e-17 
 -3.8116222842e-18 2.8907815780e-03 8.1636747676e-17 
 9.5735051830e-17 8.1636747676e-17 -8.6805510040e-04
 
Elt 2
 -8.6805510040e-04 -1.1749350441e-16 1.1102230246e-16 
 -1.1749350441e-16 2.8907815780e-03 3.0202061088e-16 
 1.1096809235e-16 3.0202061088e-16 -8.6805510040e-04
 
Elt 1
 -8.7731881412e-04 -7.8593410892e-17 2.1792463667e-16 
 -7.8593410892e-17 2.9214762409e-03 -2.4320179897e-17 
 2.1792463667e-16 -2.4320179897e-17 -8.7731881412e-04
 
Elt 2
 -8.7731881412e-04 -5.7692213083e-17 2.6020852140e-16 
 -5.7692213083e-17 2.9214762409e-03 -3.4031677173e-17 
 2.6015431129e-16 -3.4031677173e-17 -8.7731881412e-04
 
Elt 1
 -8.8656965378e-04 2.0268859648e-16 1.6886448836e-17 
 2.0268859648e-16 2.9521696773e-03 -1.2160443172e-16 
 1.6872896309e-17 -1.2160443172e-16 -8.8656965378e-04
 
Elt 2
 -8.8656965378e-04 2.5049747863e-16 1.1747330539e-16 
 2.5049747863e-16 2.9521696773e-03 -3.4531564413e-17 
 1.1747330539e-16 -3.4531564413e-17 -8.8656965378e-04
 
Elt 1
 -8.9577090726e-04 1.7830963146e-16 -1.4178653911e-16 
 1.7830963146e-16 2.9828618879e-03 -1.8414300972e-16 
 -1.4178653911e-16 -1.8414300972e-16 -8.9577090726e-04
 
Elt 2
 -8.9577090726e-04 1.8588887721e-16 0.0000000000e+00 
 1.8588887721e-16 2.9828618879e-03 0.0000000000e+00 
 0.0000000000e+00 0.0000000000e+00 -8.9577090726e-04
 
Elt 1
 -9.0494021115e-04 7.1121196414e-17 -2.1483466048e-16 
 7.1121196414e-17 3.0135528744e-03 -1.5277170483e-16 
 -2.1488887059e-16 -1.5277170483e-16 -9.0494021115e-04
 
Elt 2
 -9.0494021115e-04 -3.4568465369e-17 -1.1102230246e-16 
 -3.4568465369e-17 3.0135528744e-03 -8.2858664926e-17 
 -1.1107651257e-16 -8.2858664926e-17 -9.0494021115e-04
 
Elt 1
 -9.1412583551e-04 -3.6172552520e-17 0.0000000000e+00 
 -3.6172552520e-17 3.0442426374e-03 0.0000000000e+00 
 0.0000000000e+00 0.0000000000e+00 -9.1412583551e-04
 
Elt 2
 -9.1412583552e-04 8.9293856020e-18 0.0000000000e+00 
 8.9293856020e-18 3.0442426374e-03 0.0000000000e+00 
 0.0000000000e+00 0.0000000000e+00 -9.1412583551e-04
 
Elt 1
 -9.2335398945e-04 -1.2828625025e-17 8.7766165863e-17 
 -1.2828625025e-17 3.0749311766e-03 1.4581046414e-16 
 8.7793270917e-17 1.4581046414e-16 -9.2335398945e-04
 
Elt 2
 -9.2335398945e-04 -1.0933816824e-16 6.4889500023e-17 
 -1.0933816824e-16 3.0749311766e-03 1.7075727254e-16 
 6.4889500023e-17 1.7075727254e-16 -9.2335398945e-04
 
Elt 1
 -9.3260421024e-04 -1.6378686560e-16 1.7623706314e-16 
 -1.6378686560e-16 3.1056184907e-03 2.0314804000e-16 
 1.7623706314e-16 2.0314804000e-16 -9.3260421024e-04
 
Elt 2
 -9.3260421024e-04 -9.9207888556e-17 3.1750860621e-16 
 -9.9207888556e-17 3.1056184907e-03 3.6127882204e-16 
 3.1745439610e-16 3.6127882204e-16 -9.3260421024e-04
 
Elt 1
 -9.4183518670e-04 -1.0204218370e-16 1.0999231040e-16 
 -1.0204218370e-16 3.1363045793e-03 1.6837926082e-16 
 1.1004652051e-16 1.6837926082e-16 -9.4183518670e-04
 
Elt 2
 -9.4183518670e-04 -2.1367403519e-16 2.2188197460e-16 
 -2.1367403519e-16 3.1363045793e-03 2.5033031440e-16 
 2.2188197460e-16 2.5033031440e-16 -9.4183518670e-04
 
Elt 1
 -9.5102930583e-04 -1.9387907565e-16 -4.7921736024e-17 
 -1.9387907565e-16 3.1669894433e-03 2.4324857366e-17 
 -4.7894630970e-17 2.4324857366e-17 -9.5102930583e-04
 
Elt 2
 -9.5102930583e-04 -1.3057280822e-16 -1.8263385596e-16 
 -1.3057280822e-16 3.1669894433e-03 2.1522358417e-16 
 -1.8257964585e-16 2.1522358417e-16 -9.5102930583e-04
 
Elt 1
 -9.6020827570e-04 -4.4920263414e-17 -2.1646096374e-16 
 -4.4920263414e-17 3.1976730836e-03 -6.7777497160e-17 
 -2.1651517385e-16 -6.7777497160e-17 -9.6020827570e-04
 
Elt 2
 -9.6020827570e-04 1.2395770065e-16 -1.4094628242e-16 
 1.2395770065e-16 3.1976730836e-03 4.5401357193e-17 
 -1.4100049253e-16 4.5401357193e-17 -9.6020827570e-04
 
Elt 1
 -9.6940678214e-04 8.4895805173e-17 -1.7168341401e-16 
 8.4895805173e-17 3.2283555009e-03 -1.4935502056e-16 
 -1.7162920390e-16 -1.4935502056e-16 -9.6940678214e-04
 
Elt 2
 -9.6940678214e-04 1.3963604125e-16 -1.5880851321e-16 
 1.3963604125e-16 3.2283555009e-03 -9.6706890020e-17 
 -1.5880851321e-16 -9.6706890020e-17 -9.6940678214e-04
 
Elt 1
 -9.7863555111e-04 2.0840523694e-16 1.7320129705e-17 
 2.0840523694e-16 3.2590366944e-03 -1.4935669013e-16 
 1.7293024651e-17 -1.4935669013e-16 -9.7863555111e-04
 
Elt 2
 -9.7863555111e-04 9.0102923496e-17 8.0203855710e-17 
 9.0102923496e-17 3.2590366944e-03 -1.4519559696e-16 
 8.0203855710e-17 -1.4519559696e-16 -9.7863555111e-04
 
Elt 1
 -9.8787281926e-04 1.5036174792e-16 1.3476633004e-16 
 1.5036174792e-16 3.2897166634e-03 -1.0775414532e-16 
 1.3482054015e-16 -1.0775414532e-16 -9.8787281926e-04
 
Elt 2
 -9.8787281926e-04 1.4351299828e-17 1.6008245077e-16 
 1.4351299828e-17 3.2897166634e-03 -1.0347863409e-16 
 1.6013666088e-16 -1.0347863409e-16 -9.8787281926e-04
 
Elt 1
 -9.9709002975e-04 -6.5713121102e-17 1.5807667675e-16 
 -6.5713121102e-17 3.3203954078e-03 -3.2262375174e-20 
 1.5807667675e-16 -3.2262375174e-20 -9.9709002975e-04
 
Elt 2
 -9.9709002975e-04 3.8007975142e-17 1.5634195327e-16 
 3.8007975142e-17 3.3203954078e-03 -2.7752378214e-20 
 1.5639616338e-16 -2.7752378214e-20 -9.9709002975e-04
 
Elt 1
 -1.0062818434e-03 -1.0545653609e-17 4.8680677545e-17 
 -1.0545653609e-17 3.3510729285e-03 7.6343433736e-17 
 4.8680677545e-17 7.6343433736e-17 -1.0062818434e-03
 
Elt 2
 -1.0062818434e-03 1.2900192719e-16 1.1004652051e-16 
 1.2900192719e-16 3.3510729285e-03 -3.1633360976e-20 
 1.1004652051e-16 -3.1633360976e-20 -1.0062818434e-03
 
Elt 1
 -1.0154692169e-03 -7.7766671305e-17 -4.9060148305e-17 
 -7.7766671305e-17 3.3817492261e-03 1.2152604615e-16 
 -4.9033043251e-17 1.2152604615e-16 -1.0154692169e-03
 
Elt 2
 -1.0154692169e-03 -1.3264004299e-16 3.9004173155e-17 
 -1.3264004299e-16 3.3817492261e-03 2.5014711021e-16 
 3.9004173155e-17 2.5014711021e-16 -1.0154692169e-03
 
Elt 1
 -1.0246751735e-03 -2.3100428882e-16 -1.5314355686e-16 
 -2.3100428882e-16 3.4124243009e-03 1.3543685274e-16 
 -1.5308934675e-16 1.3543685274e-16 -1.0246751735e-03
 
Elt 2
 -1.0246751735e-03 -1.8015594025e-16 -9.0585091511e-17 
 -1.8015594025e-16 3.4124243009e-03 1.2591074764e-16 
 -9.0585091511e-17 1.2591074764e-16 -1.0246751735e-03
 
Elt 1
 -1.0339009576e-03 -6.1855481610e-17 -1.0852863747e-16 
 -6.1855481610e-17 3.4430981522e-03 1.0064476987e-16 
 -1.0852863747e-16 1.0064476987e-16 -1.0339009576e-03
 
Elt 2
 -1.0339009576e-03 -2.1528254897e-16 -9.7361355089e-17 
 -2.1528254897e-16 3.4430981522e-03 2.1558295880e-16 
 -9.7361355089e-17 2.1558295880e-16 -1.0339009576e-03
 
Elt 1
 -1.0431270105e-03 -1.7427182672e-17 0.0000000000e+00 
 -1.7427182672e-17 3.4737707797e-03 0.0000000000e+00 
 0.0000000000e+00 0.0000000000e+00 -1.0431270105e-03
 
Elt 2
 -1.0431270105e-03 -2.3631186898e-16 0.0000000000e+00 
 -2.3631186898e-16 3.4737707797e-03 0.0000000000e+00 
 0.0000000000e+00 0.0000000000e+00 -1.0431270105e-03
 
Elt 1
 -1.0523351990e-03 -7.8937938146e-17 1.7152078369e-16 
 -7.8937938146e-17 3.5044421835e-03 -5.3848920347e-17 
 1.7157499380e-16 -5.3848920347e-17 -1.0523351990e-03
 
Elt 2
 -1.0523351990e-03 4.1144120569e-17 8.2128314566e-17 
 4.1144120569e-17 3.5044421835e-03 7.6494360889e-17 
 8.2128314566e-17 7.6494360889e-17 -1.0523351990e-03
 
Elt 1
 -1.0615272816e-03 3.8306530708e-16 1.7016553097e-16 
 3.8306530708e-16 3.5351123643e-03 -9.2082924818e-17 
 1.7016553097e-16 -9.2082924818e-17 -1.0615272816e-03
 
Elt 2
 -1.0615272816e-03 1.0171476493e-16 2.7159264421e-16 
 1.0171476493e-16 3.5351123643e-03 -5.4998634594e-17 
 2.7164685432e-16 -5.4998634594e-17 -1.0615272816e-03
 
Elt 1
 -1.0707210457e-03 1.2048231526e-16 4.5861751896e-17 
 1.2048231526e-16 3.5657813225e-03 -1.1987675550e-16 
