Elt 1
 0.0000000000e+00 0.0000000000e+00 0.0000000000e+00 
 0.0000000000e+00 0.0000000000e+00 0.0000000000e+00 
 0.0000000000e+00 0.0000000000e+00 0.0000000000e+00
 
Elt 2
 0.0000000000e+00 0.0000000000e+00 0.0000000000e+00 
 0.0000000000e+00 0.0000000000e+00 0.0000000000e+00 
 0.0000000000e+00 0.0000000000e+00 0.0000000000e+00
 
Elt 1
 0.0000000000e+00 0.0000000000e+00 0.0000000000e+00 
 0.0000000000e+00 0.0000000000e+00 0.0000000000e+00 
 0.0000000000e+00 0.0000000000e+00 0.0000000000e+00
 
Elt 2
 -1.8242684906e-16 -8.6456848471e-17 1.1891555708e-16 
 -8.6456848471e-17 -3.9667047532e-16 1.4210737466e-16 
 1.1891555708e-16 1.4210737466e-16 -3.0908109532e-16
 
Elt 1
 5.4451285415e-04 -1.1099183797e-16 0.0000000000e+00 
 -1.1099183797e-16 2.2624237429e-29 0.0000000000e+00 
 0.0000000000e+00 0.0000000000e+00 -4.7390928828e-05
 
Elt 2
 5.4451285415e-04 -3.3667203429e-17 1.3983551068e-17 
 -3.3667203429e-17 -5.8313223756e-28 1.6653476903e-16 
 1.3983551068e-17 1.6653476903e-16 -4.7390928828e-05
 
Elt 1
 1.0886816282e-03 -5.5720120807e-17 0.0000000000e+00 
 -5.5720120807e-17 -1.1102230246e-16 0.0000000000e+00 
 0.0000000000e+00 0.0000000000e+00 -3.1362626814e-04
 
Elt 2
 1.0886816282e-03 3.0000592065e-17 1.7353922149e-16 
 3.0000592065e-17 2.2204460492e-16 1.5960108686e-16 
 1.7353922149e-16 1.5960108686e-16 -3.1362626814e-04
 
Elt 1
 1.6323856509e-03 1.1091350264e-16 0.0000000000e+00 
 1.1091350264e-16 7.5360899317e-30 0.0000000000e+00 
 0.0000000000e+00 0.0000000000e+00 -7.5882030218e-04
 
Elt 2
 1.6323856509e-03 1.3731109291e-16 1.7356194092e-16 
 1.3731109291e-16 -2.5007104118e-29 1.6655450720e-16 
 1.7356194092e-16 1.6655450720e-16 -7.5882030218e-04
 
Elt 1
 2.1755539118e-03 -2.7728218507e-16 0.0000000000e+00 
 -2.7728218507e-16 -3.3306690739e-16 0.0000000000e+00 
 0.0000000000e+00 0.0000000000e+00 -1.1376679568e-03
 
Elt 2
 2.1755539118e-03 -1.0056888896e-16 -6.1907786609e-17 
 -1.0056888896e-16 -1.2279767741e-29 1.3877784814e-16 
 -6.1907786609e-17 1.3877784814e-16 -1.1376679568e-03
 
Elt 1
 2.7182467493e-03 1.1075546669e-16 0.0000000000e+00 
 1.1075546669e-16 -1.1102230246e-16 0.0000000000e+00 
 0.0000000000e+00 0.0000000000e+00 -1.2836467256e-03
 
Elt 2
 2.7182467493e-03 -4.6825061318e-17 2.8134241591e-17 
 -4.6825061318e-17 -1.1102230246e-16 1.5267344957e-16 
 2.8134241591e-17 1.5267344957e-16 -1.2836467256e-03
 
Elt 1
 3.2605855963e-03 -1.1077130241e-16 0.0000000000e+00 
 -1.1077130241e-16 3.7632140222e-30 0.0000000000e+00 
 0.0000000000e+00 0.0000000000e+00 -1.2998246001e-03
 
Elt 2
 3.2605855963e-03 -4.8240304376e-17 -2.0355725740e-17 
 -4.8240304376e-17 -1.8888201206e-29 1.5962159047e-16 
 -2.0355725740e-17 1.5962159047e-16 -1.2998246001e-03
 
Elt 1
 3.8026133241e-03 -1.1060982029e-16 0.0000000000e+00 
 -1.1060982029e-16 -1.1102230246e-16 0.0000000000e+00 
 0.0000000000e+00 0.0000000000e+00 -1.4377118416e-03
 
Elt 2
 3.8026133241e-03 -1.0609720529e-16 -7.5429314496e-17 
 -1.0609720529e-16 -1.4762350551e-29 1.5962445471e-16 
 -7.5429314496e-17 1.5962445471e-16 -1.4377118416e-03
 
Elt 1
 4.3442464131e-03 0.0000000000e+00 5.5637492470e-17 
 0.0000000000e+00 0.0000000000e+00 0.0000000000e+00 
 5.5637492470e-17 0.0000000000e+00 -1.8062139117e-03
 
Elt 2
 4.3442464131e-03 -6.8776811136e-17 2.3609895201e-16 
 -6.8776811136e-17 -3.3306690739e-16 1.7353497550e-16 
 2.3609895201e-16 1.7353497550e-16 -1.8062139117e-03
 
Elt 1
 4.8853731454e-03 0.0000000000e+00 7.8257042827e-17 
 0.0000000000e+00 0.0000000000e+00 0.0000000000e+00 
 7.8257042827e-17 0.0000000000e+00 -2.2473988253e-03
 
Elt 2
 4.8853731454e-03 -2.0639600056e-16 2.3637826369e-16 
 -2.0639600056e-16 -2.2204460493e-16 1.3877776125e-16 
 2.3637826369e-16 1.3877776125e-16 -2.2473988253e-03
 
Elt 1
 5.4259832373e-03 -1.6626382199e-16 0.0000000000e+00 
 -1.6626382199e-16 -2.2204460493e-16 0.0000000000e+00 
 0.0000000000e+00 0.0000000000e+00 -2.5211378674e-03
 
Elt 2
 5.4259832373e-03 -3.4384229264e-17 1.1815027487e-18 
 -3.4384229264e-17 -4.4408920985e-16 1.5964693860e-16 
 1.1815027487e-18 1.5964693860e-16 -2.5211378674e-03
 
Elt 1
 5.9661791129e-03 1.1061728332e-16 -9.7386928392e-17 
 1.1061728332e-16 -1.1102230246e-16 7.1718241482e-33 
 -9.7386928392e-17 7.1718241482e-33 -2.5827659168e-03
 
Elt 2
 5.9661791129e-03 -1.5769719576e-17 -8.2420456739e-17 
 -1.5769719576e-17 -3.3306690739e-16 1.4573455466e-16 
 -8.2420456739e-17 1.4573455466e-16 -2.5827659168e-03
 
Elt 1
 6.5060572451e-03 1.1051457066e-16 -1.4612347544e-16 
 1.1051457066e-16 -1.1102230246e-16 1.0710256204e-32 
 -1.4612347544e-16 1.0710256204e-32 -2.6327054384e-03
 
Elt 2
 6.5060572451e-03 -8.2543572088e-17 -1.1704716519e-16 
 -8.2543572088e-17 -1.1102230246e-16 1.5964925176e-16 
 -1.1704716519e-16 1.5964925176e-16 -2.6327054384e-03
 
Elt 1
 7.0455976677e-03 -1.1029280502e-16 0.0000000000e+00 
 -1.1029280502e-16 -1.1102230246e-16 0.0000000000e+00 
 0.0000000000e+00 0.0000000000e+00 -2.8829446041e-03
 
Elt 2
 7.0455976677e-03 -4.1094190705e-18 4.2389370134e-17 
 -4.1094190705e-18 -1.1102230246e-16 1.6661335614e-16 
 4.2389370134e-17 1.6661335614e-16 -2.8829446041e-03
 
Elt 1
 7.5846889121e-03 -1.1031112107e-16 1.4433474311e-16 
 -1.1031112107e-16 -1.1102230246e-16 1.2485801151e-32 
 1.4433474311e-16 1.2485801151e-32 -3.3121237568e-03
 
Elt 2
 7.5846889121e-03 -4.0722369383e-17 8.5491444110e-17 
 -4.0722369383e-17 -1.1102230246e-16 1.4573952610e-16 
 8.5491444110e-17 1.4573952610e-16 -3.3121237568e-03
 
Elt 1
 8.1232583228e-03 0.0000000000e+00 1.3413769443e-16 
 0.0000000000e+00 0.0000000000e+00 0.0000000000e+00 
 1.3413769443e-16 0.0000000000e+00 -3.6923981807e-03
 
Elt 2
 8.1232583228e-03 5.0429305879e-17 1.6842068934e-16 
 5.0429305879e-17 -5.4394996477e-30 1.4574210933e-16 
 1.6842068934e-16 1.4574210933e-16 -3.6923981807e-03
 
Elt 1
 8.6613560958e-03 -5.6734618076e-17 0.0000000000e+00 
 -5.6734618076e-17 -1.1102230246e-16 0.0000000000e+00 
 0.0000000000e+00 0.0000000000e+00 -3.8547239491e-03
 
Elt 2
 8.6613560958e-03 -1.6629363560e-17 9.1307168668e-17 
 -1.6629363560e-17 -3.3306690739e-16 1.5967456178e-16 
 9.1307168668e-17 1.5967456178e-16 -3.8547239491e-03
 
Elt 1
 9.1990965113e-03 0.0000000000e+00 -9.7689695832e-17 
 0.0000000000e+00 0.0000000000e+00 0.0000000000e+00 
 -9.7689695832e-17 0.0000000000e+00 -3.8836118348e-03
 
Elt 2
 9.1990965113e-03 -4.7411951743e-17 -6.8022454230e-17 
 -4.7411951743e-17 -5.2250690962e-30 1.4574340599e-16 
 -6.8022454230e-17 1.4574340599e-16 -3.8836118348e-03
 
Elt 1
 9.7365258765e-03 0.0000000000e+00 -1.5874081146e-16 
 0.0000000000e+00 0.0000000000e+00 0.0000000000e+00 
 -1.5874081146e-16 0.0000000000e+00 -4.0170353542e-03
 
Elt 2
 9.7365258765e-03 4.6685351928e-18 -8.3104882034e-17 
 4.6685351928e-18 -2.2204460493e-16 1.6664472488e-16 
 -8.3104882034e-17 1.6664472488e-16 -4.0170353542e-03
 
Elt 1
 1.0273570396e-02 1.0949716223e-16 -9.0787375143e-17 
 1.0949716223e-16 -1.1102230246e-16 1.3994065677e-32 
 -9.0787375143e-17 1.3994065677e-32 -4.3697270678e-03
 
Elt 2
 1.0273570396e-02 1.3952896350e-17 -1.3654391036e-16 
 1.3952896350e-17 -2.2204460493e-16 1.5968521385e-16 
 -1.3654391036e-16 1.5968521385e-16 -4.3697270678e-03
 
Elt 1
 1.0810123467e-02 1.1041516135e-16 8.5394841336e-17 
 1.1041516135e-16 1.1277861804e-30 -5.8550825058e-33 
 8.5394841336e-17 -5.8550825058e-33 -4.8014913740e-03
 
Elt 2
 1.0810123467e-02 -3.5542119510e-17 -1.0841924262e-17 
 -3.5542119510e-17 -2.2204460493e-16 1.6666640191e-16 
 -1.0841924262e-17 1.6666640191e-16 -4.8014913740e-03
 
Elt 1
 1.1346170002e-02 -1.6627748514e-16 1.9694417545e-16 
 -1.6627748514e-16 -2.2204460493e-16 3.5181279296e-32 
 1.9694417545e-16 3.5181279296e-32 -5.0819988409e-03
 
Elt 2
 1.1346170002e-02 -1.9571667511e-16 3.3527911748e-16 
 -1.9571667511e-16 -2.2204460493e-16 1.5272571490e-16 
 3.3527911748e-16 1.5272571490e-16 -5.0819988409e-03
 
Elt 1
 1.1881803415e-02 0.0000000000e+00 1.3052105259e-16 
 0.0000000000e+00 0.0000000000e+00 0.0000000000e+00 
 1.3052105259e-16 0.0000000000e+00 -5.1583924101e-03
 
Elt 2
 1.1881803415e-02 -7.2683361931e-17 1.4845057612e-16 
 -7.2683361931e-17 -4.4408920985e-16 1.4575201161e-16 
 1.4845057612e-16 1.4575201161e-16 -5.1583924101e-03
 
Elt 1
 1.2417116907e-02 -1.1028615272e-16 -7.3525406145e-17 
 -1.1028615272e-16 9.7953780836e-31 -4.9566444178e-33 
 -7.3525406145e-17 -4.9566444178e-33 -5.2147817566e-03
 
Elt 2
 1.2417116907e-02 -1.4315209448e-16 -1.2261219226e-16 
 -1.4315209448e-16 -1.1102230246e-16 1.4575239071e-16 
 -1.2261219226e-16 1.4575239071e-16 -5.2147817566e-03
 
Elt 1
 1.2952096207e-02 0.0000000000e+00 -2.4593661962e-16 
 0.0000000000e+00 0.0000000000e+00 0.0000000000e+00 
 -2.4593661962e-16 0.0000000000e+00 -5.4566731882e-03
 
Elt 2
 1.2952096207e-02 -1.8422870451e-17 -9.7409685438e-17 
 -1.8422870451e-17 -1.1102230246e-16 1.5970766754e-16 
 -9.7409685438e-17 1.5970766754e-16 -5.4566731882e-03
 
Elt 1
 1.3486637917e-02 0.0000000000e+00 -1.4107954873e-16 
 0.0000000000e+00 0.0000000000e+00 0.0000000000e+00 
 -1.4107954873e-16 0.0000000000e+00 -5.8724284620e-03
 
Elt 2
 1.3486637917e-02 -1.5119842712e-17 -1.0861313876e-16 
 -1.5119842712e-17 -1.1102230246e-16 1.5273652410e-16 
 -1.0861313876e-16 1.5273652410e-16 -5.8724284620e-03
 
Elt 1
 1.4020670996e-02 0.0000000000e+00 8.5442685899e-17 
 0.0000000000e+00 0.0000000000e+00 0.0000000000e+00 
 8.5442685899e-17 0.0000000000e+00 -6.2488179685e-03
 
Elt 2
 1.4020670996e-02 -1.7487874542e-17 1.3457372608e-16 
 -1.7487874542e-17 -3.3306690739e-16 1.3877697492e-16 
 1.3457372608e-16 1.3877697492e-16 -6.2488179685e-03
 
Elt 1
 1.4554239361e-02 1.0987747118e-16 2.0736754785e-16 
 1.0987747118e-16 8.2952178908e-31 -1.7825366480e-32 
 2.0736754785e-16 -1.7825366480e-32 -6.4204506379e-03
 
Elt 2
 1.4554239361e-02 6.0073859121e-17 3.4882767232e-16 
 6.0073859121e-17 -3.7257313041e-30 1.5972754485e-16 
 3.4882767232e-16 1.5972754485e-16 -6.4204506379e-03
 
Elt 1
 1.5087450222e-02 0.0000000000e+00 7.1709813234e-17 
 0.0000000000e+00 0.0000000000e+00 0.0000000000e+00 
 7.1709813234e-17 0.0000000000e+00 -6.4612421969e-03
 
Elt 2
 1.5087450222e-02 -3.7757196664e-17 8.6619137158e-17 
 -3.7757196664e-17 -1.1102230246e-16 1.6671220983e-16 
 8.6619137158e-17 1.6671220983e-16 -6.4612421969e-03
 
Elt 1
 1.5620349650e-02 0.0000000000e+00 -6.1131444835e-17 
 0.0000000000e+00 0.0000000000e+00 0.0000000000e+00 
 -6.1131444835e-17 0.0000000000e+00 -6.5963130319e-03
 
Elt 2
 1.5620349650e-02 -1.7964439876e-17 -2.5324680466e-17 
 -1.7964439876e-17 -2.2204460493e-16 1.5274640300e-16 
 -2.5324680466e-17 1.5274640300e-16 -6.5963130319e-03
 
Elt 1
 1.6152870413e-02 0.0000000000e+00 -1.9219043905e-16 
 0.0000000000e+00 0.0000000000e+00 0.0000000000e+00 
 -1.9219043905e-16 0.0000000000e+00 -6.9390379218e-03
 
Elt 2
 1.6152870413e-02 7.6832436990e-17 -2.4642770675e-16 
 7.6832436990e-17 -1.1102230246e-16 1.5973822795e-16 
 -2.4642770675e-16 1.5973822795e-16 -6.9390379218e-03
 
Elt 1
 1.6684911939e-02 0.0000000000e+00 -1.7999809390e-16 
 0.0000000000e+00 0.0000000000e+00 0.0000000000e+00 
 -1.7999809390e-16 0.0000000000e+00 -7.3602727350e-03
 
Elt 2
 1.6684911939e-02 -2.5230001678e-17 -2.8499239128e-17 
 -2.5230001678e-17 -1.1102230246e-16 1.6673699050e-16 
 -2.8499239128e-17 1.6673699050e-16 -7.3602727350e-03
 
Elt 1
 1.7216458166e-02 -1.1086182790e-16 0.0000000000e+00 
 -1.1086182790e-16 7.1387185254e-31 0.0000000000e+00 
 0.0000000000e+00 0.0000000000e+00 -7.6408912130e-03
 
Elt 2
 1.7216458166e-02 -5.7324067742e-18 -6.5331235852e-17 
 -5.7324067742e-18 -3.3306690739e-16 1.5276062425e-16 
 -6.5331235852e-17 1.5276062425e-16 -7.6408912130e-03
 
Elt 1
 1.7747595806e-02 1.1034122118e-16 1.4147871269e-16 
 1.1034122118e-16 6.8601884016e-31 -8.9939984513e-33 
 1.4147871269e-16 -8.9939984513e-33 -7.7275177018e-03
 
Elt 2
 1.7747595806e-02 -5.5635116028e-17 1.7775713142e-16 
 -5.5635116028e-17 -3.7318306780e-30 1.7373975914e-16 
 1.7775713142e-16 1.7373975914e-16 -7.7275177018e-03
 
Elt 1
 1.8278413002e-02 0.0000000000e+00 1.8881733191e-16 
 0.0000000000e+00 0.0000000000e+00 0.0000000000e+00 
 1.8881733191e-16 0.0000000000e+00 -7.7929907528e-03
 
Elt 2
 1.8278413002e-02 2.4088460352e-17 3.0765617373e-16 
 2.4088460352e-17 -3.2432381542e-30 1.5975580073e-16 
 3.0765617373e-16 1.5975580073e-16 -7.7929907528e-03
 
Elt 1
 1.8808897460e-02 -1.6705656822e-16 1.0511916205e-16 
 -1.6705656822e-16 -2.2204460493e-16 1.7488507489e-32 
 1.0511916205e-16 1.7488507489e-32 -8.0330713262e-03
 
Elt 2
 1.8808897460e-02 -4.6630394091e-17 2.6712748406e-17 
 -4.6630394091e-17 -3.3306690739e-16 1.4577116932e-16 
 2.6712748406e-17 1.4577116932e-16 -8.0330713262e-03
 
Elt 1
 1.9338952485e-02 -1.0735275160e-16 -7.5142042646e-17 
 -1.0735275160e-16 5.9592748294e-31 -1.2466635784e-32 
 -7.5142042646e-17 -1.2466635784e-32 -8.4382172028e-03
 
Elt 2
 1.9338952485e-02 -1.1969685684e-16 -1.2761080575e-16 
 -1.1969685684e-16 -1.1102230246e-16 1.6676667313e-16 
 -1.2761080575e-16 1.6676667313e-16 -8.4382172028e-03
 
Elt 1
 1.9868511123e-02 1.6764443671e-16 -1.8365525334e-16 
 1.6764443671e-16 -2.2204460493e-16 2.3953103222e-32 
 -1.8365525334e-16 2.3953103222e-32 -8.8066570720e-03
 
Elt 2
 1.9868511123e-02 -3.8222509653e-17 -4.8462014794e-17 
 -3.8222509653e-17 -2.2204460493e-16 1.4577626597e-16 
 -4.8462014794e-17 1.4577626597e-16 -8.8066570720e-03
 
Elt 1
 2.0397614374e-02 -1.0870032540e-16 -1.3518785846e-16 
 -1.0870032540e-16 5.7927169943e-31 -1.7028218017e-32 
 -1.3518785846e-16 -1.7028218017e-32 -8.9814464277e-03
 
Elt 2
 2.0397614374e-02 -1.6275184940e-16 -1.3621263872e-16 
 -1.6275184940e-16 -1.3002514150e-30 1.5277881588e-16 
 -1.3621263872e-16 1.5277881588e-16 -8.9814464277e-03
 
Elt 1
 2.0926362779e-02 -1.6727709441e-16 0.0000000000e+00 
 -1.6727709441e-16 -2.2204460493e-16 0.0000000000e+00 
 0.0000000000e+00 0.0000000000e+00 -9.0329435224e-03
 
Elt 2
 2.0926362779e-02 -7.5291217090e-17 8.6460317931e-17 
 -7.5291217090e-17 -1.1102230246e-16 1.5978127465e-16 
 8.6460317931e-17 1.5978127465e-16 -9.0329435224e-03
 
Elt 1
 2.1454799248e-02 1.0957021572e-16 1.1725369652e-16 
 1.0957021572e-16 5.5957793103e-31 -7.5600957300e-33 
 1.1725369652e-16 -7.5600957300e-33 -9.1745826106e-03
 
Elt 2
 2.1454799248e-02 -1.4468694153e-16 1.0944421845e-16 
 -1.4468694153e-16 -3.3306690739e-16 1.7378968144e-16 
 1.0944421845e-16 1.7378968144e-16 -9.1745826106e-03
 
Elt 1
 2.1982860310e-02 -1.6595996811e-16 9.2560907562e-17 
 -1.6595996811e-16 -2.2204460493e-16 1.5035285524e-32 
 9.2560907562e-17 1.5035285524e-32 -9.5125021515e-03
 
Elt 2
 2.1982860310e-02 -8.5122824586e-17 7.5217466152e-17 
 -8.5122824586e-17 -3.3306690739e-16 1.5979111347e-16 
 7.5217466152e-17 1.5979111347e-16 -9.5125021515e-03
 
Elt 1
 2.2510451948e-02 1.0996313701e-16 6.2533297428e-17 
 1.0996313701e-16 5.3716786888e-31 -3.2415138648e-33 
 6.2533297428e-17 -3.2415138648e-33 -9.9226294010e-03
 
Elt 2
 2.2510451948e-02 -1.1293159495e-16 1.4208667379e-16 
 -1.1293159495e-16 -1.1102230246e-16 1.5279154820e-16 
 1.4208667379e-16 1.5279154820e-16 -9.9226294010e-03
 
Elt 1
 2.3037560257e-02 1.0742268528e-16 -6.5200057613e-17 
 1.0742268528e-16 -1.1102230246e-16 1.0490282670e-32 
 -6.5200057613e-17 1.0490282670e-32 -1.0197831514e-02
 
Elt 2
 2.3037560257e-02 -5.8224018957e-17 -5.2017181675e-17 
 -5.8224018957e-17 -2.8157434398e-30 1.7382495328e-16 
 -5.2017181675e-17 1.7382495328e-16 -1.0197831514e-02
 
Elt 1
 2.3564267315e-02 0.0000000000e+00 -1.2794722410e-16 
 0.0000000000e+00 0.0000000000e+00 0.0000000000e+00 
 -1.2794722410e-16 0.0000000000e+00 -1.0290664643e-02
 
Elt 2
 2.3564267315e-02 -6.4805052458e-17 -9.3983567371e-17 
 -6.4805052458e-17 -1.1102230246e-16 1.5980706274e-16 
 -9.3983567371e-17 1.5980706274e-16 -1.0290664643e-02
 
Elt 1
 2.4090654883e-02 2.7548379721e-16 -6.8136638580e-17 
 2.7548379721e-16 -3.3306690739e-16 1.5474616890e-32 
 -6.8136638580e-17 1.5474616890e-32 -1.0367222817e-02
 
Elt 2
 2.4090654883e-02 1.7928556519e-17 1.1165018319e-16 
 1.7928556519e-17 -2.2204460493e-16 1.4578647171e-16 
 1.1165018319e-16 1.4578647171e-16 -1.0367222817e-02
 
Elt 1
 2.4616709557e-02 1.0932015096e-16 0.0000000000e+00 
 1.0932015096e-16 4.8547899461e-31 0.0000000000e+00 
 0.0000000000e+00 0.0000000000e+00 -1.0610970852e-02
 
Elt 2
 2.4616709557e-02 -2.9504950099e-17 -1.4517429110e-17 
 -2.9504950099e-17 -3.3306690739e-16 1.4578805661e-16 
 -1.4517429110e-17 1.4578805661e-16 -1.0610970852e-02
 
Elt 1
 2.5142340110e-02 -1.0886305904e-16 9.9549853783e-17 
 -1.0886305904e-16 -1.1102230246e-16 8.4893959559e-33 
 9.9549853783e-17 8.4893959559e-33 -1.1007983433e-02
 
Elt 2
 2.5142340110e-02 -4.6061240094e-17 5.5760843503e-17 
 -4.6061240094e-17 -1.1102230246e-16 1.4579063277e-16 
 5.5760843503e-17 1.4579063277e-16 -1.1007983433e-02
 
Elt 1
 2.5667485639e-02 0.0000000000e+00 0.0000000000e+00 
 0.0000000000e+00 0.0000000000e+00 0.0000000000e+00 
 0.0000000000e+00 0.0000000000e+00 -1.1365138798e-02
 
Elt 2
 2.5667485639e-02 1.4637500318e-16 1.7354641882e-16 
 1.4637500318e-16 -1.1102230246e-16 1.5982905300e-16 
 1.7354641882e-16 1.5982905300e-16 -1.1365138798e-02
 
Elt 1
 2.6192187016e-02 0.0000000000e+00 0.0000000000e+00 
 0.0000000000e+00 0.0000000000e+00 0.0000000000e+00 
 0.0000000000e+00 0.0000000000e+00 -1.1537930724e-02
 
Elt 2
 2.6192187016e-02 -3.0120303154e-17 -5.6480254487e-17 
 -3.0120303154e-17 -1.1102230246e-16 1.6685184817e-16 
 -5.6480254487e-17 1.6685184817e-16 -1.1537930724e-02
 
Elt 1
 2.6716538486e-02 -1.0678073819e-16 -6.5344173138e-17 
 -1.0678073819e-16 4.2678156287e-31 -1.0046332124e-32 
 -6.5344173138e-17 -1.0046332124e-32 -1.1599123461e-02
 
Elt 2
 2.6716538486e-02 -3.2113183221e-17 4.3110397440e-17 
 -3.2113183221e-17 -3.3306690739e-16 1.5983383679e-16 
 4.3110397440e-17 1.5983383679e-16 -1.1599123461e-02
 
Elt 1
 2.7240577418e-02 0.0000000000e+00 -5.7939598447e-17 
 0.0000000000e+00 0.0000000000e+00 0.0000000000e+00 
 -5.7939598447e-17 0.0000000000e+00 -1.1751439364e-02
 
Elt 2
 2.7240577418e-02 -3.8317087864e-17 -9.0527920001e-17 
 -3.8317087864e-17 -2.3153011014e-30 1.6685770523e-16 
 -9.0527920001e-17 1.6685770523e-16 -1.1751439364e-02
 
Elt 1
 2.7764241815e-02 0.0000000000e+00 0.0000000000e+00 
 0.0000000000e+00 0.0000000000e+00 0.0000000000e+00 
 0.0000000000e+00 0.0000000000e+00 -1.2088792244e-02
 
Elt 2
 2.7764241815e-02 -7.3303644149e-17 8.5840875410e-17 
 -7.3303644149e-17 -2.2204460493e-16 1.4579761276e-16 
 8.5840875410e-17 1.4579761276e-16 -1.2088792244e-02
 
Elt 1
 2.8287444661e-02 -5.6529670267e-17 6.6066492348e-17 
 -5.6529670267e-17 -1.1102230246e-16 4.4499534533e-33 
 6.6066492348e-17 4.4499534533e-33 -1.2487208462e-02
 
Elt 2
 2.8287444661e-02 -3.3386133092e-17 -1.2742204414e-17 
 -3.3386133092e-17 -1.1102230246e-16 1.3877427153e-16 
 -1.2742204414e-17 1.3877427153e-16 -1.2487208462e-02
 
Elt 1
 2.8810176765e-02 0.0000000000e+00 8.3778816157e-17 
 0.0000000000e+00 0.0000000000e+00 0.0000000000e+00 
 8.3778816157e-17 0.0000000000e+00 -1.2752369700e-02
 
Elt 2
 2.8810176765e-02 -4.4181477195e-17 2.7845917720e-17 
 -4.4181477195e-17 -2.2204460493e-16 1.6688514626e-16 
 2.7845917720e-17 1.6688514626e-16 -1.2752369700e-02
 
Elt 1
 2.9332517196e-02 -1.0746659867e-16 0.0000000000e+00 
 -1.0746659867e-16 -1.1102230246e-16 0.0000000000e+00 
 0.0000000000e+00 0.0000000000e+00 -1.2848230599e-02
 
Elt 2
 2.9332517196e-02 1.1126197239e-16 1.5479500590e-16 
 1.1126197239e-16 -1.3959073577e-30 1.5283091643e-16 
 1.5479500590e-16 1.5283091643e-16 -1.2848230599e-02
 
Elt 1
 2.9854540178e-02 1.0937915306e-16 -6.8254189417e-17 
 1.0937915306e-16 -1.1102230246e-16 4.1452410491e-33 
 -6.8254189417e-17 4.1452410491e-33 -1.2937735645e-02
 
Elt 2
 2.9854540178e-02 -2.2466758146e-17 7.0799171108e-17 
 -2.2466758146e-17 -1.6262345273e-30 1.4580306123e-16 
 7.0799171108e-17 1.4580306123e-16 -1.2937735645e-02
 
Elt 1
 3.0376228725e-02 2.7653998596e-16 -8.1390247367e-17 
 2.7653998596e-16 -3.3306690739e-16 2.4414473266e-32 
 -8.1390247367e-17 2.4414473266e-32 -1.3189648399e-02
 
Elt 2
 3.0376228725e-02 4.0502354606e-17 -5.7332545065e-17 
 4.0502354606e-17 -2.2204460493e-16 1.5283549007e-16 
 -5.7332545065e-17 1.5283549007e-16 -1.3189648399e-02
 
Elt 1
 3.0897496199e-02 -1.0976995739e-16 0.0000000000e+00 
 -1.0976995739e-16 3.8998122914e-31 0.0000000000e+00 
 0.0000000000e+00 0.0000000000e+00 -1.3580262747e-02
 
Elt 2
 3.0897496199e-02 5.3190008992e-17 9.1316557124e-17 
 5.3190008992e-17 -1.1102230246e-16 1.5284071745e-16 
 9.1316557124e-17 1.5284071745e-16 -1.3580262747e-02
 
Elt 1
 3.1418289430e-02 -1.0813205579e-16 0.0000000000e+00 
 -1.0813205579e-16 -1.1102230246e-16 0.0000000000e+00 
 0.0000000000e+00 0.0000000000e+00 -1.3923130924e-02
 
Elt 2
 3.1418289430e-02 -3.1096804772e-17 -7.9429742184e-18 
 -3.1096804772e-17 -2.2204460493e-16 1.5988125462e-16 
 -7.9429742184e-18 1.5988125462e-16 -1.3923130924e-02
 
Elt 1
 3.1938651333e-02 0.0000000000e+00 0.0000000000e+00 
 0.0000000000e+00 0.0000000000e+00 0.0000000000e+00 
 0.0000000000e+00 0.0000000000e+00 -1.4089826525e-02
 
Elt 2
 3.1938651333e-02 -2.0825851710e-17 1.5474866613e-17 
 -2.0825851710e-17 2.2204460493e-16 1.4581040730e-16 
 1.5474866613e-17 1.4581040730e-16 -1.4089826525e-02
 
Elt 1
 3.2458669967e-02 0.0000000000e+00 0.0000000000e+00 
 0.0000000000e+00 0.0000000000e+00 0.0000000000e+00 
 0.0000000000e+00 0.0000000000e+00 -1.4160314163e-02
 
Elt 2
 3.2458669967e-02 -3.1644102400e-17 -1.2857719802e-17 
 -3.1644102400e-17 -2.2204460493e-16 1.5284846955e-16 
 -1.2857719802e-17 1.5284846955e-16 -1.4160314163e-02
 
Elt 1
 3.2978375168e-02 0.0000000000e+00 0.0000000000e+00 
 0.0000000000e+00 0.0000000000e+00 0.0000000000e+00 
 0.0000000000e+00 0.0000000000e+00 -1.4326883325e-02
 
Elt 2
 3.2978375168e-02 7.7520101174e-17 1.3361480023e-16 
 7.7520101174e-17 -1.4485124981e-30 1.5285069337e-16 
 1.3361480023e-16 1.5285069337e-16 -1.4326883325e-02
 
Elt 1
 3.3497704743e-02 0.0000000000e+00 0.0000000000e+00 
 0.0000000000e+00 0.0000000000e+00 0.0000000000e+00 
 0.0000000000e+00 0.0000000000e+00 -1.4666813574e-02
 
Elt 2
 3.3497704743e-02 -3.6461171185e-17 1.0076294465e-16 
 -3.6461171185e-17 -1.1102230246e-16 1.5285522849e-16 
 1.0076294465e-16 1.5285522849e-16 -1.4666813574e-02
 
Elt 1
 3.4016579267e-02 0.0000000000e+00 0.0000000000e+00 
 0.0000000000e+00 0.0000000000e+00 0.0000000000e+00 
 0.0000000000e+00 0.0000000000e+00 -1.5052491925e-02
 
Elt 2
 3.4016579267e-02 -2.1298366711e-17 -1.3490329860e-17 
 -2.1298366711e-17 -2.2204460493e-16 1.4581650317e-16 
 -1.3490329860e-17 1.4581650317e-16 -1.5052491925e-02
 
Elt 1
 3.4534996326e-02 0.0000000000e+00 0.0000000000e+00 
 0.0000000000e+00 0.0000000000e+00 0.0000000000e+00 
 0.0000000000e+00 0.0000000000e+00 -1.5303737718e-02
 
Elt 2
 3.4534996326e-02 2.9213180973e-17 -1.1594383524e-16 
 2.9213180973e-17 -4.4408920985e-16 1.5990934100e-16 
 -1.1594383524e-16 1.5990934100e-16 -1.5303737718e-02
 
Elt 1
 3.5053033020e-02 -5.8375026512e-17 0.0000000000e+00 
 -5.8375026512e-17 -1.1102230246e-16 0.0000000000e+00 
 0.0000000000e+00 0.0000000000e+00 -1.5400545569e-02
 
Elt 2
 3.5053033020e-02 -4.0368628350e-17 1.4557583079e-17 
 -4.0368628350e-17 -2.2204460493e-16 1.5286500287e-16 
 1.4557583079e-17 1.5286500287e-16 -1.5400545569e-02
 
Elt 1
 3.5570754879e-02 -1.1057611900e-16 0.0000000000e+00 
 -1.1057611900e-16 3.4373962919e-31 0.0000000000e+00 
 0.0000000000e+00 0.0000000000e+00 -1.5505056989e-02
 
Elt 2
 3.5570754879e-02 -3.5290617860e-17 2.0658341685e-17 
 -3.5290617860e-17 -1.4721171659e-30 1.5286639350e-16 
 2.0658341685e-17 1.5286639350e-16 -1.5505056989e-02
 
Elt 1
 3.6088139438e-02 0.0000000000e+00 0.0000000000e+00 
 0.0000000000e+00 0.0000000000e+00 0.0000000000e+00 
 0.0000000000e+00 0.0000000000e+00 -1.5768679421e-02
 
Elt 2
 3.6088139438e-02 -3.1783120051e-17 3.4490973660e-17 
 -3.1783120051e-17 -1.5938320460e-30 1.5991878566e-16 
 3.4490973660e-17 1.5991878566e-16 -1.5768679421e-02
 
Elt 1
 3.6605104299e-02 0.0000000000e+00 0.0000000000e+00 
 0.0000000000e+00 0.0000000000e+00 0.0000000000e+00 
 0.0000000000e+00 0.0000000000e+00 -1.6153599189e-02
 
Elt 2
 3.6605104299e-02 1.6169536515e-17 -5.9385133057e-17 
 1.6169536515e-17 -4.4408920985e-16 1.5287501393e-16 
 -5.9385133057e-17 1.5287501393e-16 -1.6153599189e-02
 
Elt 1
 3.7121605558e-02 0.0000000000e+00 0.0000000000e+00 
 0.0000000000e+00 0.0000000000e+00 0.0000000000e+00 
 0.0000000000e+00 0.0000000000e+00 -1.6479260972e-02
 
Elt 2
 3.7121605558e-02 -2.5193722924e-17 -1.6514088275e-17 
 -2.5193722924e-17 -1.1102230246e-16 1.5993320663e-16 
 -1.6514088275e-17 1.5993320663e-16 -1.6479260972e-02
 
Elt 1
 3.7637689691e-02 -1.0864419719e-16 0.0000000000e+00 
 -1.0864419719e-16 3.1361015196e-31 0.0000000000e+00 
 0.0000000000e+00 0.0000000000e+00 -1.6636895175e-02
 
Elt 2
 3.7637689691e-02 4.0016790808e-17 -5.6526083439e-17 
 4.0016790808e-17 -5.5511151231e-16 1.7404635501e-16 
 -5.6526083439e-17 1.7404635501e-16 -1.6636895175e-02
 
Elt 1
 3.8153438257e-02 0.0000000000e+00 0.0000000000e+00 
 0.0000000000e+00 0.0000000000e+00 0.0000000000e+00 
 0.0000000000e+00 0.0000000000e+00 -1.6717174045e-02
 
Elt 2
 3.8153438257e-02 -3.4008198939e-17 -2.9270242770e-18 
 -3.4008198939e-17 -2.2204460493e-16 1.4582695337e-16 
 -2.9270242770e-18 1.4582695337e-16 -1.6717174045e-02
 
Elt 1
 3.8668871875e-02 1.0303457254e-16 0.0000000000e+00 
 1.0303457254e-16 2.7453925144e-31 0.0000000000e+00 
 0.0000000000e+00 0.0000000000e+00 -1.6901183814e-02
 
Elt 2
 3.8668871875e-02 -2.7404076847e-17 -5.2539762600e-17 
 -2.7404076847e-17 -4.4408920985e-16 1.4582810143e-16 
 -5.2539762600e-17 1.4582810143e-16 -1.6901183814e-02
 
Elt 1
 3.9183927178e-02 1.0875724537e-16 0.0000000000e+00 
 1.0875724537e-16 -1.1102230246e-16 0.0000000000e+00 
 0.0000000000e+00 0.0000000000e+00 -1.7245582723e-02
 
Elt 2
 3.9183927178e-02 -2.4157029146e-17 2.1037917698e-16 
 -2.4157029146e-17 -1.1102230246e-16 1.5288949344e-16 
 2.1037917698e-16 1.5288949344e-16 -1.7245582723e-02
 
Elt 1
 0.0000000000e+00 0.0000000000e+00 0.0000000000e+00 
 0.0000000000e+00 0.0000000000e+00 0.0000000000e+00 
 0.0000000000e+00 0.0000000000e+00 0.0000000000e+00
 
Elt 2
 0.0000000000e+00 0.0000000000e+00 0.0000000000e+00 
 0.0000000000e+00 0.0000000000e+00 0.0000000000e+00 
 0.0000000000e+00 0.0000000000e+00 0.0000000000e+00
 
Elt 1
 0.0000000000e+00 0.0000000000e+00 0.0000000000e+00 
 0.0000000000e+00 0.0000000000e+00 0.0000000000e+00 
 0.0000000000e+00 0.0000000000e+00 0.0000000000e+00
 
Elt 2
 -1.8242684906e-16 -8.6456848471e-17 1.1891555708e-16 
 -8.6456848471e-17 -3.9667047532e-16 1.4210737466e-16 
 1.1891555708e-16 1.4210737466e-16 -3.0908109532e-16
 
Elt 1
 5.4451286104e-04 8.0682418736e-18 0.0000000000e+00 
 8.0682418736e-18 -4.6191656275e-05 0.0000000000e+00 
 0.0000000000e+00 0.0000000000e+00 -4.6191656275e-05
 
Elt 2
 5.4451286104e-04 -6.5707385766e-17 9.0250384122e-17 
 -6.5707385766e-17 -4.6191656275e-05 -7.1987636121e-17 
 9.0250384122e-17 -7.1987636121e-17 -4.6191656275e-05
 
Elt 1
 1.0886841706e-03 1.9272547861e-17 0.0000000000e+00 
 1.9272547861e-17 -2.7987642845e-04 0.0000000000e+00 
 0.0000000000e+00 0.0000000000e+00 -2.7987642845e-04
 
Elt 2
 1.0886841706e-03 2.1040688038e-16 1.2495351393e-16 
 2.1040688038e-16 -2.7987642845e-04 -1.3051083651e-17 
 1.2495351393e-16 -1.3051083651e-17 -2.7987642845e-04
 
Elt 1
 1.6324186229e-03 -1.1741154136e-16 0.0000000000e+00 
 -1.1741154136e-16 -5.8711698151e-04 0.0000000000e+00 
 0.0000000000e+00 0.0000000000e+00 -5.8711698151e-04
 
Elt 2
 1.6324186229e-03 -9.0846690869e-17 1.3883049177e-16 
 -9.0846690869e-17 -5.8711698151e-04 1.9418060909e-16 
 1.3883049177e-16 1.9423481920e-16 -5.8711698151e-04
 
Elt 1
 2.1757045634e-03 2.6738151729e-16 0.0000000000e+00 
 2.6738151729e-16 -7.4121168227e-04 0.0000000000e+00 
 0.0000000000e+00 0.0000000000e+00 -7.4121168227e-04
 
Elt 2
 2.1757045634e-03 -9.4527117214e-18 1.5289278237e-16 
 -9.4527117214e-18 -7.4121168227e-04 5.3884847973e-17 
 1.5289278237e-16 5.3939058081e-17 -7.4121168227e-04
 
Elt 1
 2.7186311912e-03 3.9361017789e-18 0.0000000000e+00 
 3.9361017789e-18 -7.5939460703e-04 0.0000000000e+00 
 0.0000000000e+00 0.0000000000e+00 -7.5939460703e-04
 
Elt 2
 2.7186311912e-03 7.6717289712e-17 6.9748755245e-17 
 7.6717289712e-17 -7.5939460703e-04 3.3583162293e-17 
 6.9748755245e-17 3.3556057238e-17 -7.5939460703e-04
 
Elt 1
 3.2612478173e-03 -1.2245521097e-17 0.0000000000e+00 
 -1.2245521097e-17 -8.7102965121e-04 0.0000000000e+00 
 0.0000000000e+00 0.0000000000e+00 -8.7102965121e-04
 
Elt 2
 3.2612478173e-03 4.4609583631e-17 6.2814639427e-17 
 4.4609583631e-17 -8.7102965121e-04 9.2699285748e-17 
 6.2814639427e-17 9.2699285748e-17 -8.7102965121e-04
 
Elt 1
 3.8034884531e-03 -4.7683694021e-17 0.0000000000e+00 
 -4.7683694021e-17 -1.1543988179e-03 0.0000000000e+00 
 0.0000000000e+00 0.0000000000e+00 -1.1543988179e-03
 
Elt 2
 3.8034884531e-03 -3.1611373516e-17 0.0000000000e+00 
 -3.1611373516e-17 -1.1543988179e-03 0.0000000000e+00 
 0.0000000000e+00 0.0000000000e+00 -1.1543988179e-03
 
Elt 1
 4.3452783911e-03 3.6198908872e-17 -2.1684294502e-21 
 3.6198908872e-17 -1.4170026579e-03 -6.9009468279e-17 
 -2.1684294502e-21 -6.8955258170e-17 -1.4170026579e-03
 
Elt 2
 4.3452783911e-03 -5.3501056811e-17 -2.6853504325e-17 
 -5.3501056811e-17 -1.4170026579e-03 -1.3324844700e-16 
 -2.6853504325e-17 -1.3324844700e-16 -1.4170026579e-03
 
Elt 1
 4.8866521783e-03 2.0991988566e-16 -4.6987373633e-17 
 2.0991988566e-16 -1.5027106271e-03 -3.8191021526e-17 
 -4.6987373633e-17 -3.8245231634e-17 -1.5027106271e-03
 
Elt 2
 4.8866521783e-03 -1.0741057207e-17 -9.5965095371e-17 
 -1.0741057207e-17 -1.5027106271e-03 -6.0119010464e-17 
 -9.5965095371e-17 -6.0010590247e-17 -1.5027106271e-03
 
Elt 1
 5.4276979261e-03 -1.9770492267e-17 0.0000000000e+00 
 -1.9770492267e-17 -1.5357260160e-03 0.0000000000e+00 
 0.0000000000e+00 0.0000000000e+00 -1.5357260160e-03
 
Elt 2
 5.4276979261e-03 -6.5091558052e-17 4.5081986180e-20 
 -6.5091558052e-17 -1.5357260160e-03 1.1091388225e-16 
 4.5081986180e-20 1.1091388225e-16 -1.5357260160e-03
 
Elt 1
 5.9684189355e-03 4.4764240724e-17 -2.2550462830e-17 
 4.4764240724e-17 -1.7202623525e-03 7.6653093595e-17 
 -2.2550462830e-17 7.6707303703e-17 -1.7202623525e-03
 
Elt 2
 5.9684189355e-03 7.2855345390e-17 1.1140555755e-16 
 7.2855345390e-17 -1.7202623525e-03 5.4318528842e-17 
 1.1140555755e-16 5.4426949059e-17 -1.7202623525e-03
 
Elt 1
 6.5087311726e-03 -1.4312963803e-16 0.0000000000e+00 
 -1.4312963803e-16 -2.0183745469e-03 0.0000000000e+00 
 0.0000000000e+00 0.0000000000e+00 -2.0183745469e-03
 
Elt 2
 6.5087311726e-03 2.3381448917e-17 6.3425969331e-17 
 2.3381448917e-17 -2.0183745469e-03 1.4354836764e-16 
 6.3425969331e-17 1.4343994742e-16 -2.0183745469e-03
 
Elt 1
 7.0485978401e-03 7.2558188760e-17 0.0000000000e+00 
 7.2558188760e-17 -2.2143783066e-03 0.0000000000e+00 
 0.0000000000e+00 0.0000000000e+00 -2.2143783066e-03
 
Elt 2
 7.0485978401e-03 1.8672104107e-17 -7.9617585651e-22 
 1.8672104107e-17 -2.2143783066e-03 5.9739539704e-17 
 -7.9617585651e-22 5.9739539704e-17 -2.2143783066e-03
 
Elt 1
 7.5880869001e-03 -7.2227337744e-17 0.0000000000e+00 
 -7.2227337744e-17 -2.2572951418e-03 0.0000000000e+00 
 0.0000000000e+00 0.0000000000e+00 -2.2572951418e-03
 
Elt 2
 7.5880869001e-03 2.0313546603e-17 4.2829498240e-17 
 2.0313546603e-17 -2.2572951418e-03 6.9876830017e-17 
 4.2829498240e-17 6.9931040125e-17 -2.2572951418e-03
 
Elt 1
 8.1272628932e-03 3.4784646940e-17 0.0000000000e+00 
 3.4784646940e-17 -2.3376540765e-03 0.0000000000e+00 
 0.0000000000e+00 0.0000000000e+00 -2.3376540765e-03
 
Elt 2
 8.1272628932e-03 2.0436402998e-17 0.0000000000e+00 
 2.0436402998e-17 -2.3376540765e-03 0.0000000000e+00 
 0.0000000000e+00 0.0000000000e+00 -2.3376540765e-03
 
Elt 1
 8.6660864474e-03 -5.9433792860e-18 0.0000000000e+00 
 -5.9433792860e-18 -2.5830889060e-03 0.0000000000e+00 
 0.0000000000e+00 0.0000000000e+00 -2.5830889060e-03
 
Elt 2
 8.6660864474e-03 1.8938670837e-17 1.4603918946e-16 
 1.8938670837e-17 -2.5830889060e-03 1.6935237934e-16 
 1.4603918946e-16 1.6935237934e-16 -2.5830889060e-03
 
Elt 1
 9.2044792439e-03 -3.6142222981e-18 0.0000000000e+00 
 -3.6142222981e-18 -2.8586526182e-03 0.0000000000e+00 
 0.0000000000e+00 0.0000000000e+00 -2.8586526182e-03
 
Elt 2
 9.2044792439e-03 1.2665641118e-16 8.3998091665e-17 
 1.2665641118e-16 -2.8586526182e-03 8.6302492930e-17 
 8.3998091665e-17 8.6194072713e-17 -2.8586526182e-03
 
Elt 1
 9.7424488813e-03 -3.6114391140e-17 0.0000000000e+00 
 -3.6114391140e-17 -2.9846050113e-03 0.0000000000e+00 
 0.0000000000e+00 0.0000000000e+00 -2.9846050113e-03
 
Elt 2
 9.7424488813e-03 -2.2421757198e-17 -1.0856212896e-16 
 -2.2421757198e-17 -2.9846050113e-03 -1.1622647289e-16 
 -1.0856212896e-16 -1.1622647289e-16 -2.9846050113e-03
 
Elt 1
 1.0280075828e-02 -2.0853454765e-17 0.0000000000e+00 
 -2.0853454765e-17 -3.0203886583e-03 0.0000000000e+00 
 0.0000000000e+00 0.0000000000e+00 -3.0203886583e-03
 
Elt 2
 1.0280075828e-02 -7.8335907189e-17 1.3932326451e-16 
 -7.8335907189e-17 -3.0203886583e-03 5.4860629928e-17 
 1.3932326451e-16 5.4860629928e-17 -3.0203886583e-03
 
Elt 1
 1.0817385981e-02 -1.0775604595e-16 0.0000000000e+00 
 -1.0775604595e-16 -3.1662009083e-03 0.0000000000e+00 
 0.0000000000e+00 0.0000000000e+00 -3.1662009083e-03
 
Elt 2
 1.0817385981e-02 -1.2928919578e-16 1.3978519322e-16 
 -1.2928919578e-16 -3.1662009083e-03 2.7755575616e-17 
 1.3978519322e-16 2.7863995833e-17 -3.1662009083e-03
 
Elt 1
 1.1354311872e-02 2.7277502867e-16 0.0000000000e+00 
 2.7277502867e-16 -3.4444848920e-03 0.0000000000e+00 
 0.0000000000e+00 0.0000000000e+00 -3.4444848920e-03
 
Elt 2
 1.1354311872e-02 -6.4031777026e-18 0.0000000000e+00 
 -6.4031777026e-18 -3.4444848920e-03 0.0000000000e+00 
 0.0000000000e+00 0.0000000000e+00 -3.4444848920e-03
 
Elt 1
 1.1890801863e-02 -3.8576523169e-17 0.0000000000e+00 
 -3.8576523169e-17 -3.6680391434e-03 0.0000000000e+00 
 0.0000000000e+00 0.0000000000e+00 -3.6680391434e-03
 
Elt 2
 1.1890801863e-02 -3.9788601381e-17 1.8793344684e-16 
 -3.9788601381e-17 -3.6680391434e-03 -5.4860629928e-17 
 1.8793344684e-16 -5.4643789493e-17 -3.6680391434e-03
 
Elt 1
 1.2426902034e-02 -3.4378611833e-18 0.0000000000e+00 
 -3.4378611833e-18 -3.7397738297e-03 0.0000000000e+00 
 0.0000000000e+00 0.0000000000e+00 -3.7397738297e-03
 
Elt 2
 1.2426902034e-02 -2.8611675966e-17 8.3953542734e-17 
 -2.8611675966e-17 -3.7397738297e-03 7.5026790336e-17 
 8.3953542734e-17 7.5026790336e-17 -3.7397738297e-03
 
Elt 1
 1.2962682143e-02 -2.7708220603e-17 -9.5905686133e-17 
 -2.7708220603e-17 -3.8041831994e-03 5.6486933186e-17 
 -9.5905686133e-17 5.6486933186e-17 -3.8041831994e-03
 
Elt 2
 1.2962682143e-02 1.2136116565e-16 -1.5687371783e-16 
 1.2136116565e-16 -3.8041831994e-03 1.0581813203e-16 
 -1.5687371783e-16 1.0581813203e-16 -3.8041831994e-03
 
Elt 1
 1.3498125828e-02 -5.6817615730e-17 -8.0417411217e-17 
 -5.6817615730e-17 -4.0142529879e-03 4.1850203858e-17 
 -8.0417411217e-17 4.1850203858e-17 -4.0142529879e-03
 
Elt 2
 1.3498125828e-02 -8.0424854859e-17 -1.8399751811e-16 
 -8.0424854859e-17 -4.0142529879e-03 8.3212516738e-18 
 -1.8399751811e-16 8.3212516738e-18 -4.0142529879e-03
 
Elt 1
 1.4033159127e-02 -4.4878356016e-17 0.0000000000e+00 
 -4.4878356016e-17 -4.2893551291e-03 0.0000000000e+00 
 0.0000000000e+00 0.0000000000e+00 -4.2893551291e-03
 
Elt 2
 1.4033159127e-02 -6.1123352081e-17 1.8076182478e-16 
 -6.1123352081e-17 -4.2893551291e-03 2.7484525073e-17 
 1.8076182478e-16 2.7538735181e-17 -4.2893551291e-03
 
Elt 1
 1.4567769434e-02 -1.7285182123e-16 1.0437746161e-16 
 -1.7285182123e-16 -4.4475087182e-03 -5.9414279052e-17 
 1.0437746161e-16 -5.9414279052e-17 -4.4475087182e-03
 
Elt 2
 1.4567769434e-02 -1.2519393297e-16 0.0000000000e+00 
 -1.2519393297e-16 -4.4475087182e-03 0.0000000000e+00 
 0.0000000000e+00 0.0000000000e+00 -4.4475087182e-03
 
Elt 1
 1.5102024868e-02 -8.1219435701e-17 1.0076060336e-16 
 -8.1219435701e-17 -4.4954049005e-03 -4.8572257327e-17 
 1.0076060336e-16 -4.8572257327e-17 -4.4954049005e-03
 
Elt 2
 1.5102024868e-02 -1.1183572748e-16 2.5106997017e-16 
 -1.1183572748e-16 -4.4954049005e-03 2.5695591488e-17 
 2.5106997017e-16 2.5695591488e-17 -4.4954049005e-03
 
Elt 1
 1.5635965573e-02 -1.1627075151e-16 -4.5233168783e-17 
 -1.1627075151e-16 -4.6140241803e-03 7.0256300777e-17 
 -4.5233168783e-17 7.0256300777e-17 -4.6140241803e-03
 
Elt 2
 1.5635965573e-02 1.3438287237e-16 1.1809611481e-16 
 1.3438287237e-16 -4.6140241803e-03 1.0711917464e-16 
 1.1809611481e-16 1.0668549377e-16 -4.6140241803e-03
 
Elt 1
 1.6169541605e-02 -3.6654991757e-17 -1.4463051301e-16 
 -3.6654991757e-17 -4.8684463539e-03 1.1058862159e-16 
 -1.4463051301e-16 1.1015494072e-16 -4.8684463539e-03
 
Elt 2
 1.6169541605e-02 -6.9620735984e-17 -1.6381570199e-16 
 -6.9620735984e-17 -4.8684463539e-03 1.5655879371e-16 
 -1.6381570199e-16 1.5699247458e-16 -4.8684463539e-03
 
Elt 1
 1.6702694795e-02 -2.5963263582e-16 -1.1836903322e-16 
 -2.5963263582e-16 -5.1069696452e-03 -3.4477629085e-17 
 -1.1836903322e-16 -3.4477629085e-17 -5.1069696452e-03
 
Elt 2
 1.6702694795e-02 -5.7015502407e-17 6.2436661725e-17 
 -5.7015502407e-17 -5.1069696452e-03 6.2233204701e-17 
 6.2436661725e-17 6.2233204701e-17 -5.1069696452e-03
 
Elt 1
 1.7235451883e-02 1.1337006072e-16 1.5150670742e-21 
 1.1337006072e-16 -5.2061054076e-03 -6.2992146221e-17 
 1.5150670742e-21 -6.2883726004e-17 -5.2061054076e-03
 
Elt 2
 1.7235451883e-02 4.8655422963e-17 0.0000000000e+00 
 4.8655422963e-17 -5.2061054076e-03 0.0000000000e+00 
 0.0000000000e+00 0.0000000000e+00 -5.2061054076e-03
 
Elt 1
 1.7767881057e-02 9.4880123821e-17 1.6038929690e-16 
 9.4880123821e-17 -5.2658980698e-03 -4.0982842120e-17 
 1.6038929690e-16 -4.0766001685e-17 -5.2658980698e-03
 
Elt 2
 1.7767881057e-02 2.5756913886e-16 2.6601233523e-16 
 2.5756913886e-16 -5.2658980698e-03 2.7159264421e-17 
 2.6601233523e-16 2.7105054312e-17 -5.2658980698e-03
 
Elt 1
 1.8299983725e-02 1.0271654042e-16 9.7509086150e-17 
 1.0271654042e-16 -5.4466575145e-03 1.7780915629e-17 
 9.7509086150e-17 1.7780915629e-17 -5.4466575145e-03
 
Elt 2
 1.8299983725e-02 1.0823743799e-16 1.7604971555e-16 
 1.0823743799e-16 -5.4466575145e-03 5.2150124497e-17 
 1.7604971555e-16 5.2041704279e-17 -5.4466575145e-03
 
Elt 1
 1.8831694536e-02 6.2197681051e-17 -6.2622938872e-17 
 6.2197681051e-17 -5.7130858173e-03 5.6703773621e-17 
 -6.2622938872e-17 5.6812193838e-17 -5.7130858173e-03
 
Elt 2
 1.8831694536e-02 -1.4493932403e-16 1.1778013133e-16 
 -1.4493932403e-16 -5.7130858173e-03 2.8232624572e-16 
 1.1778013133e-16 2.8275992658e-16 -5.7130858173e-03
 
Elt 1
 1.9362987401e-02 5.6781863024e-17 -1.1376729790e-16 
 5.6781863024e-17 -5.8943179111e-03 1.1790698626e-17 
 -1.1376729790e-16 1.1817803680e-17 -5.8943179111e-03
 
Elt 2
 1.9362987401e-02 -1.5843347920e-16 -1.3499200890e-16 
 -1.5843347920e-16 -5.8943179111e-03 9.4108748572e-17 
 -1.3499200890e-16 9.3675067703e-17 -5.8943179111e-03
 
Elt 1
 1.9893916846e-02 -1.0170699547e-16 -1.3922570729e-16 
 -1.0170699547e-16 -5.9583305291e-03 -3.4260788651e-17 
 -1.3922570729e-16 -3.4260788651e-17 -5.9583305291e-03
 
Elt 2
 1.9893916846e-02 -5.5129578229e-17 -1.7620855414e-16 
 -5.5129578229e-17 -5.9583305291e-03 -6.5052130349e-19 
 -1.7620855414e-16 -6.5052130349e-19 -5.9583305291e-03
 
Elt 1
 2.0424530388e-02 9.8367522321e-17 0.0000000000e+00 
 9.8367522321e-17 -6.0600630022e-03 0.0000000000e+00 
 0.0000000000e+00 0.0000000000e+00 -6.0600630022e-03
 
Elt 2
 2.0424530388e-02 8.5974466301e-17 1.1234918516e-16 
 8.5974466301e-17 -6.0600630022e-03 3.9031278209e-17 
 1.1234918516e-16 3.9031278209e-17 -6.0600630022e-03
 
Elt 1
 2.0954793948e-02 3.5874427143e-16 9.7627036031e-17 
 3.5874427143e-16 -6.2910894631e-03 3.5778671692e-17 
 9.7627036031e-17 3.5724461583e-17 -6.2910894631e-03
 
Elt 2
 2.0954793948e-02 1.6581226324e-16 1.8286722365e-16 
 1.6581226324e-16 -6.2910894631e-03 3.4260788651e-17 
 1.8286722365e-16 3.4260788651e-17 -6.2910894631e-03
 
Elt 1
 2.1484648640e-02 9.5697117060e-17 8.6847815644e-17 
 9.5697117060e-17 -6.5350242273e-03 6.2016364266e-17 
 8.6847815644e-17 6.2016364266e-17 -6.5350242273e-03
 
Elt 2
 2.1484648640e-02 2.5983428808e-16 2.2349565633e-16 
 2.5983428808e-16 -6.5350242273e-03 1.0711917464e-16 
