Elt 1
 0.0000000000e+00 0.0000000000e+00 0.0000000000e+00 
 0.0000000000e+00 0.0000000000e+00 0.0000000000e+00 
 0.0000000000e+00 0.0000000000e+00 0.0000000000e+00
 
Elt 2
 0.0000000000e+00 0.0000000000e+00 0.0000000000e+00 
 0.0000000000e+00 0.0000000000e+00 0.0000000000e+00 
 0.0000000000e+00 0.0000000000e+00 0.0000000000e+00
 
Elt 1
 0.0000000000e+00 0.0000000000e+00 0.0000000000e+00 
 0.0000000000e+00 0.0000000000e+00 0.0000000000e+00 
 0.0000000000e+00 0.0000000000e+00 0.0000000000e+00
 
Elt 2
 -1.7054730999e-16 2.7177232558e-16 -2.7272713172e-16 
 2.7177232558e-16 -1.2802662466e-16 8.4572632373e-17 
 -2.7272713172e-16 8.4572632373e-17 -3.4492972732e-17
 
Elt 1
 0.0000000000e+00 0.0000000000e+00 0.0000000000e+00 
 0.0000000000e+00 -1.0893309673e-05 0.0000000000e+00 
 0.0000000000e+00 0.0000000000e+00 0.0000000000e+00
 
Elt 2
 9.3653862511e-17 2.0481868198e-16 -1.6210652293e-16 
 2.0481868198e-16 -1.0893309673e-05 -3.8166221901e-17 
 -1.6210652293e-16 -3.8166221901e-17 1.7368439947e-17
 
Elt 1
 3.7882098899e-07 1.5457202582e-17 0.0000000000e+00 
 1.5457202582e-17 -2.1786738011e-05 0.0000000000e+00 
 0.0000000000e+00 0.0000000000e+00 3.7882098899e-07
 
Elt 2
 3.7882098932e-07 6.5765016713e-17 -2.4687055827e-16 
 6.5765016713e-17 -2.1786738011e-05 3.4655931028e-18 
 -2.4687053180e-16 3.4655931028e-18 3.7882098888e-07
 
Elt 1
 1.3380500942e-06 4.7599349878e-17 0.0000000000e+00 
 4.7599349878e-17 -3.2680285017e-05 0.0000000000e+00 
 0.0000000000e+00 0.0000000000e+00 1.3380500942e-06
 
Elt 2
 1.3380500948e-06 -6.1256247233e-17 0.0000000000e+00 
 -6.1256247233e-17 -3.2680285017e-05 0.0000000000e+00 
 0.0000000000e+00 0.0000000000e+00 1.3380500942e-06
 
Elt 1
 3.0316398858e-06 1.1888577737e-17 0.0000000000e+00 
 1.1888577737e-17 -4.3573954821e-05 0.0000000000e+00 
 0.0000000000e+00 0.0000000000e+00 3.0316398856e-06
 
Elt 2
 3.0316398859e-06 1.4694242723e-16 -1.7557531865e-16 
 1.4694242723e-16 -4.3573954821e-05 -1.0415998488e-17 
 -1.7557553041e-16 -1.0415998488e-17 3.0316398857e-06
 
Elt 1
 5.5558839209e-06 -7.9186984706e-17 0.0000000000e+00 
 -7.9186984706e-17 -5.4467753747e-05 0.0000000000e+00 
 0.0000000000e+00 0.0000000000e+00 5.5558839209e-06
 
Elt 2
 5.5558839207e-06 9.2289013220e-17 -1.8702021607e-16 
 9.2289013220e-17 -5.4467753747e-05 -2.0827390435e-17 
 -1.8702063959e-16 -2.0827390435e-17 5.5558839205e-06
 
Elt 1
 8.9438656580e-06 3.9460442467e-18 0.0000000000e+00 
 3.9460442467e-18 -6.5361689800e-05 0.0000000000e+00 
 0.0000000000e+00 0.0000000000e+00 8.9438656580e-06
 
Elt 2
 8.9438656583e-06 -2.9209253273e-17 -4.8740181609e-17 
 -2.9209253273e-17 -6.5361689800e-05 -4.5115775085e-17 
 -4.8740181609e-17 -4.5115775085e-17 8.9438656578e-06
 
Elt 1
 1.3164668798e-05 -3.9473930035e-17 0.0000000000e+00 
 -3.9473930035e-17 -7.6255772031e-05 0.0000000000e+00 
 0.0000000000e+00 0.0000000000e+00 1.3164668798e-05
 
Elt 2
 1.3164668798e-05 -1.7003966424e-16 -8.2977041579e-17 
 -1.7003966424e-16 -7.6255772032e-05 -3.1239046374e-17 
 -8.2976194546e-17 -3.1239046374e-17 1.3164668798e-05
 
Elt 1
 1.8127282826e-05 -1.9412345812e-17 0.0000000000e+00 
 -1.9412345812e-17 -8.7150009854e-05 0.0000000000e+00 
 0.0000000000e+00 0.0000000000e+00 1.8127282826e-05
 
Elt 2
 1.8127282826e-05 1.0376682532e-16 -2.7468516150e-16 
 1.0376682532e-16 -8.7150009855e-05 -2.7774213630e-17 
 -2.7468431447e-16 -2.7774213630e-17 1.8127282826e-05
 
Elt 1
 2.3688797582e-05 -3.3198666288e-17 0.0000000000e+00 
 -3.3198666288e-17 -9.8044412347e-05 0.0000000000e+00 
 0.0000000000e+00 0.0000000000e+00 2.3688797581e-05
 
Elt 2
 2.3688797582e-05 -3.6778659643e-17 -9.2509550367e-17 
 -3.6778659643e-17 -9.8044412347e-05 -6.9524878962e-18 
 -9.2509550367e-17 -6.9524878962e-18 2.3688797581e-05
 
Elt 1
 2.9666178903e-05 3.4587363165e-17 0.0000000000e+00 
 3.4587363165e-17 -1.0893898759e-04 0.0000000000e+00 
 0.0000000000e+00 0.0000000000e+00 2.9666178903e-05
 
Elt 2
 2.9666178903e-05 2.9393192471e-17 -3.3306182519e-16 
 2.9393192471e-17 -1.0893898759e-04 -2.4309569446e-17 
 -3.3306351926e-16 -2.4309569446e-17 2.9666178903e-05
 
Elt 1
 3.5850672389e-05 1.4329870011e-16 0.0000000000e+00 
 1.4329870011e-16 -1.1983374213e-04 0.0000000000e+00 
 0.0000000000e+00 0.0000000000e+00 3.5850672389e-05
 
Elt 2
 3.5850672389e-05 -1.3816487225e-17 -4.2883584054e-16 
 -1.3816487225e-17 -1.1983374213e-04 -9.0235598943e-17 
 -4.2883584054e-16 -9.0235598943e-17 3.5850672388e-05
 
Elt 1
 4.2023725686e-05 8.9573598423e-17 -9.1133968861e-17 
 8.9573598423e-17 -1.3072868048e-04 -4.6270630916e-22 
 -9.1137356993e-17 -4.6270630916e-22 4.2023725685e-05
 
Elt 2
 4.2023725686e-05 6.9589377254e-17 -3.1722908534e-16 
 6.9589377254e-17 -1.3072868048e-04 -1.4228428956e-16 
 -3.1722908534e-16 -1.4228428956e-16 4.2023725686e-05
 
Elt 1
 4.7973222488e-05 2.1521821774e-16 -2.1474581103e-28 
 2.1521821774e-16 -1.4162380491e-04 1.7350920089e-17 
 -2.1474581103e-28 1.7350920089e-17 4.7973222487e-05
 
Elt 2
 4.7973222488e-05 3.6631843600e-17 -3.3881317890e-21 
 3.6631843600e-17 -1.4162380491e-04 -5.6300376778e-17 
 0.0000000000e+00 -5.6300376778e-17 4.7973222488e-05
 
Elt 1
 5.3508830442e-05 1.0015151027e-16 8.1935191054e-17 
 1.0015151027e-16 -1.5251911531e-04 -1.2144518921e-17 
 8.1938579186e-17 -1.2144518921e-17 5.3508830442e-05
 
Elt 2
 5.3508830442e-05 7.1970916645e-17 5.7013787680e-17 
 7.1970916645e-17 -1.5251911531e-04 1.7324299754e-17 
 5.7014634713e-17 1.7324299754e-17 5.3508830442e-05
 
Elt 1
 5.8475363150e-05 -1.7737416747e-16 1.9979474347e-16 
 -1.7737416747e-16 -1.6341460924e-04 -1.7365784696e-18 
 1.9979135533e-16 -1.7365784696e-18 5.8475363149e-05
 
Elt 2
 5.8475363150e-05 -1.8519173573e-16 0.0000000000e+00 
 -1.8519173573e-16 -1.6341460924e-04 0.0000000000e+00 
 0.0000000000e+00 0.0000000000e+00 5.8475363150e-05
 
Elt 1
 6.2763232358e-05 7.2503510774e-17 1.1101552620e-16 
 7.2503510774e-17 -1.7431028219e-04 -8.6738573618e-18 
 1.1101552620e-16 -8.6738573618e-18 6.2763232358e-05
 
Elt 2
 6.2763232358e-05 7.4368765540e-17 -2.4025920142e-16 
 7.4368765540e-17 -1.7431028219e-04 -2.0849499723e-17 
 -2.4025581329e-16 -2.0849499723e-17 6.2763232358e-05
 
Elt 1
 6.6315302336e-05 -1.1977532526e-16 0.0000000000e+00 
 -1.1977532526e-16 -1.8520612798e-04 0.0000000000e+00 
 0.0000000000e+00 0.0000000000e+00 6.6315302336e-05
 
Elt 2
 6.6315302336e-05 -1.6506725983e-16 -2.5286305168e-16 
 -1.6506725983e-16 -1.8520612798e-04 -8.6778464492e-17 
 -2.5286643981e-16 -8.6778464492e-17 6.6315302336e-05
 
Elt 1
 6.9129727639e-05 1.4930290358e-16 0.0000000000e+00 
 1.4930290358e-16 -1.9610213921e-04 0.0000000000e+00 
 0.0000000000e+00 0.0000000000e+00 6.9129727640e-05
 
Elt 2
 6.9129727639e-05 1.1474900383e-17 0.0000000000e+00 
 1.1474900383e-17 -1.9610213921e-04 0.0000000000e+00 
 0.0000000000e+00 0.0000000000e+00 6.9129727639e-05
 
Elt 1
 7.1258670738e-05 5.5475540564e-18 0.0000000000e+00 
 5.5475540564e-18 -2.0699830787e-04 0.0000000000e+00 
 0.0000000000e+00 0.0000000000e+00 7.1258670738e-05
 
Elt 2
 7.1258670738e-05 4.4695224241e-17 -2.2203105240e-16 
 4.4695224241e-17 -2.0699830787e-04 7.9779698211e-17 
 -2.2203105240e-16 7.9779698211e-17 7.1258670738e-05
 
Elt 1
 7.2803098725e-05 2.9411449821e-20 0.0000000000e+00 
 2.9411449821e-20 -2.1789462592e-04 0.0000000000e+00 
 0.0000000000e+00 0.0000000000e+00 7.2803098726e-05
 
Elt 2
 7.2803098725e-05 -4.4597851777e-17 -3.2701570401e-16 
 -4.4597851777e-17 -2.1789462592e-04 -9.0259677870e-17 
 -3.2702248028e-16 -9.0259677870e-17 7.2803098725e-05
 
Elt 1
 7.3904141152e-05 -4.8667187899e-17 0.0000000000e+00 
 -4.8667187899e-17 -2.2879108590e-04 0.0000000000e+00 
 0.0000000000e+00 0.0000000000e+00 7.3904141153e-05
 
Elt 2
 7.3904141153e-05 -6.2664048406e-17 -8.2975347513e-17 
 -6.2664048406e-17 -2.2879108590e-04 -3.8211639940e-17 
 -8.2975347513e-17 -3.8211639940e-17 7.3904141152e-05
 
Elt 1
 7.4731731097e-05 3.6063971608e-17 0.0000000000e+00 
 3.6063971608e-17 -2.3968768145e-04 0.0000000000e+00 
 0.0000000000e+00 0.0000000000e+00 7.4731731097e-05
 
Elt 2
 7.4731731098e-05 4.1062003713e-18 7.8129585240e-29 
 4.1062003713e-18 -2.3968768145e-04 2.0784861885e-17 
 7.8131125984e-29 2.0784861885e-17 7.4731731097e-05
 
Elt 1
 7.5471432127e-05 1.7591730632e-17 -1.1100874994e-16 
 1.7591730632e-17 -2.5058440773e-04 -1.3879372095e-17 
 -1.1100874994e-16 -1.3879372095e-17 7.5471432127e-05
 
Elt 2
 7.5471432127e-05 1.1677051396e-16 -2.1931038257e-16 
 1.1677051396e-16 -2.5058440773e-04 -7.6394611219e-17 
 -2.1931038257e-16 -7.6394611219e-17 7.5471432127e-05
 
Elt 1
 7.6310463060e-05 2.3675662097e-16 -5.4426949059e-17 
 2.3675662097e-16 -2.6148126176e-04 -1.7326396893e-18 
 -5.4430337191e-17 -1.7326396893e-18 7.6310463060e-05
 
Elt 2
 7.6310463061e-05 1.3098599035e-16 -2.6253616794e-16 
 1.3098599035e-16 -2.6148126176e-04 -4.1679225141e-17 
 -2.6253616794e-16 -4.1679225141e-17 7.6310463060e-05
 
Elt 1
 7.7423964313e-05 5.3087698860e-18 -1.1102230246e-16 
 5.3087698860e-18 -2.7237824261e-04 -6.9387001692e-18 
 -1.1102230246e-16 -6.9387001692e-18 7.7423964313e-05
 
Elt 2
 7.7423964314e-05 3.6137343622e-17 -1.2181350221e-16 
 3.6137343622e-17 -2.7237824261e-04 -9.0279603380e-17 
 -1.2181350221e-16 -9.0279603380e-17 7.7423964313e-05
 
Elt 1
 7.8962504021e-05 -1.9681618299e-16 0.0000000000e+00 
 -1.9681618299e-16 -2.8327535134e-04 0.0000000000e+00 
 0.0000000000e+00 0.0000000000e+00 7.8962504021e-05
 
Elt 2
 7.8962504021e-05 1.8828593754e-16 -3.0867235851e-16 
 1.8828593754e-16 -2.8327535134e-04 -3.4750589805e-17 
 -3.0867235851e-16 -3.4750589805e-17 7.8962504021e-05
 
Elt 1
 8.1041704734e-05 2.6250279398e-16 0.0000000000e+00 
 2.6250279398e-16 -2.9417259095e-04 0.0000000000e+00 
 0.0000000000e+00 0.0000000000e+00 8.1041704735e-05
 
Elt 2
 8.1041704735e-05 2.3043408729e-16 -2.1699628856e-16 
 2.3043408729e-16 -2.9417259095e-04 -5.2101962796e-17 
 -2.1699628856e-16 -5.2101962796e-17 8.1041704735e-05
 
Elt 1
 8.3734693012e-05 7.1401124462e-17 0.0000000000e+00 
 7.1401124462e-17 -3.0506996608e-04 0.0000000000e+00 
 0.0000000000e+00 0.0000000000e+00 8.3734693012e-05
 
Elt 2
 8.3734693011e-05 -3.3624708417e-17 -3.2656847062e-16 
 -3.3624708417e-17 -3.0506996608e-04 -1.3192098001e-16 
 -3.2656847062e-16 -1.3192098001e-16 8.3734693011e-05
 
Elt 1
 8.7067849499e-05 1.4035480680e-17 0.0000000000e+00 
 1.4035480680e-17 -3.1596748262e-04 0.0000000000e+00 
 0.0000000000e+00 0.0000000000e+00 8.7067849499e-05
 
Elt 2
 8.7067849499e-05 1.5464770718e-16 0.0000000000e+00 
 1.5464770718e-16 -3.1596748262e-04 0.0000000000e+00 
 0.0000000000e+00 0.0000000000e+00 8.7067849499e-05
 
Elt 1
 9.1020083793e-05 1.0400541904e-16 0.0000000000e+00 
 1.0400541904e-16 -3.2686514727e-04 0.0000000000e+00 
 0.0000000000e+00 0.0000000000e+00 9.1020083793e-05
 
Elt 2
 9.1020083793e-05 -1.9181864640e-16 -2.3548871186e-16 
 -1.9181864640e-16 -3.2686514727e-04 -2.7813506135e-17 
 -2.3548871186e-16 -2.7813506135e-17 9.1020083793e-05
 
Elt 1
 9.5525595624e-05 4.8640466593e-17 0.0000000000e+00 
 4.8640466593e-17 -3.3776296700e-04 0.0000000000e+00 
 0.0000000000e+00 0.0000000000e+00 9.5525595624e-05
 
Elt 2
 9.5525595624e-05 2.0846088218e-16 -2.4470443033e-16 
 2.0846088218e-16 -3.3776296700e-04 -4.5176164658e-17 
 -2.4470443033e-16 -4.5176164658e-17 9.5525595623e-05
 
Elt 1
 1.0047983095e-04 -2.2102504681e-17 0.0000000000e+00 
 -2.2102504681e-17 -3.4866094856e-04 0.0000000000e+00 
 0.0000000000e+00 0.0000000000e+00 1.0047983095e-04
 
Elt 2
 1.0047983095e-04 1.7361536809e-17 -6.4647248600e-17 
 1.7361536809e-17 -3.4866094856e-04 -6.2551069440e-17 
 -6.4645554534e-17 -6.2551069440e-17 1.0047983095e-04
 
Elt 1
 1.0574811636e-04 -2.5147339129e-18 0.0000000000e+00 
 -2.5147339129e-18 -3.5955909800e-04 0.0000000000e+00 
 0.0000000000e+00 0.0000000000e+00 1.0574811636e-04
 
Elt 2
 1.0574811636e-04 1.3662312174e-16 6.0374051897e-29 
 1.3662312174e-16 -3.5955909800e-04 3.1161388972e-17 
 6.0374051897e-29 3.1161388972e-17 1.0574811636e-04
 
Elt 1
 1.1117627311e-04 1.3532698585e-16 5.2078973729e-17 
 1.3532698585e-16 -3.7045742020e-04 3.4723378428e-18 
 5.2078973729e-17 3.4723378428e-18 1.1117627311e-04
 
Elt 2
 1.1117627311e-04 2.1954415725e-16 -1.7797178661e-16 
 2.1954415725e-16 -3.7045742020e-04 -3.4758711386e-17 
 -1.7797517475e-16 -3.4758711386e-17 1.1117627311e-04
 
Elt 1
 1.1660238567e-04 -1.5060762699e-16 6.6227812080e-17 
 -1.5060762699e-16 -3.8135591859e-04 -1.0407791763e-17 
 6.6227812080e-17 -1.0407791763e-17 1.1660238567e-04
 
Elt 2
 1.1660238567e-04 1.4244255026e-16 -1.3320778942e-16 
 1.4244255026e-16 -3.8135591859e-04 -8.3360479227e-17 
 -1.3320778942e-16 -8.3360479227e-17 1.1660238567e-04
 
Elt 1
 1.2186883587e-04 2.7049904167e-16 0.0000000000e+00 
 2.7049904167e-16 -3.9225459492e-04 0.0000000000e+00 
 0.0000000000e+00 0.0000000000e+00 1.2186883587e-04
 
Elt 2
 1.2186883587e-04 2.8852201885e-17 -1.2180333782e-16 
 2.8852201885e-17 -3.9225459492e-04 1.3805828869e-17 
 -1.2181011408e-16 1.3805828869e-17 1.2186883587e-04
 
Elt 1
 1.2683371658e-04 3.4821303864e-17 9.5728275567e-17 
 3.4821303864e-17 -4.0315344917e-04 1.7406618240e-18 
 9.5735051830e-17 1.7406618240e-18 1.2683371658e-04
 
Elt 2
 1.2683371658e-04 -2.5991177227e-17 -1.7660975763e-16 
 -2.5991177227e-17 -4.0315344917e-04 -7.2954947186e-17 
 -1.7660975763e-16 -7.2954947186e-17 1.2683371658e-04
 
Elt 1
 1.3138080624e-04 -4.5176368721e-17 6.7925266106e-17 
 -4.5176368721e-17 -4.1405247960e-04 5.2089715974e-18 
 6.7925266106e-17 5.2089715974e-18 1.3138080624e-04
 
Elt 2
 1.3138080624e-04 -1.7994813564e-17 -2.0500907829e-16 
 -1.7994813564e-17 -4.1405247960e-04 -3.1312940264e-17 
 -2.0501585455e-16 -3.1312940264e-17 1.3138080624e-04
 
Elt 1
 1.3542741095e-04 8.9687655528e-17 0.0000000000e+00 
 8.9687655528e-17 -4.2495168294e-04 0.0000000000e+00 
 0.0000000000e+00 0.0000000000e+00 1.3542741095e-04
 
Elt 2
 1.3542741095e-04 1.2455759925e-16 -1.0039034491e-16 
 1.2455759925e-16 -4.2495168294e-04 -1.0485566290e-17 
 -1.0038695678e-16 -1.0485566290e-17 1.3542741095e-04
 
Elt 1
 1.3892955423e-04 -8.0127790770e-17 0.0000000000e+00 
 -8.0127790770e-17 -4.3585105464e-04 0.0000000000e+00 
 0.0000000000e+00 0.0000000000e+00 1.3892955423e-04
 
Elt 2
 1.3892955423e-04 -9.0055825838e-17 -6.2870173477e-17 
 -9.0055825838e-17 -4.3585105464e-04 -5.2140647859e-17 
 -6.2870173477e-17 -5.2140647859e-17 1.3892955423e-04
 
Elt 1
 1.4188420185e-04 -6.5722865793e-17 0.0000000000e+00 
 -6.5722865793e-17 -4.4675058923e-04 0.0000000000e+00 
 0.0000000000e+00 0.0000000000e+00 1.4188420185e-04
 
Elt 2
 1.4188420185e-04 6.4090659346e-17 -2.1239520559e-16 
 6.4090659346e-17 -4.4675058923e-04 -4.8655955144e-17 
 -2.1239520559e-16 -4.8655955144e-17 1.4188420185e-04
 
Elt 1
 1.4432843431e-04 -4.4775536377e-17 0.0000000000e+00 
 -4.4775536377e-17 -4.5765028081e-04 0.0000000000e+00 
 0.0000000000e+00 0.0000000000e+00 1.4432843431e-04
 
Elt 2
 1.4432843431e-04 1.2567824154e-16 -1.0768160452e-16 
 1.2567824154e-16 -4.5765028081e-04 6.5875734477e-17 
 -1.0767821639e-16 6.5875734477e-17 1.4432843431e-04
 
Elt 1
 1.4633570543e-04 -2.5297819631e-16 3.2042852043e-29 
 -2.5297819631e-16 -4.6855012339e-04 3.2960052937e-17 
 3.2042852043e-29 3.2960052937e-17 1.4633570543e-04
 
Elt 2
 1.4633570543e-04 7.1425985016e-17 -1.5589810801e-16 
 7.1425985016e-17 -4.6855012339e-04 -7.0339238813e-18 
 -1.5590149614e-16 -7.0339238813e-18 1.4633570543e-04
 
Elt 1
 1.4800953601e-04 -2.3186671498e-16 5.1673470780e-29 
 -2.3186671498e-16 -4.7945011142e-04 4.5106823724e-17 
 5.1673470780e-29 4.5106823724e-17 1.4800953601e-04
 
Elt 2
 1.4800953601e-04 -2.5826806626e-16 -3.3303980233e-16 
 -2.5826806626e-16 -4.7945011142e-04 -6.2572568152e-17 
 -3.3303980233e-16 -6.2572568152e-17 1.4800953601e-04
 
Elt 1
 1.4947517030e-04 -1.2359270817e-16 0.0000000000e+00 
 -1.2359270817e-16 -4.9035024014e-04 0.0000000000e+00 
 0.0000000000e+00 0.0000000000e+00 1.4947517030e-04
 
Elt 2
 1.4947517030e-04 1.0428862521e-17 -2.2201749987e-16 
 1.0428862521e-17 -4.9035024014e-04 -5.2175458614e-17 
 -2.2201749987e-16 -5.2175458614e-17 1.4947517030e-04
 
Elt 1
 1.5086985870e-04 -6.3570765096e-17 0.0000000000e+00 
 -6.3570765096e-17 -5.0125050592e-04 0.0000000000e+00 
 0.0000000000e+00 0.0000000000e+00 1.5086985870e-04
 
Elt 2
 1.5086985870e-04 -7.1357744016e-17 -1.9099576521e-16 
 -7.1357744016e-17 -5.0125050592e-04 7.6257444841e-17 
 -1.9099576521e-16 7.6257444841e-17 1.5086985870e-04
 
Elt 1
 1.5233251366e-04 -4.5420580980e-17 1.9746174534e-29 
 -4.5420580980e-17 -5.1215090649e-04 1.7346728671e-17 
 1.9746174534e-29 1.7346728671e-17 1.5233251366e-04
 
Elt 2
 1.5233251366e-04 -3.8729090221e-17 -2.3531930527e-16 
 -3.8729090221e-17 -5.1215090649e-04 -8.3421445425e-17 
 -2.3531930527e-16 -8.3421445425e-17 1.5233251366e-04
 
Elt 1
 1.5399351157e-04 -8.5038092323e-17 0.0000000000e+00 
 -8.5038092323e-17 -5.2305144109e-04 0.0000000000e+00 
 0.0000000000e+00 0.0000000000e+00 1.5399351157e-04
 
Elt 2
 1.5399351157e-04 9.9165129165e-17 -1.8771605364e-16 
 9.9165129165e-17 -5.2305144109e-04 6.9332848365e-17 
 -1.8771605364e-16 6.9332848365e-17 1.5399351157e-04
 
Elt 1
 1.5596538256e-04 -9.8677197738e-18 0.0000000000e+00 
 -9.8677197738e-18 -5.3395211046e-04 0.0000000000e+00 
 0.0000000000e+00 0.0000000000e+00 1.5596538256e-04
 
Elt 2
 1.5596538256e-04 -1.4990927384e-16 -9.9272261418e-17 
 -1.4990927384e-16 -5.3395211046e-04 -5.5654954716e-17 
 -9.9272261418e-17 -5.5654954716e-17 1.5596538255e-04
 
Elt 1
 1.5833504555e-04 2.9388960725e-16 0.0000000000e+00 
 2.9388960725e-16 -5.4485291675e-04 0.0000000000e+00 
 0.0000000000e+00 0.0000000000e+00 1.5833504555e-04
 
Elt 2
 1.5833504555e-04 9.6992077190e-17 -3.8376691148e-16 
 9.6992077190e-17 -5.4485291675e-04 -1.2158758267e-16 
 -3.8379401653e-16 -1.2158758267e-16 1.5833504555e-04
 
Elt 1
 1.6115811549e-04 -2.8788295864e-16 0.0000000000e+00 
 -2.8788295864e-16 -5.5575386337e-04 0.0000000000e+00 
 0.0000000000e+00 0.0000000000e+00 1.6115811549e-04
 
Elt 2
 1.6115811549e-04 1.5976923592e-16 -2.2197684229e-16 
 1.5976923592e-16 -5.5575386337e-04 -5.2164286637e-17 
 -2.2197684229e-16 -5.2164286637e-17 1.6115811549e-04
 
Elt 1
 1.6445564463e-04 1.0486936696e-16 0.0000000000e+00 
 1.0486936696e-16 -5.6665495466e-04 0.0000000000e+00 
 0.0000000000e+00 0.0000000000e+00 1.6445564463e-04
 
Elt 2
 1.6445564463e-04 1.3399210344e-16 -1.9915438656e-16 
 1.3399210344e-16 -5.6665495466e-04 -4.1750931702e-17 
 -1.9916793909e-16 -4.1750931702e-17 1.6445564463e-04
 
Elt 1
 1.6821347263e-04 1.5956649808e-16 0.0000000000e+00 
 1.5956649808e-16 -5.7755619555e-04 0.0000000000e+00 
 0.0000000000e+00 0.0000000000e+00 1.6821347263e-04
 
Elt 2
 1.6821347263e-04 2.0758062872e-16 -3.8199153042e-16 
 2.0758062872e-16 -5.7755619555e-04 9.0167080552e-17 
 -3.8199153042e-16 9.0167080552e-17 1.6821347263e-04
 
Elt 1
 1.7238416549e-04 -3.2758554491e-17 0.0000000000e+00 
 -3.2758554491e-17 -5.8845759123e-04 0.0000000000e+00 
 0.0000000000e+00 0.0000000000e+00 1.7238416549e-04
 
Elt 2
 1.7238416549e-04 1.0216575344e-16 -3.1857925586e-16 
 1.0216575344e-16 -5.8845759123e-04 -1.3201810885e-16 
 -3.1856570333e-16 -1.3201810885e-16 1.7238416549e-04
 
Elt 1
 1.7689133500e-04 1.3116749670e-16 0.0000000000e+00 
 1.3116749670e-16 -5.9935914672e-04 0.0000000000e+00 
 0.0000000000e+00 0.0000000000e+00 1.7689133500e-04
 
Elt 2
 1.7689133500e-04 1.6834419898e-16 -2.1819568721e-16 
 1.6834419898e-16 -5.9935914672e-04 -1.0421074352e-16 
 -2.1818213469e-16 -1.0421074352e-16 1.7689133500e-04
 
Elt 1
 1.8163596252e-04 6.4571999893e-17 0.0000000000e+00 
 6.4571999893e-17 -6.1026086653e-04 0.0000000000e+00 
 0.0000000000e+00 0.0000000000e+00 1.8163596252e-04
 
Elt 2
 1.8163596252e-04 1.2175119538e-16 -3.3301269728e-16 
 1.2175119538e-16 -6.1026086653e-04 3.3829589416e-18 
 -3.3299914475e-16 3.3829589416e-18 1.8163596252e-04
 
Elt 1
 1.8650421408e-04 9.1805900315e-17 0.0000000000e+00 
 9.1805900315e-17 -6.2116275431e-04 0.0000000000e+00 
 0.0000000000e+00 0.0000000000e+00 1.8650421408e-04
 
Elt 2
 1.8650421408e-04 2.7115861648e-16 -4.0513924680e-16 
 2.7115861648e-16 -6.2116275431e-04 -1.7017929182e-16 
 -4.0511214175e-16 -1.7017929182e-16 1.8650421408e-04
 
Elt 1
 1.9137613822e-04 1.4882339267e-16 0.0000000000e+00 
 1.4882339267e-16 -6.3206481268e-04 -5.9630660873e-17 
 0.0000000000e+00 -5.9630660873e-17 1.9137613822e-04
 
Elt 2
 1.9137613822e-04 7.2848345494e-17 -2.9453707268e-16 
 7.2848345494e-17 -6.3206481268e-04 -5.5610457496e-17 
 -2.9452352016e-16 -5.5610457496e-17 1.9137613822e-04
 
Elt 1
 1.9613458890e-04 4.1845454814e-18 5.7259427234e-17 
 4.1845454814e-18 -6.4296704298e-04 -9.3095628325e-17 
 5.7259427234e-17 -9.3095628325e-17 1.9613458890e-04
 
Elt 2
 1.9613458890e-04 1.3059317144e-16 -1.8089913248e-16 
 1.3059317144e-16 -6.4296704298e-04 -1.0418135979e-16 
 -1.8089913248e-16 -1.0418135979e-16 1.9613458890e-04
 
Elt 1
 2.0067371586e-04 4.5921585055e-17 6.3517306649e-17 
 4.5921585055e-17 -6.5386944525e-04 -9.2242374660e-17 
 6.3517306649e-17 -9.2242374660e-17 2.0067371586e-04
 
Elt 2
 2.0067371586e-04 2.1926826771e-17 -2.1860226303e-16 
 2.1926826771e-17 -6.5386944525e-04 -1.3891722450e-16 
 -2.1858871050e-16 -1.3891722450e-16 2.0067371586e-04
 
Elt 1
 2.0490641287e-04 -3.2415083037e-17 6.1643669769e-17 
 -3.2415083037e-17 -6.6477201827e-04 -7.8008641399e-17 
 6.1636893506e-17 -7.8008641399e-17 2.0490641287e-04
 
Elt 2
 2.0490641287e-04 -1.5629607086e-17 -2.1885976104e-16 
 -1.5629607086e-17 -6.6477201827e-04 -1.2500923753e-16 
 -2.1884620852e-16 -1.2500923753e-16 2.0490641287e-04
 
Elt 1
 2.0877020574e-04 5.3100661381e-17 5.5917727046e-17 
 5.3100661381e-17 -6.7567475964e-04 -7.0989526545e-17 
 5.5917727046e-17 -7.0989526545e-17 2.0877020574e-04
 
Elt 2
 2.0877020574e-04 6.0735024499e-18 -8.9975227789e-17 
 6.0735024499e-18 -6.7567475964e-04 -1.8023003418e-16 
 -8.9961675262e-17 -1.8023003418e-16 2.0877020574e-04
 
Elt 1
 2.1223118904e-04 2.7188878579e-17 6.1321797249e-17 
 2.7188878579e-17 -6.8657766603e-04 -8.6148204185e-17 
 6.1321797249e-17 -8.6148204185e-17 2.1223118904e-04
 
Elt 2
 2.1223118904e-04 3.1980163559e-17 -2.2143474120e-16 
 3.1980163559e-17 -6.8657766603e-04 -2.0643014782e-16 
 -2.2143474120e-16 -2.0643014782e-16 2.1223118904e-04
 
Elt 1
 2.1528577326e-04 5.7234738707e-17 5.7001929218e-17 
 5.7234738707e-17 -6.9748073343e-04 -3.4677118068e-17 
 5.7005317350e-17 -3.4677118068e-17 2.1528577327e-04
 
Elt 2
 2.1528577327e-04 -2.7323521587e-16 -1.7657587632e-16 
 -2.7323521587e-16 -6.9748073343e-04 3.4608769388e-17 
 -1.7657587632e-16 3.4608769388e-17 2.1528577327e-04
 
Elt 1
 2.1796017031e-04 4.6926715099e-17 0.0000000000e+00 
 4.6926715099e-17 -7.0838395744e-04 0.0000000000e+00 
 0.0000000000e+00 0.0000000000e+00 2.1796017031e-04
 
Elt 2
 2.1796017031e-04 -7.8103353248e-17 -2.7706786518e-16 
 -7.8103353248e-17 -7.0838395744e-04 -1.2509692050e-16 
 -2.7706786518e-16 -1.2509692050e-16 2.1796017031e-04
 
Elt 1
 2.2030771281e-04 2.9905542172e-17 0.0000000000e+00 
 2.9905542172e-17 -7.1928733363e-04 0.0000000000e+00 
 0.0000000000e+00 0.0000000000e+00 2.2030771281e-04
 
Elt 2
 2.2030771281e-04 1.0273061851e-16 -3.5678382991e-16 
 1.0273061851e-16 -7.1928733363e-04 -3.6120382922e-18 
 -3.5678382991e-16 -3.6120382922e-18 2.2030771281e-04
 
Elt 1
 2.2240425910e-04 4.2042333874e-17 -3.5263675660e-17 
 4.2042333874e-17 -7.3019085788e-04 6.0596879597e-17 
 -3.5263675660e-17 6.0596879597e-17 2.2240425910e-04
 
Elt 2
 2.2240425910e-04 3.1880857098e-16 -3.1165391448e-16 
 3.1880857098e-16 -7.3019085788e-04 3.8018298685e-17 
 -3.1168101954e-16 3.8018298685e-17 2.2240425910e-04
 
Elt 1
 2.2434206921e-04 -6.8330801360e-17 -5.0245994431e-17 
 -6.8330801360e-17 -7.4109452660e-04 1.1201918926e-16 
 -5.0245994431e-17 1.1201918926e-16 2.2434206921e-04
 
Elt 2
 2.2434206921e-04 2.1651381958e-16 -3.7944365532e-16 
 2.1651381958e-16 -7.4109452660e-04 1.7176811327e-17 
 -3.7944365532e-16 1.7176811327e-17 2.2434206921e-04
 
Elt 1
 2.2622263940e-04 4.9908374649e-17 0.0000000000e+00 
 4.9908374649e-17 -7.5199833708e-04 1.1323795965e-16 
 0.0000000000e+00 1.1323795965e-16 2.2622263940e-04
 
Elt 2
 2.2622263940e-04 -2.9498100794e-17 -2.4890571375e-16 
 -2.9498100794e-17 -7.5199833708e-04 -3.4910966377e-17 
 -2.4889216122e-16 -3.4910966377e-17 2.2622263940e-04
 
Elt 1
 2.2814904628e-04 4.5037310653e-17 -6.1433605598e-17 
 4.5037310653e-17 -7.6290228758e-04 8.0057692300e-17 
 -6.1433605598e-17 8.0057692300e-17 2.2814904628e-04
 
Elt 2
 2.2814904628e-04 1.2843909525e-16 -1.8470739261e-16 
 1.2843909525e-16 -7.6290228758e-04 4.1469025516e-17 
 -1.8469384008e-16 4.1469025516e-17 2.2814904628e-04
 
Elt 1
 2.3021837294e-04 -4.6390230358e-17 -4.1707902323e-17 
 -4.6390230358e-17 -7.7380637749e-04 7.7259731122e-17 
 -4.1721454850e-17 7.7259731122e-17 2.3021837294e-04
 
Elt 2
 2.3021837294e-04 -6.8284772560e-17 -2.6037792799e-16 
 -6.8284772560e-17 -7.7380637749e-04 6.2275418085e-17 
 -2.6037115172e-16 6.2275418085e-17 2.3021837294e-04
 
Elt 1
 2.3251476864e-04 8.2190120302e-18 -5.1946836589e-17 
 8.2190120302e-18 -7.8471060730e-04 1.2360902478e-16 
 -5.1946836589e-17 1.2360902478e-16 2.3251476864e-04
 
Elt 2
 2.3251476864e-04 1.7119103796e-16 -2.9898230159e-16 
 1.7119103796e-16 -7.8471060730e-04 2.4118676630e-17 
 -2.9898230159e-16 2.4118676630e-17 2.3251476864e-04
 
Elt 1
 2.3510363267e-04 -1.1223016390e-16 -5.4945333222e-17 
 -1.1223016390e-16 -7.9561497858e-04 8.8687427699e-17 
 -5.4945333222e-17 8.8687427699e-17 2.3510363267e-04
 
Elt 2
 2.3510363267e-04 -7.1650909731e-17 -4.4297790262e-16 
 -7.1650909731e-17 -7.9561497858e-04 1.1786266387e-16 
 -4.4297790262e-16 1.1786266387e-16 2.3510363267e-04
 
Elt 1
 2.3802731802e-04 -2.2307265414e-17 -6.3629114998e-17 
 -2.2307265414e-17 -8.0651949381e-04 1.1945012879e-16 
 -6.3615562471e-17 1.1945012879e-16 2.3802731802e-04
 
Elt 2
 2.3802731802e-04 -1.0048201946e-16 -2.9415760192e-16 
 -1.0048201946e-16 -8.0651949381e-04 -2.8016104710e-17 
 -2.9415760192e-16 -2.8016104710e-17 2.3802731802e-04
 
Elt 1
 2.4130262935e-04 -4.6491501135e-17 -4.4096535234e-17 
 -4.6491501135e-17 -8.1742415618e-04 7.4994625331e-17 
 -4.4096535234e-17 7.4994625331e-17 2.4130262935e-04
 
Elt 2
 2.4130262935e-04 -3.1609920442e-17 -8.3537777390e-17 
 -3.1609920442e-17 -8.1742415618e-04 1.7168581223e-17 
 -8.3544553654e-17 1.7168581223e-17 2.4130262935e-04
 
Elt 1
 2.4492025136e-04 -3.1710984900e-17 2.7105054312e-20 
 -3.1710984900e-17 -8.2832896935e-04 9.5010861795e-17 
 0.0000000000e+00 9.5010861795e-17 2.4492025136e-04
 
Elt 2
 2.4492025136e-04 1.9503939865e-18 -2.5041004426e-16 
 1.9503939865e-18 -8.2832896935e-04 1.0222193941e-17 
 -2.5039649174e-16 1.0222193941e-17 2.4492025136e-04
 
Elt 1
 2.4884609963e-04 -2.2821950011e-17 0.0000000000e+00 
 -2.2821950011e-17 -8.3923393714e-04 0.0000000000e+00 
 0.0000000000e+00 0.0000000000e+00 2.4884609963e-04
 
Elt 2
 2.4884609963e-04 7.1077732449e-19 -2.6628005356e-16 
 7.1077732449e-19 -8.3923393714e-04 3.1050449955e-17 
 -2.6628682983e-16 3.1050449955e-17 2.4884609963e-04
 
Elt 1
 2.5302444575e-04 -3.5207679125e-18 0.0000000000e+00 
 -3.5207679125e-18 -8.5013906331e-04 0.0000000000e+00 
 0.0000000000e+00 0.0000000000e+00 2.5302444575e-04
 
Elt 2
 2.5302444575e-04 1.0389022435e-16 -1.2672290517e-16 
 1.0389022435e-16 -8.5013906331e-04 -4.8744447835e-17 
 -1.2672290517e-16 -4.8744447835e-17 2.5302444575e-04
 
Elt 1
 2.5738254315e-04 -2.7819748508e-16 0.0000000000e+00 
 -2.7819748508e-16 -8.6104435122e-04 0.0000000000e+00 
 0.0000000000e+00 0.0000000000e+00 2.5738254315e-04
 
Elt 2
 2.5738254315e-04 1.8278343038e-16 -3.2849970574e-16 
 1.8278343038e-16 -8.6104435122e-04 -1.7511324598e-17 
 -3.2852681079e-16 -1.7511324598e-17 2.5738254315e-04
 
Elt 1
 2.6183637753e-04 -4.5199678003e-17 0.0000000000e+00 
 -4.5199678003e-17 -8.7194980362e-04 0.0000000000e+00 
 0.0000000000e+00 0.0000000000e+00 2.6183637753e-04
 
Elt 2
 2.6183637753e-04 -6.8019488057e-17 -1.0766127573e-16 
 -6.8019488057e-17 -8.7194980362e-04 -9.3856075350e-17 
 -1.0766127573e-16 -9.3856075350e-17 2.6183637753e-04
 
Elt 1
 2.6629709335e-04 -1.6606162536e-16 0.0000000000e+00 
 -1.6606162536e-16 -8.8285542247e-04 0.0000000000e+00 
 0.0000000000e+00 0.0000000000e+00 2.6629709335e-04
 
Elt 2
 2.6629709335e-04 9.9541449040e-18 -2.3407755497e-17 
 9.9541449040e-18 -8.8285542247e-04 -9.5272564794e-17 
 -2.3406061431e-17 -9.5272564794e-17 2.6629709335e-04
 
Elt 1
 2.7067760980e-04 -4.0290557871e-17 0.0000000000e+00 
 -4.0290557871e-17 -8.9376120883e-04 0.0000000000e+00 
 0.0000000000e+00 0.0000000000e+00 2.7067760980e-04
 
Elt 2
 2.7067760980e-04 -6.3329123731e-17 -2.1925278433e-16 
 -6.3329123731e-17 -8.9376120883e-04 -9.3819951613e-17 
 -2.1926633686e-16 -9.3819951613e-17 2.7067760980e-04
 
Elt 1
 2.7489893821e-04 -2.1087701871e-17 -6.7762635780e-21 
 -2.1087701871e-17 -9.0466716278e-04 -9.5922271165e-17 
 6.7762635780e-21 -9.5922271165e-17 2.7489893821e-04
 
Elt 2
 2.7489893821e-04 2.2168187493e-16 -1.7827671847e-16 
 2.2168187493e-16 -9.0466716278e-04 -5.2130690932e-17 
 -1.7827671847e-16 -5.2130690932e-17 2.7489893821e-04
 
Elt 1
 2.7889574690e-04 -5.6858464756e-17 2.0328790734e-20 
 -5.6858464756e-17 -9.1557328345e-04 -1.4402707136e-16 
 1.3552527156e-20 -1.4402707136e-16 2.7889574690e-04
 
Elt 2
 2.7889574691e-04 -6.5181292288e-18 -2.6515519381e-17 
 -6.5181292288e-18 -9.1557328345e-04 -1.3984992186e-16 
 -2.6515519381e-17 -1.3984992186e-16 2.7889574691e-04
 
Elt 1
 2.8262078595e-04 -2.4188931006e-17 -1.3552527156e-20 
 -2.4188931006e-17 -9.2647956909e-04 -6.0959818801e-17 
 -2.7105054312e-20 -6.0959818801e-17 2.8262078595e-04
 
Elt 2
 2.8262078595e-04 9.0371615558e-17 -1.1763593571e-16 
 9.0371615558e-17 -9.2647956909e-04 -1.3200839684e-16 
 -1.1763593571e-16 -1.3200839684e-16 2.8262078595e-04
 
Elt 1
 2.8604787727e-04 -5.0259294957e-17 5.2177229551e-17 
 -5.0259294957e-17 -9.3738601728e-04 -8.3666299677e-17 
 5.2177229551e-17 -8.3666299677e-17 2.8604787727e-04
 
Elt 2
 2.8604787727e-04 5.0994231925e-17 -2.2199039482e-16 
 5.0994231925e-17 -9.3738601728e-04 -1.5978130025e-16 
 -2.2199039482e-16 -1.5978130025e-16 2.8604787727e-04
 
Elt 1
 2.8917328823e-04 -1.3821210275e-18 3.0025623914e-17 
 -1.3821210275e-18 -9.4829262505e-04 -1.0162814742e-16 
 3.0025623914e-17 -1.0162814742e-16 2.8917328823e-04
 
Elt 2
 2.8917328823e-04 1.0175939367e-16 -2.2199039482e-16 
 1.0175939367e-16 -9.4829262505e-04 -1.7717057824e-16 
 -2.2196328976e-16 -1.7717057824e-16 2.8917328823e-04
 
Elt 1
 2.9201542929e-04 -4.8077218002e-17 6.6000807250e-17 
 -4.8077218002e-17 -9.5919938915e-04 -7.3057599372e-17 
 6.6000807250e-17 -7.3057599372e-17 2.9201542929e-04
 
Elt 2
 2.9201542929e-04 1.4513434099e-16 -2.0141765859e-16 
 1.4513434099e-16 -9.5919938915e-04 -9.7317638636e-17 
 -2.0139055354e-16 -9.7317638636e-17 2.9201542929e-04
 
Elt 1
 2.9461294098e-04 -3.8780961646e-17 2.3750803841e-17 
 -3.8780961646e-17 -9.7010630630e-04 -7.8949401472e-17 
 2.3750803841e-17 -7.8949401472e-17 2.9461294098e-04
 
Elt 2
 2.9461294098e-04 1.5258642596e-16 -3.6270628428e-16 
 1.5258642596e-16 -9.7010630630e-04 -7.9917675432e-17 
 -3.6266562670e-16 -7.9917675432e-17 2.9461294098e-04
 
Elt 1
 2.9702135115e-04 5.0268747813e-17 6.1420053071e-17 
 5.0268747813e-17 -9.8101337341e-04 -7.4985888096e-17 
 6.1433605598e-17 -7.4985888096e-17 2.9702135115e-04
 
Elt 2
 2.9702135115e-04 1.0036060002e-16 -3.2463723550e-16 
 1.0036060002e-16 -9.8101337341e-04 -1.0082342668e-16 
 -3.2463723550e-16 -1.0082342668e-16 2.9702135115e-04
 
Elt 1
 2.9930858383e-04 2.7142993953e-17 0.0000000000e+00 
 2.7142993953e-17 -9.9192058782e-04 0.0000000000e+00 
 0.0000000000e+00 0.0000000000e+00 2.9930858383e-04
 
Elt 2
 2.9930858383e-04 1.1428527068e-16 -7.5243630770e-17 
 1.1428527068e-16 -9.9192058782e-04 -1.1889121115e-16 
 -7.5243630770e-17 -1.1889121115e-16 2.9930858383e-04
 
Elt 1
 3.0154967766e-04 6.3994724661e-17 0.0000000000e+00 
 6.3994724661e-17 -1.0028279475e-03 0.0000000000e+00 
 0.0000000000e+00 0.0000000000e+00 3.0154967766e-04
 
Elt 2
 3.0154967766e-04 -5.7249517967e-17 -1.2953505456e-16 
 -5.7249517967e-17 -1.0028279475e-03 3.2463215319e-18 
 -1.2953505456e-16 3.2463215319e-18 3.0154967766e-04
 
Elt 1
 3.0382112029e-04 1.1896533129e-16 0.0000000000e+00 
 1.1896533129e-16 -1.0137354510e-03 0.0000000000e+00 
 0.0000000000e+00 0.0000000000e+00 3.0382112029e-04
 
Elt 2
 3.0382112029e-04 2.9814970926e-16 -3.3295848717e-16 
 2.9814970926e-16 -1.0137354510e-03 1.0170655977e-17 
 -3.3295848717e-16 1.0170655977e-17 3.0382112029e-04
 
Elt 1
 3.0619522287e-04 1.3444289454e-16 -1.7723317388e-17 
 1.3444289454e-16 -1.0246430980e-03 6.4393714648e-17 
 -1.7723317388e-17 6.4393714648e-17 3.0619522287e-04
 
Elt 2
 3.0619522287e-04 2.8912907955e-17 -3.3298559222e-16 
 2.8912907955e-17 -1.0246430980e-03 -7.2154083665e-18 
 -3.3298559222e-16 -7.2154083665e-18 3.0619522287e-04
 
Elt 1
 3.0873494458e-04 5.6964346281e-17 -1.0703785948e-16 
 5.6964346281e-17 -1.0355508888e-03 1.0793131922e-16 
 -1.0706496453e-16 1.0793131922e-16 3.0873494458e-04
 
Elt 2
 3.0873494458e-04 1.4934927474e-16 -2.6249889849e-16 
 1.4934927474e-16 -1.0355508888e-03 2.3990207554e-17 
 -2.6249889849e-16 2.3990207554e-17 3.0873494458e-04
 
Elt 1
 3.1148953356e-04 1.2895642561e-16 -6.6624223499e-17 
 1.2895642561e-16 -1.0464588244e-03 6.9103597320e-17 
 -6.6624223499e-17 6.9103597320e-17 3.1148953356e-04
 
Elt 2
 3.1148953356e-04 1.6046223460e-16 -1.1102230246e-16 
 1.6046223460e-16 -1.0464588244e-03 2.7499140530e-17 
 -1.1102230246e-16 2.7499140530e-17 3.1148953356e-04
 
Elt 1
 3.1449128172e-04 1.2381163352e-16 -7.1096557461e-17 
 1.2381163352e-16 -1.0573669067e-03 1.0557230500e-16 
 -7.1096557461e-17 1.0557230500e-16 3.1449128172e-04
 
Elt 2
 3.1449128172e-04 2.1079986481e-16 -3.2653458930e-16 
 2.1079986481e-16 -1.0573669067e-03 -2.8060420968e-17 
 -3.2656169435e-16 -2.8060420968e-17 3.1449128172e-04
 
Elt 1
 3.1775360125e-04 -4.2593451954e-17 -1.1096809235e-16 
 -4.2593451954e-17 -1.0682751380e-03 6.7658567210e-17 
 -1.1096809235e-16 6.7658567210e-17 3.1775360125e-04
 
Elt 2
 3.1775360125e-04 4.4137057111e-17 -2.5738959575e-16 
 4.4137057111e-17 -1.0682751380e-03 -9.7460148245e-17 
 -2.5738959575e-16 -9.7460148245e-17 3.1775360125e-04
 
Elt 1
 3.2127052947e-04 -2.2154941131e-17 -1.1099519741e-16 
 -2.2154941131e-17 -1.0791835211e-03 5.0285671241e-17 
 -1.1099519741e-16 5.0285671241e-17 3.2127052947e-04
 
Elt 2
 3.2127052947e-04 1.4409287008e-16 -2.1746385075e-16 
 1.4409287008e-16 -1.0791835211e-03 8.6608583058e-17 
 -2.1746385075e-16 8.6608583058e-17 3.2127052947e-04
 
Elt 1
 3.2501766123e-04 -7.5407843536e-17 -1.0417827625e-16 
 -7.5407843536e-17 -1.0900920588e-03 1.7275407505e-18 
 -1.0416472372e-16 1.7275407505e-18 3.2501766123e-04
 
Elt 2
 3.2501766123e-04 1.2133745202e-16 -2.3544805428e-16 
 1.2133745202e-16 -1.0900920588e-03 -3.1466470788e-17 
 -2.3544805428e-16 -3.1466470788e-17 3.2501766123e-04
 
Elt 1
 3.2895440406e-04 2.7438514408e-17 -1.1104940752e-16 
 2.7438514408e-17 -1.1010007538e-03 4.8598129228e-17 
 -1.1104940752e-16 4.8598129228e-17 3.2895440406e-04
 
Elt 2
 3.2895440406e-04 1.2725539082e-17 -3.3293138212e-16 
 1.2725539082e-17 -1.1010007538e-03 -9.0523053034e-17 
 -3.3293138212e-16 -9.0523053034e-17 3.2895440406e-04
 
Elt 1
 3.3302735767e-04 -1.5158166851e-16 -1.2775967350e-16 
 -1.5158166851e-16 -1.1119096087e-03 -1.7412750812e-18 
 -1.2775967350e-16 -1.7412750812e-18 3.3302735767e-04
 
Elt 2
 3.3302735767e-04 -1.6052496296e-16 -5.0388295966e-16 
 -1.6052496296e-16 -1.1119096087e-03 -1.0785699294e-16 
 -5.0388295966e-16 -1.0785699294e-16 3.3302735767e-04
 
Elt 1
 3.3717454216e-04 -1.0121799548e-16 -2.7105054312e-20 
 -1.0121799548e-16 -1.1228186255e-03 -3.6422110977e-17 
 -5.4210108624e-20 -3.6422110977e-17 3.3717454216e-04
 
Elt 2
 3.3717454216e-04 -1.0225599356e-17 -3.2824220772e-16 
 -1.0225599356e-17 -1.1228186255e-03 -2.4501820334e-17 
 -3.2824220772e-16 -2.4501820334e-17 3.3717454216e-04
 
Elt 1
 3.4133014480e-04 -6.3638454942e-17 0.0000000000e+00 
 -6.3638454942e-17 -1.1337278058e-03 0.0000000000e+00 
 0.0000000000e+00 0.0000000000e+00 3.4133014480e-04
 
Elt 2
 3.4133014480e-04 8.9918407431e-17 -3.3198270522e-16 
 8.9918407431e-17 -1.1337278058e-03 -3.8383641170e-17 
 -3.3196915269e-16 -3.8383641170e-17 3.4133014479e-04
 
Elt 1
 3.4542942520e-04 -1.0938715502e-16 0.0000000000e+00 
 -1.0938715502e-16 -1.1446371504e-03 0.0000000000e+00 
 0.0000000000e+00 0.0000000000e+00 3.4542942520e-04
 
Elt 2
 3.4542942520e-04 1.6177634269e-16 -3.2610090843e-16 
 1.6177634269e-16 -1.1446371504e-03 -2.7952604614e-17 
 -3.2615511854e-16 -2.7952604614e-17 3.4542942520e-04
 
Elt 1
 3.4941341707e-04 -8.3374507055e-17 5.2631239211e-17 
 -8.3374507055e-17 -1.1555466593e-03 -9.6421940289e-17 
 5.2631239211e-17 -9.6421940289e-17 3.4941341707e-04
 
Elt 2
 3.4941341707e-04 -7.5491456707e-17 -2.3243939325e-16 
 -7.5491456707e-17 -1.1555466593e-03 -1.3201490159e-16 
 -2.3243939325e-16 -1.3201490159e-16 3.4941341707e-04
 
Elt 1
 3.5323308787e-04 -1.3627094375e-16 5.6337855388e-17 
 -1.3627094375e-16 -1.1664563319e-03 -1.0985408509e-16 
 5.6351407915e-17 -1.0985408509e-16 3.5323308787e-04
 
Elt 2
 3.5323308787e-04 -8.6060203817e-17 -2.5183305961e-16 
 -8.6060203817e-17 -1.1664563319e-03 -9.3853911007e-17 
 -2.5183305961e-16 -9.3853911007e-17 3.5323308787e-04
 
Elt 1
 3.5685266658e-04 -9.0007739548e-17 1.2179656155e-16 
 -9.0007739548e-17 -1.1773661670e-03 -8.3224600867e-17 
 1.2179656155e-16 -8.3224600867e-17 3.5685266658e-04
 
Elt 2
 3.5685266658e-04 -7.0512826939e-17 -9.2689121352e-17 
 -7.0512826939e-17 -1.1773661670e-03 -6.9511264058e-17 
 -9.2689121352e-17 -6.9511264058e-17 3.5685266658e-04
 
Elt 1
 3.6025191755e-04 -2.2640275363e-16 9.9312919000e-17 
 -2.2640275363e-16 -1.1882761628e-03 -5.5489358418e-17 
 9.9299366473e-17 -5.5489358418e-17 3.6025191755e-04
 
Elt 2
 3.6025191755e-04 -1.4815109791e-16 -1.3562013925e-16 
 -1.4815109791e-16 -1.1882761628e-03 -1.6314795172e-16 
 -1.3562013925e-16 -1.6314795172e-16 3.6025191755e-04
 
Elt 1
 3.6342722105e-04 -9.6705630965e-17 7.3332724441e-17 
 -9.6705630965e-17 -1.1991863172e-03 -5.0291437041e-17 
 7.3319171914e-17 -5.0291437041e-17 3.6342722105e-04
 
Elt 2
 3.6342722105e-04 -2.3095180764e-16 -9.0103976797e-17 
 -2.3095180764e-16 -1.1991863172e-03 -7.6554462734e-17 
 -9.0103976797e-17 -7.6554462734e-17 3.6342722105e-04
 
Elt 1
 3.6639141213e-04 -1.9028903013e-16 1.7420418406e-16 
 -1.9028903013e-16 -1.2100966276e-03 -2.7766325563e-17 
 1.7420418406e-16 -2.7766325563e-17 3.6639141213e-04
 
Elt 2
 3.6639141213e-04 2.0563609558e-17 -9.0103976797e-17 
 2.0563609558e-17 -1.2100966276e-03 -2.0997182544e-17 
 -9.0097200534e-17 -2.0997182544e-17 3.6639141213e-04
 
Elt 1
 3.6917242141e-04 -2.2125767978e-16 1.4052615408e-16 
 -2.2125767978e-16 -1.2210070918e-03 8.7007150552e-18 
 1.4052615408e-16 8.7007150552e-18 3.6917242141e-04
 
Elt 2
 3.6917242141e-04 -1.3457797533e-16 -5.7483043932e-17 
 -1.3457797533e-16 -1.2210070918e-03 7.0064549770e-17 
 -5.7476267669e-17 7.0064549770e-17 3.6917242141e-04
 
Elt 1
 3.7181084764e-04 8.9443863457e-17 5.9488817952e-17 
 8.9443863457e-17 -1.2319177073e-03 2.0841298002e-17 
 5.9488817952e-17 2.0841298002e-17 3.7181084764e-04
 
Elt 2
 3.7181084764e-04 -1.1650937587e-16 -1.6548313284e-16 
 -1.1650937587e-16 -1.2319177073e-03 -1.5648014454e-16 
 -1.6548990910e-16 -1.5648014454e-16 3.7181084764e-04
 
Elt 1
 3.7435666708e-04 9.9486578728e-17 0.0000000000e+00 
 9.9486578728e-17 -1.2428284722e-03 0.0000000000e+00 
 0.0000000000e+00 0.0000000000e+00 3.7435666708e-04
 
Elt 2
 3.7435666708e-04 1.8306453276e-16 -1.5837483235e-16 
 1.8306453276e-16 -1.2428284722e-03 3.4527367959e-17 
 -1.5840193740e-16 3.4527367959e-17 3.7435666708e-04
 
Elt 1
 3.7686534231e-04 -6.9695506584e-17 4.3151246465e-17 
 -6.9695506584e-17 -1.2537393850e-03 -1.7328814978e-17 
 4.3151246465e-17 -1.7328814978e-17 3.7686534231e-04
 
Elt 2
 3.7686534231e-04 7.7238963964e-17 -1.5441071815e-16 
 7.7238963964e-17 -1.2537393850e-03 -2.1145894498e-19 
 -1.5441071815e-16 -2.1145894498e-19 3.7686534231e-04
 
Elt 1
 3.7939363026e-04 7.0929145395e-18 0.0000000000e+00 
 7.0929145395e-18 -1.2646504445e-03 0.0000000000e+00 
 0.0000000000e+00 0.0000000000e+00 3.7939363026e-04
 
Elt 2
 3.7939363026e-04 -1.8937193592e-18 -2.4570731734e-16 
