Elt 1
 0.0000000000e+00 0.0000000000e+00 0.0000000000e+00 
 0.0000000000e+00 0.0000000000e+00 0.0000000000e+00 
 0.0000000000e+00 0.0000000000e+00 0.0000000000e+00
 
Elt 2
 0.0000000000e+00 0.0000000000e+00 0.0000000000e+00 
 0.0000000000e+00 0.0000000000e+00 0.0000000000e+00 
 0.0000000000e+00 0.0000000000e+00 0.0000000000e+00
 
Elt 1
 0.0000000000e+00 0.0000000000e+00 0.0000000000e+00 
 0.0000000000e+00 0.0000000000e+00 0.0000000000e+00 
 0.0000000000e+00 0.0000000000e+00 0.0000000000e+00
 
Elt 2
 -1.8242684906e-16 -8.6456848471e-17 1.1891555708e-16 
 -8.6456848471e-17 -3.9667047532e-16 1.4210737466e-16 
 1.1891555708e-16 1.4210737466e-16 -3.0908109532e-16
 
Elt 1
 0.0000000000e+00 0.0000000000e+00 0.0000000000e+00 
 0.0000000000e+00 1.0892657069e-04 0.0000000000e+00 
 0.0000000000e+00 0.0000000000e+00 0.0000000000e+00
 
Elt 2
 -8.5745373567e-17 -1.0441660495e-16 1.4562512595e-16 
 -1.0441660495e-16 1.0892657069e-04 1.3958282324e-28 
 1.4562512595e-16 1.3958282324e-28 -2.4732153382e-16
 
Elt 1
 -3.8900046033e-06 -5.2604363446e-17 0.0000000000e+00 
 -5.2604363446e-17 2.1784127768e-04 0.0000000000e+00 
 0.0000000000e+00 0.0000000000e+00 -3.8900046033e-06
 
Elt 2
 -3.8900046035e-06 -1.1847668040e-16 0.0000000000e+00 
 -1.1847668040e-16 2.1784127768e-04 0.0000000000e+00 
 0.0000000000e+00 0.0000000000e+00 -3.8900046034e-06
 
Elt 1
 -1.3670120756e-05 -6.6951081728e-17 0.0000000000e+00 
 -6.6951081728e-17 3.2674412355e-04 0.0000000000e+00 
 0.0000000000e+00 0.0000000000e+00 -1.3670120756e-05
 
Elt 2
 -1.3670120756e-05 -7.5751991586e-18 5.5508610132e-17 
 -7.5751991586e-18 3.2674412355e-04 1.7349084416e-16 
 5.5509457165e-17 1.7349084416e-16 -1.3670120756e-05
 
Elt 1
 -3.0854791334e-05 2.2752292965e-17 0.0000000000e+00 
 2.2752292965e-17 4.3563468731e-04 0.0000000000e+00 
 0.0000000000e+00 0.0000000000e+00 -3.0854791334e-05
 
Elt 2
 -3.0854791334e-05 -7.5197010797e-17 0.0000000000e+00 
 -7.5197010797e-17 4.3563468731e-04 0.0000000000e+00 
 0.0000000000e+00 0.0000000000e+00 -3.0854791334e-05
 
Elt 1
 -5.6374918735e-05 -1.1669517165e-17 0.0000000000e+00 
 -1.1669517165e-17 5.4451233043e-04 0.0000000000e+00 
 0.0000000000e+00 0.0000000000e+00 -5.6374918735e-05
 
Elt 2
 -5.6374918735e-05 -3.7845506209e-17 -9.1109653459e-30 
 -3.7845506209e-17 5.4451233043e-04 1.5963329565e-16 
 -9.1109653459e-30 1.5963329565e-16 -5.6374918735e-05
 
Elt 1
 -9.0525387032e-05 -2.0994174251e-17 0.0000000000e+00 
 -2.0994174251e-17 6.5337624979e-04 0.0000000000e+00 
 0.0000000000e+00 0.0000000000e+00 -9.0525387032e-05
 
Elt 2
 -9.0525387032e-05 -3.8275502186e-17 0.0000000000e+00 
 -3.8275502186e-17 6.5337624979e-04 0.0000000000e+00 
 0.0000000000e+00 0.0000000000e+00 -9.0525387032e-05
 
Elt 1
 -1.3296064835e-04 7.3869465644e-17 0.0000000000e+00 
 7.3869465644e-17 7.6222554136e-04 0.0000000000e+00 
 0.0000000000e+00 0.0000000000e+00 -1.3296064835e-04
 
Elt 2
 -1.3296064835e-04 5.6425713116e-18 4.2351647456e-22 
 5.6425713116e-18 7.6222554136e-04 1.7351717668e-16 
 -4.2351647270e-22 1.7351717668e-16 -1.3296064835e-04
 
Elt 1
 -1.8273742281e-04 3.0835550596e-20 0.0000000000e+00 
 3.0835550596e-20 8.7105926946e-04 0.0000000000e+00 
 0.0000000000e+00 0.0000000000e+00 -1.8273742281e-04
 
Elt 2
 -1.8273742281e-04 -2.3661069368e-18 0.0000000000e+00 
 -2.3661069368e-18 8.7105926946e-04 0.0000000000e+00 
 0.0000000000e+00 0.0000000000e+00 -1.8273742281e-04
 
Elt 1
 -2.3840010518e-04 2.7670321434e-17 0.0000000000e+00 
 2.7670321434e-17 9.7987653654e-04 0.0000000000e+00 
 0.0000000000e+00 0.0000000000e+00 -2.3840010518e-04
 
Elt 2
 -2.3840010519e-04 -1.3437935845e-16 1.0114251017e-16 
 -1.3437935845e-16 9.7987653654e-04 1.2844759576e-20 
 1.0114251017e-16 1.2844759576e-20 -2.3840010519e-04
 
Elt 1
 -2.9810141726e-04 2.3477940670e-17 0.0000000000e+00 
 2.3477940670e-17 1.0886765482e-03 0.0000000000e+00 
 0.0000000000e+00 0.0000000000e+00 -2.9810141726e-04
 
Elt 2
 -2.9810141726e-04 8.5728970886e-17 0.0000000000e+00 
 8.5728970886e-17 1.0886765482e-03 0.0000000000e+00 
 0.0000000000e+00 0.0000000000e+00 -2.9810141726e-04
 
Elt 1
 -3.5974823467e-04 2.4958338920e-17 0.0000000000e+00 
 2.4958338920e-17 1.1974586687e-03 0.0000000000e+00 
 0.0000000000e+00 0.0000000000e+00 -3.5974823467e-04
 
Elt 2
 -3.5974823467e-04 -1.9488895541e-17 1.0362262264e-16 
 -1.9488895541e-17 1.1974586687e-03 1.0115102020e-20 
 1.0364972769e-16 1.0115102020e-20 -3.5974823467e-04
 
Elt 1
 -4.2116201129e-04 -1.0175010702e-16 5.0550926292e-17 
 -1.0175010702e-16 1.3062224637e-03 1.9804211366e-21 
 5.0550926292e-17 1.9804211366e-21 -4.2116201129e-04
 
Elt 2
 -4.2116201129e-04 4.5671599408e-17 1.0877258295e-16 
 4.5671599408e-17 1.3062224637e-03 1.3211723391e-20 
 1.0874547790e-16 1.3211723391e-20 -4.2116201129e-04
 
Elt 1
 -4.8024102750e-04 -1.1825891619e-16 1.4601492758e-16 
 -1.1825891619e-16 1.4149677269e-03 7.6187907321e-21 
 1.4598782253e-16 7.6187907321e-21 -4.8024102750e-04
 
Elt 2
 -4.8024102750e-04 -2.4690935761e-16 1.9033169138e-16 
 -2.4690935761e-16 1.4149677269e-03 4.1891952593e-17 
 1.9038590149e-16 4.1891952593e-17 -4.8024102750e-04
 
Elt 1
 -5.3511219313e-04 -2.2291744088e-17 1.0950441942e-16 
 -2.2291744088e-17 1.5236944886e-03 3.3672841145e-21 
 1.0950441942e-16 3.3672841145e-21 -5.3511219313e-04
 
Elt 2
 -5.3511219313e-04 -1.4542761376e-16 2.1581044243e-16 
 -1.4542761376e-16 1.5236944886e-03 3.9630996082e-20 
 2.1581044243e-16 3.9630996082e-20 -5.3511219313e-04
 
Elt 1
 -5.8426162277e-04 -4.4444130785e-17 1.1113072268e-16 
 -4.4444130785e-17 1.6324030079e-03 3.8252304311e-20 
 1.1113072268e-16 3.8252304311e-20 -5.8426162277e-04
 
Elt 2
 -5.8426162277e-04 3.5878850791e-17 2.1304572689e-16 
 3.5878850791e-17 1.6324030079e-03 -1.6383291297e-20 
 2.1304572689e-16 -1.6383291297e-20 -5.8426162277e-04
 
Elt 1
 -6.2663547657e-04 9.6472600178e-18 5.5077470362e-17 
 9.6472600178e-18 1.7410937471e-03 2.9495426022e-20 
 5.5131680471e-17 2.9495426022e-20 -6.2663547657e-04
 
Elt 2
 -6.2663547657e-04 -9.5126981182e-17 2.0003530082e-16 
 -9.5126981182e-17 1.7410937471e-03 5.9331298703e-17 
 2.0000819577e-16 5.9331298703e-17 -6.2663547657e-04
 
Elt 1
 -6.6170480364e-04 8.2491234739e-17 1.2744796538e-16 
 8.2491234739e-17 1.8497673329e-03 -1.0425425184e-20 
 1.2744796538e-16 -1.0425425184e-20 -6.6170480364e-04
 
Elt 2
 -6.6170480364e-04 1.6888601355e-17 1.6452767967e-16 
 1.6888601355e-17 1.8497673329e-03 1.9450103679e-21 
 1.6458188978e-16 1.9450103679e-21 -6.6170480364e-04
 
Elt 1
 -6.8948996750e-04 -1.5992265740e-16 1.0728180497e-16 
 -1.5992265740e-16 1.9584245058e-03 4.0820094633e-21 
 1.0728180497e-16 4.0820094633e-21 -6.8948996750e-04
 
Elt 2
 -6.8948996750e-04 -2.9029009911e-17 2.1488887059e-16 
 -2.9029009911e-17 1.9584245058e-03 -1.4810052733e-20 
 2.1488887059e-16 -1.4810052733e-20 -6.8948996750e-04
 
Elt 1
 -7.1054421591e-04 -1.0746133085e-16 2.1846673776e-17 
 -1.0746133085e-16 2.0670660639e-03 1.5574389656e-17 
 2.1846673776e-17 1.5574389656e-17 -7.1054421591e-04
 
Elt 2
 -7.1054421591e-04 -1.3296706001e-16 1.6160033381e-16 
 -1.3296706001e-16 2.0670660639e-03 1.8047031325e-16 
 1.6165454392e-16 1.8047031325e-16 -7.1054421591e-04
 
Elt 1
 -7.2589870367e-04 1.2587149911e-16 1.0516761073e-16 
 1.2587149911e-16 2.1756928021e-03 -2.8620889510e-20 
 1.0527603095e-16 -2.8620889510e-20 -7.2589870367e-04
 
Elt 2
 -7.2589870367e-04 -5.9698373410e-17 1.6647924359e-16 
 -5.9698373410e-17 2.1756928021e-03 2.3948586316e-16 
 1.6642503348e-16 2.3948586316e-16 -7.2589870367e-04
 
Elt 1
 -7.3697401618e-04 -9.4065690346e-17 0.0000000000e+00 
 -9.4065690346e-17 2.2843054552e-03 0.0000000000e+00 
 0.0000000000e+00 0.0000000000e+00 -7.3697401618e-04
 
Elt 2
 -7.3697401618e-04 -1.0927660440e-16 3.5385648404e-17 
 -1.0927660440e-16 2.2843054552e-03 1.4934224274e-16 
 3.5358543350e-17 1.4934224274e-16 -7.3697401618e-04
 
Elt 1
 -7.4546554782e-04 -7.4939124259e-18 0.0000000000e+00 
 -7.4939124259e-18 2.3929046455e-03 0.0000000000e+00 
 0.0000000000e+00 0.0000000000e+00 -7.4546554782e-04
 
Elt 2
 -7.4546554782e-04 -6.7139195672e-17 5.4210108622e-20 
 -6.7139195672e-17 2.3929046455e-03 1.5281652682e-16 
 5.4210108622e-20 1.5281652682e-16 -7.4546554782e-04
 
Elt 1
 -7.5321180566e-04 -5.9239187188e-17 -1.2826111701e-16 
 -5.9239187188e-17 2.5014908407e-03 6.9854163125e-21 
 -1.2826111701e-16 6.9854163125e-21 -7.5321180566e-04
 
Elt 2
 -7.5321180566e-04 1.6421879696e-16 0.0000000000e+00 
 1.6421879696e-16 2.5014908407e-03 0.0000000000e+00 
 0.0000000000e+00 0.0000000000e+00 -7.5321180566e-04
 
Elt 1
 -7.6205572568e-04 -1.4754731115e-16 -1.0663128366e-16 
 -1.4754731115e-16 2.6100643243e-03 -4.4425129724e-20 
 -1.0668549377e-16 -4.4425129724e-20 -7.6205572568e-04
 
Elt 2
 -7.6205572568e-04 -3.6278137601e-17 -1.0771548584e-16 
 -3.6278137601e-17 2.6100643243e-03 1.4590160196e-16 
 -1.0766127573e-16 1.4590160196e-16 -7.6205572568e-04
 
Elt 1
 -7.7370934738e-04 3.9553705754e-16 -1.5124620306e-16 
 3.9553705754e-16 2.7186251801e-03 -2.1965548469e-20 
 -1.5124620306e-16 -2.1965548469e-20 -7.7370934738e-04
 
Elt 2
 -7.7370934738e-04 8.5553520879e-18 0.0000000000e+00 
 8.5553520879e-18 2.7186251801e-03 0.0000000000e+00 
 0.0000000000e+00 0.0000000000e+00 -7.7370934738e-04
 
Elt 1
 -7.8963168908e-04 1.6424934737e-16 -9.9475549326e-17 
 1.6424934737e-16 2.8271732918e-03 -2.6012478145e-20 
 -9.9475549326e-17 -2.6012478145e-20 -7.8963168908e-04
 
Elt 2
 -7.8963168908e-04 -5.7343444848e-17 0.0000000000e+00 
 -5.7343444848e-17 2.8271732918e-03 0.0000000000e+00 
 0.0000000000e+00 0.0000000000e+00 -7.8963168908e-04
 
Elt 1
 -8.1092845163e-04 1.0240661544e-16 -1.5205935469e-16 
 1.0240661544e-16 2.9357083572e-03 7.0576305403e-21 
 -1.5205935469e-16 7.0576305403e-21 -8.1092845163e-04
 
Elt 2
 -8.1092845163e-04 -3.0793834522e-17 1.3728710009e-17 
 -3.0793834522e-17 2.9357083572e-03 1.8054425232e-16 
 1.3728710009e-17 1.8054425232e-16 -8.1092845163e-04
 
Elt 1
 -8.3828035600e-04 -2.2881813807e-16 -1.4745149546e-16 
 -2.2881813807e-16 3.0442299163e-03 1.7182932099e-20 
 -1.4745149546e-16 1.7182932099e-20 -8.3828035600e-04
 
Elt 2
 -8.3828035600e-04 1.2965293841e-16 -3.1468968056e-17 
 1.2965293841e-16 3.0442299163e-03 9.7522532309e-17 
 -3.1496073111e-17 9.7522532309e-17 -8.3828035600e-04
 
Elt 1
 -8.7190463690e-04 1.1494305488e-16 -1.4994516045e-16 
 1.1494305488e-16 3.1527373890e-03 -3.9837786322e-20 
 -1.4994516045e-16 -3.9837786322e-20 -8.7190463690e-04
 
Elt 2
 -8.7190463690e-04 -6.3787625927e-17 -1.0890810823e-16 
 -6.3787625927e-17 3.1527373890e-03 -6.8619618173e-20 
 -1.0896231833e-16 -6.8619618173e-20 -8.7190463690e-04
 
Elt 1
 -9.1155165133e-04 9.2118200746e-17 -1.5547459153e-16 
 9.2118200746e-17 3.2612301217e-03 -2.5695155049e-20 
 -1.5547459153e-16 -2.5695155049e-20 -9.1155165133e-04
 
Elt 2
 -9.1155165133e-04 1.2472163176e-16 -1.6441925946e-16 
 1.2472163176e-16 3.2612301217e-03 6.2904673588e-17 
 -1.6436504935e-16 6.2904673588e-17 -9.1155165133e-04
 
Elt 1
 -9.5653591454e-04 5.5232700721e-17 -1.5081252219e-16 
 5.5232700721e-17 3.3697074376e-03 5.7942701973e-20 
 -1.5081252219e-16 5.7942701973e-20 -9.5653591454e-04
 
Elt 2
 -9.5653591454e-04 8.9502409132e-17 -2.0377579832e-16 
 8.9502409132e-17 3.3697074376e-03 1.8051943955e-16 
 -2.0377579832e-16 1.8051943955e-16 -9.5653591454e-04
 
Elt 1
 -1.0057983500e-03 -3.4544980297e-17 -5.2800645800e-17 
 -3.4544980297e-17 3.4781686875e-03 -5.8385389697e-20 
 -5.2854855909e-17 -5.8385389697e-20 -1.0057983500e-03
 
Elt 2
 -1.0057983500e-03 9.6312718803e-17 -4.2988616139e-17 
 9.6312718803e-17 3.4781686875e-03 4.9214223301e-17 
 -4.2988616139e-17 4.9214223301e-17 -1.0057983500e-03
 
Elt 1
 -1.0579943192e-03 -1.0307688623e-16 -8.3808827933e-17 
 -1.0307688623e-16 3.5866132967e-03 9.6029010220e-21 
 -8.3808827933e-17 9.6029010220e-21 -1.0579943192e-03
 
Elt 2
 -1.0579943192e-03 8.4966148113e-18 3.0737131590e-17 
 8.4966148113e-18 3.5866132967e-03 1.5984300005e-16 
 3.0628711373e-17 1.5984300005e-16 -1.0579943192e-03
 
Elt 1
 -1.1116002427e-03 2.6973745596e-16 5.4210108623e-20 
 2.6973745596e-16 3.6950408057e-03 -3.1216213126e-17 
 -1.3489451407e-30 -3.1216213126e-17 -1.1116002427e-03
 
Elt 2
 -1.1116002427e-03 -7.8497926267e-19 0.0000000000e+00 
 -7.8497926267e-19 3.6950408057e-03 0.0000000000e+00 
 0.0000000000e+00 0.0000000000e+00 -1.1116002427e-03
 
Elt 1
 -1.1650304517e-03 -8.5878877305e-17 -1.1080546203e-16 
 -8.5878877305e-17 3.8034509010e-03 1.1268705228e-20 
 -1.1080546203e-16 1.1268705228e-20 -1.1650304517e-03
 
Elt 2
 -1.1650304517e-03 -9.4989036613e-17 0.0000000000e+00 
 -9.4989036613e-17 3.8034509010e-03 0.0000000000e+00 
 0.0000000000e+00 0.0000000000e+00 -1.1650304517e-03
 
Elt 1
 -1.2167553931e-03 1.7986361147e-16 0.0000000000e+00 
 1.7986361147e-16 3.9118434346e-03 0.0000000000e+00 
 0.0000000000e+00 0.0000000000e+00 -1.2167553931e-03
 
Elt 2
 -1.2167553931e-03 -1.0647662942e-17 1.1031757105e-16 
 -1.0647662942e-17 3.9118434346e-03 -4.0712427771e-17 
 1.1026336094e-16 -4.0712427771e-17 -1.2167553931e-03
 
Elt 1
 -1.2654124599e-03 -2.3596040006e-16 0.0000000000e+00 
 -2.3596040006e-16 4.0202184301e-03 0.0000000000e+00 
 0.0000000000e+00 0.0000000000e+00 -1.2654124599e-03
 
Elt 2
 -1.2654124599e-03 -1.7785682213e-16 1.0039712117e-16 
 -1.7785682213e-16 4.0202184301e-03 -6.0364459655e-20 
 1.0028870095e-16 -6.0364459655e-20 -1.2654124599e-03
 
Elt 1
 -1.3099015144e-03 1.1273500161e-16 1.0961283964e-16 
 1.1273500161e-16 4.1285760771e-03 -3.6564087405e-20 
 1.0950441942e-16 -3.6564087405e-20 -1.3099015144e-03
 
Elt 2
 -1.3099015144e-03 -3.0232614887e-17 1.9873425822e-16 
 -3.0232614887e-17 4.1285760771e-03 9.7562296264e-17 
 1.9873425822e-16 9.7562296264e-17 -1.3099015144e-03
 
Elt 1
 -1.3494585151e-03 -1.2147230964e-16 1.3639263330e-16 
 -1.2147230964e-16 4.2369167126e-03 2.7812625540e-20 
 1.3628421308e-16 2.7812625540e-20 -1.3494585151e-03
 
Elt 2
 -1.3494585151e-03 -1.2089615104e-16 2.7029160160e-16 
 -1.2089615104e-16 4.2369167126e-03 1.7375854506e-16 
 2.7040002182e-16 1.7375854506e-16 -1.3494585151e-03
 
Elt 1
 -1.3837024517e-03 -1.1421438425e-16 1.6544925152e-16 
 -1.1421438425e-16 4.3452407927e-03 4.7803427038e-20 
 1.6534083130e-16 4.7803427038e-20 -1.3837024517e-03
 
Elt 2
 -1.3837024517e-03 2.3232425739e-17 2.7495367094e-16 
 2.3232425739e-17 4.3452407927e-03 1.3222295020e-16 
 2.7495367094e-16 1.3222295020e-16 -1.3837024517e-03
 
Elt 1
 -1.4126528810e-03 -1.7920914917e-16 2.1716569515e-16 
 -1.7920914917e-16 4.4535488557e-03 8.9957474829e-20 
 2.1705727493e-16 8.9957474829e-20 -1.4126528810e-03
 
Elt 2
 -1.4126528810e-03 -7.6076935945e-17 3.1051550220e-16 
 -7.6076935945e-17 4.4535488557e-03 2.1528193900e-16 
 3.1051550220e-16 2.1528193900e-16 -1.4126528810e-03
 
Elt 1
 -1.4367175779e-03 8.7485193989e-17 2.5120964336e-16 
 8.7485193989e-17 4.5618414811e-03 7.6406229498e-20 
 2.5120964336e-16 7.6406229498e-20 -1.4367175779e-03
 
Elt 2
 -1.4367175779e-03 1.9527215310e-16 3.0552817221e-16 
 1.9527215310e-16 4.5618414811e-03 -2.1103987441e-20 
 3.0541975199e-16 -2.1103987441e-20 -1.4367175779e-03
 
Elt 1
 -1.4566520181e-03 -3.2060768032e-18 1.5688405436e-16 
 -3.2060768032e-18 4.6701192459e-03 2.7251997879e-20 
 1.5688405436e-16 2.7251997879e-20 -1.4566520181e-03
 
Elt 2
 -1.4566520181e-03 8.3042532705e-17 2.0827523733e-16 
 8.3042532705e-17 4.6701192459e-03 6.3277099960e-17 
 2.0827523733e-16 6.3277099960e-17 -1.4566520181e-03
 
Elt 1
 -1.4734944193e-03 -8.0103933451e-18 2.5793169683e-16 
 -8.0103933451e-18 4.7783826827e-03 -3.8160447379e-20 
 2.5771485640e-16 -3.8160447379e-20 -1.4734944193e-03
 
Elt 2
 -1.4734944193e-03 1.8609355949e-16 2.7213474529e-16 
 1.8609355949e-16 4.7783826827e-03 1.4623680647e-16 
 2.7202632508e-16 1.4623680647e-16 -1.4734944193e-03
 
Elt 1
 -1.4884817587e-03 -1.9582388266e-16 1.7282182629e-16 
 -1.9582388266e-16 4.8866322420e-03 3.8188745281e-17 
 1.7282182629e-16 3.8188745281e-17 -1.4884817587e-03
 
Elt 2
 -1.4884817587e-03 -2.3105769544e-16 2.1337098755e-16 
 -2.3105769544e-16 4.8866322420e-03 -9.7590382587e-21 
 2.1347940776e-16 -9.7590382587e-21 -1.4884817587e-03
 
Elt 1
 -1.5029534368e-03 -2.3312700471e-16 1.5363144784e-16 
 -2.3312700471e-16 4.9948682617e-03 -2.5173733229e-21 
 1.5363144784e-16 -2.5173733229e-21 -1.5029534368e-03
 
Elt 2
 -1.5029534368e-03 9.7816517604e-17 1.6599135261e-16 
 9.7816517604e-17 4.9948682617e-03 4.0121347246e-21 
 1.6599135261e-16 4.0121347246e-21 -1.5029534368e-03
 
Elt 1
 -1.5182499894e-03 -7.7758270120e-17 5.5294310797e-17 
 -7.7758270120e-17 5.1030909457e-03 2.4337738270e-17 
 5.5294310797e-17 2.4337738270e-17 -1.5182499894e-03
 
Elt 2
 -1.5182499894e-03 -6.2189428986e-18 2.8731357571e-17 
 -6.2189428986e-18 5.1030909457e-03 1.5330796682e-16 
 2.8731357571e-17 1.5330796682e-16 -1.5182499894e-03
 
Elt 1
 -1.5356144257e-03 -1.6630117231e-16 0.0000000000e+00 
 -1.6630117231e-16 5.2113003530e-03 0.0000000000e+00 
 0.0000000000e+00 0.0000000000e+00 -1.5356144257e-03
 
Elt 2
 -1.5356144257e-03 -2.7773881625e-17 -5.0855961102e-31 
 -2.7773881625e-17 5.2113003530e-03 1.6017141995e-16 
 -5.0855961102e-31 1.6017141995e-16 -1.5356144257e-03
 
Elt 1
 -1.5561033834e-03 1.1790668787e-16 -5.2692225583e-17 
 1.1790668787e-16 5.3194963973e-03 4.1649668447e-17 
 -5.2692225583e-17 4.1649668447e-17 -1.5561033834e-03
 
Elt 2
 -1.5561033834e-03 -6.2535705201e-17 3.0140820395e-17 
 -6.2535705201e-17 5.3194963973e-03 9.8158951663e-17 
 3.0167925449e-17 9.8158951663e-17 -1.5561033834e-03
 
Elt 1
 -1.5805143854e-03 -1.6946169420e-18 -1.0495077030e-16 
 -1.6946169420e-18 5.4276788581e-03 4.9987572686e-20 
 -1.0495077030e-16 4.9987572686e-20 -1.5805143854e-03
 
Elt 2
 -1.5805143854e-03 -4.6062772190e-17 -6.6841063934e-17 
 -4.6062772190e-17 5.4276788581e-03 2.0847849112e-16 
 -6.6786853825e-17 2.0847849112e-16 -1.5805143854e-03
 
Elt 1
 -1.6093341362e-03 -1.1390373854e-18 -1.5807667675e-16 
 -1.1390373854e-18 5.5358474005e-03 8.0347108681e-20 
 -1.5818509697e-16 8.0347108681e-20 -1.6093341362e-03
 
Elt 2
 -1.6093341362e-03 -3.2478807978e-17 1.8133281335e-17 
 -3.2478807978e-17 5.5358474005e-03 1.8110517283e-16 
 1.8106176281e-17 1.8110517283e-16 -1.6093341362e-03
 
Elt 1
 -1.6427111118e-03 -1.3405231512e-16 -1.9862583800e-16 
 -1.3405231512e-16 5.6440016037e-03 5.6167854119e-20 
 -1.9862583800e-16 5.6167854119e-20 -1.6427111118e-03
 
Elt 2
 -1.6427111118e-03 -1.0605170278e-16 -1.6588293239e-16 
 -1.0605170278e-16 5.6440016037e-03 1.5324834357e-16 
 -1.6577451217e-16 1.5324834357e-16 -1.6427111118e-03
 
Elt 1
 -1.6804538202e-03 3.2824559521e-17 -2.1239520559e-16 
 3.2824559521e-17 5.7521409944e-03 5.2092733478e-17 
 -2.1239520559e-16 5.2092733478e-17 -1.6804538202e-03
 
Elt 2
 -1.6804538202e-03 -1.2276677586e-16 -2.6432848965e-16 
 -1.2276677586e-16 5.7521409944e-03 8.1048518871e-17 
 -2.6422006943e-16 8.1048518871e-17 -1.6804538202e-03
 
Elt 1
 -1.7220541714e-03 2.3331799656e-16 -2.3678975447e-16 
 2.3331799656e-16 5.8602650836e-03 5.3657329019e-17 
 -2.3689817469e-16 5.3657329019e-17 -1.7220541714e-03
 
Elt 2
 -1.7220541714e-03 1.8198053742e-17 -2.1109416298e-16 
 1.8198053742e-17 5.8602650836e-03 -6.3967989517e-20 
 -2.1109416298e-16 -6.3967989517e-20 -1.7220541714e-03
 
Elt 1
 -1.7667335541e-03 1.0412904025e-16 -2.1434676950e-16 
 1.0412904025e-16 5.9683734030e-03 4.8614515427e-20 
 -2.1423834928e-16 4.8614515427e-20 -1.7667335541e-03
 
Elt 2
 -1.7667335541e-03 5.9180103770e-17 -1.4018734090e-16 
 5.9180103770e-17 5.9683734030e-03 2.0845791386e-16 
 -1.4018734090e-16 2.0845791386e-16 -1.7667335541e-03
 
Elt 1
 -1.8135076014e-03 7.9113209927e-17 -2.1076890233e-16 
 7.9113209927e-17 6.0764655397e-03 -9.1611562532e-20 
 -2.1076890233e-16 -9.1611562532e-20 -1.8135076014e-03
 
Elt 2
 -1.8135076015e-03 3.5061858638e-17 -1.6631661326e-16 
 3.5061858638e-17 6.0764655397e-03 1.2577656804e-16 
 -1.6642503348e-16 1.2577656804e-16 -1.8135076015e-03
 
Elt 1
 -1.8612643549e-03 1.0739835729e-16 -2.1217836516e-16 
 1.0739835729e-16 6.1845411652e-03 6.9916837618e-20 
 -2.1206994494e-16 6.9916837618e-20 -1.8612643549e-03
 
Elt 2
 -1.8612643549e-03 3.0728413429e-17 -1.3736841525e-16 
 3.0728413429e-17 6.1845411652e-03 7.0701172251e-17 
 -1.3725999504e-16 7.0701172251e-17 -1.8612643549e-03
 
Elt 1
 -1.9088496924e-03 1.9753490859e-16 -1.4517467090e-16 
 1.9753490859e-16 6.2926000575e-03 5.3708640996e-20 
 -1.4506625068e-16 5.3708640996e-20 -1.9088496924e-03
 
Elt 2
 -1.9088496924e-03 1.0259371003e-18 -1.5655879371e-16 
 1.0259371003e-18 6.2926000575e-03 1.9466083027e-16 
 -1.5666721392e-16 1.9466083027e-16 -1.9088496924e-03
 
Elt 1
 -1.9551535209e-03 -1.9423395833e-18 -5.4752209711e-17 
 -1.9423395833e-18 6.4006421147e-03 -1.2478212546e-19 
 -5.4752209711e-17 -1.2478212546e-19 -1.9551535209e-03
 
Elt 2
 -1.9551535209e-03 6.6028700595e-17 -1.4593361242e-16 
 6.6028700595e-17 6.4006421147e-03 -5.3676153492e-20 
 -1.4593361242e-16 -5.3676153492e-20 -1.9551535209e-03
 
Elt 1
 -1.9991903596e-03 -1.6171511159e-16 -1.1763593571e-16 
 -1.6171511159e-16 6.5086673598e-03 4.8420305694e-20 
 -1.1763593571e-16 4.8420305694e-20 -1.9991903596e-03
 
Elt 2
 -1.9991903596e-03 -1.6828405117e-17 1.1790698626e-18 
 -1.6828405117e-17 6.5086673598e-03 1.5301411310e-16 
 1.1722935990e-18 1.5301411310e-16 -1.9991903596e-03
 
Elt 1
 -2.0401685333e-03 -7.5365310201e-18 0.0000000000e+00 
 -7.5365310201e-18 6.6166759356e-03 0.0000000000e+00 
 0.0000000000e+00 0.0000000000e+00 -2.0401685333e-03
 
Elt 2
 -2.0401685333e-03 1.3484267436e-17 2.1467203015e-17 
 1.3484267436e-17 6.6166759356e-03 1.3923521510e-16 
 2.1467203015e-17 1.3923521510e-16 -2.0401685333e-03
 
Elt 1
 -2.0775431930e-03 7.2059129959e-17 0.0000000000e+00 
 7.2059129959e-17 6.7246680914e-03 0.0000000000e+00 
 0.0000000000e+00 0.0000000000e+00 -2.0775431930e-03
 
Elt 2
 -2.0775431930e-03 -8.9767499679e-17 0.0000000000e+00 
 -8.9767499679e-17 6.7246680914e-03 0.0000000000e+00 
 0.0000000000e+00 0.0000000000e+00 -2.0775431930e-03
 
Elt 1
 -2.1110497081e-03 1.2790739905e-16 1.0755285551e-16 
 1.2790739905e-16 6.8326441616e-03 -9.2815826410e-20 
 1.0755285551e-16 -9.2815826410e-20 -2.1110497081e-03
 
Elt 2
 -2.1110497081e-03 2.0888825362e-17 1.0755285551e-16 
 2.0888825362e-17 6.8326441616e-03 1.1127934931e-16 
 1.0755285551e-16 1.1127934931e-16 -2.1110497081e-03
 
Elt 1
 -2.1407155089e-03 1.4955843744e-16 1.6631661326e-16 
 1.4955843744e-16 6.9406045394e-03 -7.9834635261e-17 
 1.6609977282e-16 -7.9834635261e-17 -2.1407155089e-03
 
Elt 2
 -2.1407155089e-03 -1.3831485842e-16 2.1792463667e-16 
 -1.3831485842e-16 6.9406045394e-03 5.4394455906e-20 
 2.1792463667e-16 5.4394455906e-20 -2.1407155089e-03
 
Elt 1
 -2.1668500950e-03 -2.1075646116e-16 2.2291196666e-16 
 -2.1075646116e-16 7.0485496463e-03 -7.6674897802e-17 
 2.2269512623e-16 -7.6674897802e-17 -2.1668500950e-03
 
Elt 2
 -2.1668500950e-03 -2.3133286696e-16 2.2226144536e-16 
 -2.3133286696e-16 7.0485496463e-03 7.6713288385e-17 
 2.2204460493e-16 7.6713288385e-17 -2.1668500950e-03
 
Elt 1
 -2.1900145383e-03 -1.8161270016e-17 2.7430314964e-16 
 -1.8161270016e-17 7.1564799006e-03 -9.2379940305e-17 
 2.7408630920e-16 -9.2379940305e-17 -2.1900145383e-03
 
Elt 2
 -2.1900145383e-03 3.6401028616e-17 3.2699537522e-16 
 3.6401028616e-17 7.1564799006e-03 -7.5154164222e-17 
 3.2699537522e-16 -7.5154164222e-17 -2.1900145383e-03
 
Elt 1
 -2.2109732751e-03 9.3604053054e-17 2.6866529834e-16 
 9.3604053054e-17 7.2643956870e-03 -1.1966003082e-16 
 2.6866529834e-16 -1.1966003082e-16 -2.2109732751e-03
 
Elt 2
 -2.2109732751e-03 -3.7241958974e-17 3.3154902435e-16 
 -3.7241958974e-17 7.2643956870e-03 -8.1990814012e-17 
 3.3176586478e-16 -8.1990814012e-17 -2.2109732751e-03
 
Elt 1
 -2.2306322138e-03 -1.6920993134e-16 2.7365262834e-16 
 -1.6920993134e-16 7.3722973294e-03 -9.3978466146e-17 
 2.7365262834e-16 -9.3978466146e-17 -2.2306322138e-03
 
Elt 2
 -2.2306322138e-03 4.8057695794e-17 2.6931581965e-16 
 4.8057695794e-17 7.3722973294e-03 -1.2344802408e-16 
 2.6931581965e-16 -1.2344802408e-16 -2.2306322138e-03
 
Elt 1
 -2.2499680807e-03 -1.2871881934e-16 2.7712207529e-16 
 -1.2871881934e-16 7.4801850693e-03 -9.0546414251e-17 
 2.7733891572e-16 -9.0546414251e-17 -2.2499680807e-03
 
Elt 2
 -2.2499680807e-03 -7.5572687450e-17 2.7647155398e-16 
 -7.5572687450e-17 7.4801850693e-03 -5.8743510155e-20 
 2.7647155398e-16 -5.8743510155e-20 -2.2499680807e-03
 
Elt 1
 -2.2699544457e-03 -5.8392233545e-18 1.6393136848e-16 
 -5.8392233545e-18 7.5880590500e-03 -1.1324265144e-16 
 1.6393136848e-16 -1.1324265144e-16 -2.2699544457e-03
 
Elt 2
 -2.2699544457e-03 -2.0241990881e-16 1.6653345369e-16 
 -2.0241990881e-16 7.5880590500e-03 -4.6483792949e-20 
 1.6675029413e-16 -4.6483792949e-20 -2.2699544457e-03
 
Elt 1
 -2.2914899705e-03 1.5781453345e-16 1.5373986806e-16 
 1.5781453345e-16 7.6959193097e-03 -8.5024969022e-17 
 1.5373986806e-16 -8.5024969022e-17 -2.2914899705e-03
 
Elt 2
 -2.2914899705e-03 -1.1401664411e-16 2.1293730668e-16 
 -1.1401664411e-16 7.6959193097e-03 -9.2793636304e-20 
 2.1293730668e-16 -9.2793636304e-20 -2.2914899705e-03
 
Elt 1
 -2.3153341166e-03 6.0634277966e-17 1.5807667675e-16 
 6.0634277966e-17 7.8037657815e-03 -6.7801279969e-17 
 1.5807667675e-16 -6.7801279969e-17 -2.3153341166e-03
 
Elt 2
 -2.3153341166e-03 2.0833936033e-17 1.6675029413e-16 
 2.0833936033e-17 7.8037657815e-03 1.5359851078e-20 
 1.6653345369e-16 1.5359851078e-20 -2.3153341166e-03
 
Elt 1
 -2.3420548616e-03 -8.8828737228e-17 3.5561831258e-17 
 -8.8828737228e-17 7.9115983015e-03 -9.2127143368e-17 
 3.5670251475e-17 -9.2127143368e-17 -2.3420548616e-03
 
Elt 2
 -2.3420548616e-03 8.1414501763e-18 -3.5344990823e-17 
 8.1414501763e-18 7.9115983015e-03 -1.0899776631e-16 
 -3.5399200932e-17 -1.0899776631e-16 -2.3420548616e-03
 
Elt 1
 -2.3719919683e-03 6.8094866891e-17 3.2742905609e-17 
 6.8094866891e-17 8.0194166243e-03 -5.9135842012e-17 
 3.2742905609e-17 -5.9135842012e-17 -2.3719919683e-03
 
Elt 2
 -2.3719919683e-03 1.7165824118e-16 1.6436504935e-16 
 1.7165824118e-16 8.0194166243e-03 1.3184208249e-16 
 1.6458188978e-16 1.3184208249e-16 -2.3719919683e-03
 
Elt 1
 -2.4052381063e-03 8.1678180777e-17 -5.2475385148e-17 
 8.1678180777e-17 8.1272204430e-03 -7.0025105913e-20 
 -5.2258544714e-17 -7.0025105913e-20 -2.4052381063e-03
 
Elt 2
 -2.4052381063e-03 1.4208930145e-17 -4.6403852982e-17 
 1.4208930145e-17 8.1272204430e-03 1.6339899170e-16 
 -4.6620693417e-17 1.6339899170e-16 -2.4052381063e-03
 
Elt 1
 -2.4416387443e-03 -4.6107997332e-17 -1.0820337681e-16 
 -4.6107997332e-17 8.2350094145e-03 -1.1578477887e-19 
 -1.0842021725e-16 -1.1578477887e-19 -2.4416387443e-03
 
Elt 2
 -2.4416387443e-03 2.1954202290e-17 -1.0581813203e-16 
 2.1954202290e-17 8.2350094145e-03 1.3937727235e-16 
 -1.0560129160e-16 1.3937727235e-16 -2.4416387443e-03
 
Elt 1
 -2.4808103148e-03 3.9825066997e-17 -2.2247828579e-16 
 3.9825066997e-17 8.3427831859e-03 4.5718896182e-20 
 -2.2269512623e-16 4.5718896182e-20 -2.4808103148e-03
 
Elt 2
 -2.4808103148e-03 1.1826109301e-16 -1.6349768761e-16 
 1.1826109301e-16 8.3427831859e-03 3.6675144435e-17 
 -1.6349768761e-16 3.6675144435e-17 -2.4808103148e-03
 
Elt 1
 -2.5221748132e-03 -2.9173656728e-17 -2.7365262834e-16 
 -2.9173656728e-17 8.4505414210e-03 6.4332698587e-17 
 -2.7386946877e-16 6.4332698587e-17 -2.5221748132e-03
 
Elt 2
 -2.5221748132e-03 1.9738583258e-17 -2.4980018054e-16 
 1.9738583258e-17 8.4505414210e-03 7.1508562612e-17 
 -2.5001702098e-16 7.1508562612e-17 -2.5221748132e-03
 
Elt 1
 -2.5650078255e-03 -8.6103289024e-17 -2.7712207529e-16 
 -8.6103289024e-17 8.5582838252e-03 6.9564579195e-17 
 -2.7733891572e-16 6.9564579195e-17 -2.5650078255e-03
 
Elt 2
 -2.5650078255e-03 -5.7250609836e-17 -1.8604909280e-16 
 -5.7250609836e-17 8.5582838252e-03 7.5092918812e-17 
 -1.8583225236e-16 7.5092918812e-17 -2.5650078255e-03
 
Elt 1
 -2.6084960641e-03 2.2348485750e-17 -2.7582103268e-16 
 2.2348485750e-17 8.6660101664e-03 9.8999398353e-17 
 -2.7582103268e-16 9.8999398353e-17 -2.6084960641e-03
 
Elt 2
 -2.6084960641e-03 4.7712664268e-17 -2.8709673527e-16 
 4.7712664268e-17 8.6660101664e-03 2.1240498773e-16 
 -2.8687989484e-16 2.1240498773e-16 -2.6084960641e-03
 
Elt 1
 -2.6517998976e-03 -5.9151316281e-17 -2.7582103268e-16 
 -5.9151316281e-17 8.7737202904e-03 9.5746085524e-17 
 -2.7582103268e-16 9.5746085524e-17 -2.6517998976e-03
 
Elt 2
 -2.6517998976e-03 -9.2134892981e-17 -3.7730235602e-16 
 -9.2134892981e-17 8.7737202904e-03 1.2687505915e-16 
 -3.7708551559e-16 1.2687505915e-16 -2.6517998976e-03
 
Elt 1
 -2.6941161135e-03 2.0055714486e-17 -2.1532255146e-16 
 2.0055714486e-17 8.8814141310e-03 1.1820059410e-16 
 -2.1510571102e-16 1.1820059410e-16 -2.6941161135e-03
 
Elt 2
 -2.6941161135e-03 -8.8126110031e-17 -1.9840899756e-16 
 -8.8126110031e-17 8.8814141310e-03 2.8524522932e-16 
 -1.9819215713e-16 2.8524522932e-16 -2.6941161135e-03
 
Elt 1
 -2.7347362701e-03 -1.8129165800e-16 -1.8951853975e-16 
 -1.8129165800e-16 8.9890917122e-03 1.3195781796e-16 
 -1.8951853975e-16 1.3195781796e-16 -2.7347362701e-03
 
Elt 2
 -2.7347362701e-03 -3.6523830301e-17 -2.2876665839e-16 
 -3.6523830301e-17 8.9890917122e-03 2.3015703709e-16 
 -2.2876665839e-16 2.3015703709e-16 -2.7347362701e-03
 
Elt 1
 -2.7730964461e-03 -5.1346817332e-18 -1.8756697584e-16 
 -5.1346817332e-18 9.0967531444e-03 1.0615522793e-16 
 -1.8756697584e-16 1.0615522793e-16 -2.7730964461e-03
 
Elt 2
 -2.7730964461e-03 -8.2021387698e-17 -1.1611805267e-16 
 -8.2021387698e-17 9.0967531444e-03 1.5468087464e-16 
 -1.1600963246e-16 1.5468087464e-16 -2.7730964461e-03
 
Elt 1
 -2.8088149511e-03 7.2968940433e-18 -1.0538445117e-16 
 7.2968940433e-18 9.2043986145e-03 1.1121843573e-16 
 -1.0538445117e-16 1.1121843573e-16 -2.8088149511e-03
 
Elt 2
 -2.8088149511e-03 -5.7938898871e-17 -1.5634195327e-16 
 -5.7938898871e-17 9.2043986145e-03 2.3033070314e-16 
 -1.5590827240e-16 2.3033070314e-16 -2.8088149511e-03
 
Elt 1
 -2.8417155419e-03 -1.4159053522e-16 1.0842021725e-19 
 -1.4159053522e-16 9.3120283698e-03 7.8314333610e-17 
 -6.9935931361e-31 7.8314333610e-17 -2.8417155419e-03
 
Elt 2
 -2.8417155419e-03 -1.7094269341e-16 -6.7423822602e-19 
 -1.7094269341e-16 9.3120283698e-03 7.2018477221e-17 
 -6.7423822602e-19 7.2018477221e-17 -2.8417155419e-03
 
Elt 1
 -2.8718348260e-03 -6.4517747439e-17 2.1412992907e-17 
 -6.4517747439e-17 9.4196426984e-03 8.6911308152e-17 
 2.1467203015e-17 8.6911308152e-17 -2.8718348260e-03
 
Elt 2
 -2.8718348260e-03 -2.3307946714e-16 6.2612675461e-17 
 -2.3307946714e-16 9.4196426984e-03 6.4927715562e-17 
 6.2666885570e-17 6.4927715562e-17 -2.8718348260e-03
 
Elt 1
 -2.8994137372e-03 -6.9356201476e-17 9.2374025096e-17 
 -6.9356201476e-17 9.5272419075e-03 9.2266931761e-17 
 9.2157184661e-17 9.2266931761e-17 -2.8994137372e-03
 
Elt 2
 -2.8994137372e-03 -2.3883986653e-16 1.3010426070e-16 
 -2.3883986653e-16 9.5272419075e-03 1.8841011002e-16 
 1.3021268092e-16 1.8841011002e-16 -2.8994137372e-03
 
Elt 1
 -2.9248741446e-03 -1.9475590818e-16 1.6696713456e-16 
 -1.9475590818e-16 9.6348263000e-03 8.3316891686e-17 
 1.6653345369e-16 8.3316891686e-17 -2.9248741446e-03
 
Elt 2
 -2.9248741446e-03 -1.9407256654e-17 9.9746599869e-17 
 -1.9407256654e-17 9.6348263000e-03 9.2645593153e-17 
 9.9963440303e-17 9.2645593153e-17 -2.9248741446e-03
 
Elt 1
 -2.9487827234e-03 -1.4832400672e-16 1.6089560240e-16 
 -1.4832400672e-16 9.7423961528e-03 8.0175741703e-17 
 1.6089560240e-16 8.0175741703e-17 -2.9487827234e-03
 
Elt 2
 -2.9487827234e-03 5.9348446958e-17 3.2222488566e-16 
 5.9348446958e-17 9.7423961528e-03 8.2363423800e-17 
 3.2200804523e-16 8.2363423800e-17 -2.9487827234e-03
 
Elt 1
 -2.9718051007e-03 -3.7727676496e-17 2.1662359406e-16 
 -3.7727676496e-17 9.8499516973e-03 8.1443350635e-17 
 2.1662359406e-16 8.1443350635e-17 -2.9718051007e-03
 
Elt 2
 -2.9718051007e-03 -1.5544203627e-16 2.7278526660e-16 
 -1.5544203627e-16 9.8499516973e-03 2.0243924066e-16 
 2.7278526660e-16 2.0243924066e-16 -2.9718051007e-03
 
Elt 1
 -2.9946539243e-03 -4.3105103936e-17 2.8709673527e-16 
 -4.3105103936e-17 9.9574931038e-03 -1.9258357642e-20 
 2.8709673527e-16 -1.9258357642e-20 -2.9946539243e-03
 
Elt 2
 -2.9946539243e-03 -3.1787944246e-16 2.2399616884e-16 
 -3.1787944246e-16 9.9574931038e-03 8.5507790200e-17 
 2.2399616884e-16 8.5507790200e-17 -2.9946539243e-03
 
Elt 1
 -3.0180348588e-03 1.1492350328e-16 2.6411164922e-16 
 1.1492350328e-16 1.0065020471e-02 -1.0708741722e-19 
 2.6411164922e-16 -1.0708741722e-19 -3.0180348588e-03
 
Elt 2
 -3.0180348588e-03 -2.8851310912e-17 3.3219954565e-16 
 -2.8851310912e-17 1.0065020471e-02 2.0889405076e-16 
 3.3176586478e-16 2.0889405076e-16 -3.0180348588e-03
 
Elt 1
 -3.0425945571e-03 -7.8456938086e-18 2.6237692574e-16 
 -7.8456938086e-18 1.0172533821e-02 1.4808125901e-19 
 2.6259376618e-16 1.4808125901e-19 -3.0425945571e-03
 
Elt 2
 -3.0425945571e-03 7.1515321527e-17 2.0773313625e-16 
 7.1515321527e-17 1.0172533821e-02 8.4755779029e-17 
 2.0773313625e-16 8.4755779029e-17 -3.0425945571e-03
 
Elt 1
 -3.0688744073e-03 -2.3522620127e-17 1.9689111452e-16 
 -2.3522620127e-17 1.0280033099e-02 1.0344083079e-19 
 1.9689111452e-16 1.0344083079e-19 -3.0688744073e-03
 
Elt 2
 -3.0688744073e-03 2.0815764719e-17 3.0531133177e-16 
 2.0815764719e-17 1.0280033099e-02 -5.9609988855e-17 
 3.0531133177e-16 -5.9609988855e-17 -3.0688744073e-03
 
Elt 1
 -3.0972733231e-03 7.4999201664e-17 1.9862583800e-16 
 7.4999201664e-17 1.0387518183e-02 1.1497488932e-19 
 1.9862583800e-16 1.1497488932e-19 -3.0972733231e-03
 
Elt 2
 -3.0972733231e-03 2.8858330218e-16 2.6736425573e-16 
 2.8858330218e-16 1.0387518183e-02 5.5161423174e-20 
 2.6736425573e-16 5.5161423174e-20 -3.0972733231e-03
 
Elt 1
 -3.1280220943e-03 -1.4198866004e-16 2.1033522146e-16 
 -1.4198866004e-16 1.0494988891e-02 -7.8139684968e-17 
 2.1033522146e-16 -7.8139684968e-17 -3.1280220943e-03
 
Elt 2
 -3.1280220943e-03 8.9265221734e-17 2.7820627746e-16 
 8.9265221734e-17 1.0494988891e-02 1.1830597689e-16 
 2.7777259659e-16 1.1830597689e-16 -3.1280220943e-03
 
Elt 1
 -3.1611708861e-03 -1.3141407881e-16 1.6197980457e-16 
 -1.3141407881e-16 1.0602444999e-02 -6.4453031601e-17 
 1.6219664500e-16 -6.4453031601e-17 -3.1611708861e-03
 
Elt 2
 -3.1611708861e-03 5.6683141181e-17 2.1445518972e-16 
 5.6683141181e-17 1.0602444999e-02 1.7322532475e-16 
 2.1445518972e-16 1.7322532475e-16 -3.1611708861e-03
 
Elt 1
 -3.1965904604e-03 1.5090502557e-16 7.8713077722e-17 
 1.5090502557e-16 1.0709886258e-02 -8.2175899653e-17 
 7.8713077722e-17 -8.2175899653e-17 -3.1965904604e-03
 
Elt 2
 -3.1965904604e-03 3.2571233196e-17 5.0306980803e-17 
 3.2571233196e-17 1.0709886258e-02 5.2578189756e-17 
 5.0523821238e-17 5.2578189756e-17 -3.1965904604e-03
 
Elt 1
 -3.2339866577e-03 9.5314840811e-17 1.8756697584e-17 
 9.5314840811e-17 1.0817312413e-02 -8.6939482253e-17 
 1.8756697584e-17 -8.6939482253e-17 -3.2339866577e-03
 
Elt 2
 -3.2339866577e-03 2.0577947273e-17 1.0755285551e-16 
 2.0577947273e-17 1.0817312413e-02 -9.1605182057e-17 
 1.0755285551e-16 -9.1605182057e-17 -3.2339866577e-03
 
Elt 1
 -3.2729267056e-03 9.6572628752e-17 -2.1684043450e-19 
 9.6572628752e-17 1.0924723225e-02 -1.0068552815e-16 
 2.1684043450e-19 -1.0068552815e-16 -3.2729267056e-03
 
Elt 2
 -3.2729267056e-03 9.4520932972e-17 5.3993268190e-17 
 9.4520932972e-17 1.0924723225e-02 -7.4294958662e-17 
 5.3993268190e-17 -7.4294958662e-17 -3.2729267056e-03
 
Elt 1
 -3.3128750819e-03 3.1461872394e-16 -1.4224732503e-16 
 3.1461872394e-16 1.1032118485e-02 -8.5368000441e-17 
 -1.4224732503e-16 -8.5368000441e-17 -3.3128750819e-03
 
Elt 2
 -3.3128750819e-03 1.1057486680e-16 -1.0625181290e-16 
 1.1057486680e-16 1.1032118485e-02 -1.4319211248e-16 
 -1.0668549377e-16 -1.4319211248e-16 -3.3128750819e-03
 
Elt 1
 -3.3532360108e-03 1.5842789315e-16 -1.5916087892e-16 
 1.5842789315e-16 1.1139498032e-02 -1.0990516693e-16 
 -1.5959455979e-16 -1.0990516693e-16 -3.3532360108e-03
 
Elt 2
 -3.3532360108e-03 8.2340997442e-17 -2.2291196666e-16 
 8.2340997442e-17 1.1139498032e-02 6.0871710488e-20 
 -2.2291196666e-16 6.0871710488e-20 -3.3532360108e-03
 
Elt 1
 -3.3933992615e-03 -9.5790550484e-17 -1.6393136848e-16 
 -9.5790550484e-17 1.1246861760e-02 -1.0772895921e-16 
 -1.6393136848e-16 -1.0772895921e-16 -3.3933992615e-03
 
Elt 2
 -3.3933992615e-03 6.0533316549e-17 -2.0816681712e-16 
 6.0533316549e-17 1.1246861760e-02 2.2303921168e-20 
 -2.0816681712e-16 2.2303921168e-20 -3.3933992615e-03
 
Elt 1
 -3.4327857627e-03 6.2802888750e-17 -2.7798943703e-16 
 6.2802888750e-17 1.1354209630e-02 -8.5345089560e-17 
 -2.7798943703e-16 -8.5345089560e-17 -3.4327857627e-03
 
Elt 2
 -3.4327857627e-03 7.2346714800e-17 -2.2269512623e-16 
 7.2346714800e-17 1.1354209630e-02 -9.4819952415e-17 
 -2.2269512623e-16 -9.4819952415e-17 -3.4327857627e-03
 
Elt 1
 -3.4708896583e-03 3.1850166829e-16 -2.5934115966e-16 
 3.1850166829e-16 1.1461541667e-02 -7.3317254156e-17 
 -2.5977484053e-16 -7.3317254156e-17 -3.4708896583e-03
 
Elt 2
 -3.4708896583e-03 1.7513915008e-16 -1.0148132334e-16 
 1.7513915008e-16 1.1461541667e-02 -8.8047986274e-17 
 -1.0126448291e-16 -8.8047986274e-17 -3.4708896583e-03
 
Elt 1
 -3.5073137849e-03 5.7003489232e-17 -2.1510571102e-16 
 5.7003489232e-17 1.1568857959e-02 -6.2920708285e-17 
 -2.1510571102e-16 -6.2920708285e-17 -3.5073137849e-03
 
Elt 2
 -3.5073137849e-03 8.8629746346e-17 -2.7300210703e-16 
 8.8629746346e-17 1.1568857959e-02 1.1735035000e-22 
 -2.7321894747e-16 1.1735035000e-22 -3.5073137849e-03
 
Elt 1
 -3.5417961239e-03 2.4598195905e-17 -2.6974950051e-16 
 2.4598195905e-17 1.1676158646e-02 -2.3544253318e-19 
 -2.6996634095e-16 -2.3544253318e-19 -3.5417961239e-03
 
Elt 2
 -3.5417961239e-03 9.8156407381e-18 -2.1467203015e-16 
 9.8156407381e-18 1.1676158646e-02 2.0898149030e-19 
 -2.1467203015e-16 2.0898149030e-19 -3.5417961239e-03
 
Elt 1
 -3.5742255152e-03 2.4089356129e-16 -2.3006770100e-16 
 2.4089356129e-16 1.1783443914e-02 -4.0441314673e-17 
 -2.2985086057e-16 -4.0441314673e-17 -3.5742255152e-03
 
Elt 2
 -3.5742255152e-03 -3.3865958292e-17 -2.1206994494e-16 
 -3.3865958292e-17 1.1783443914e-02 -1.7106832285e-19 
 -2.1185310450e-16 -1.7106832285e-19 -3.5742255152e-03
 
Elt 1
 -3.6046457628e-03 4.6160376860e-17 -2.0664893408e-16 
 4.6160376860e-17 1.1890713974e-02 -5.2268511168e-17 
 -2.0643209364e-16 -5.2268511168e-17 -3.6046457628e-03
 
Elt 2
 -3.6046457628e-03 -5.8809576560e-17 -1.4268100590e-16 
 -5.8809576560e-17 1.1890713974e-02 2.9815893142e-20 
 -1.4268100590e-16 2.9815893142e-20 -3.6046457628e-03
 
Elt 1
 -3.6332481432e-03 5.5007659762e-17 -1.0755285551e-16 
 5.5007659762e-17 1.1997969050e-02 1.8619173085e-19 
 -1.0776969595e-16 1.8619173085e-19 -3.6332481432e-03
 
Elt 2
 -3.6332481432e-03 -1.2251725548e-16 -1.4940305937e-16 
 -1.2251725548e-16 1.1997969050e-02 6.3334316749e-20 
 -1.4940305937e-16 6.3334316749e-20 -3.6332481432e-03
 
Elt 1
 -3.6603531872e-03 -8.5384298290e-17 -6.8304736867e-17 
 -8.5384298290e-17 1.2105209362e-02 -6.2366246745e-20 
 -6.8521577301e-17 -6.2366246745e-20 -3.6603531872e-03
 
Elt 2
 -3.6603531872e-03 -7.4655066770e-17 0.0000000000e+00 
 -7.4655066770e-17 1.2105209362e-02 0.0000000000e+00 
 0.0000000000e+00 0.0000000000e+00 -3.6603531872e-03
 
Elt 1
 -3.6863833759e-03 4.6127763201e-17 0.0000000000e+00 
 4.6127763201e-17 1.2212435108e-02 0.0000000000e+00 
 0.0000000000e+00 0.0000000000e+00 -3.6863833759e-03
 
Elt 2
 -3.6863833759e-03 -1.6024830754e-17 0.0000000000e+00 
 -1.6024830754e-17 1.2212435108e-02 0.0000000000e+00 
 0.0000000000e+00 0.0000000000e+00 -3.6863833759e-03
 
Elt 1
 -3.7118290190e-03 -5.4867922960e-17 4.5753331679e-17 
 -5.4867922960e-17 1.2319646451e-02 3.6379377024e-20 
 4.5536491244e-17 3.6379377024e-20 -3.7118290190e-03
 
Elt 2
 -3.7118290190e-03 3.0056829533e-16 2.0209528495e-16 
 3.0056829533e-16 1.2319646451e-02 9.8149945607e-20 
 2.0209528495e-16 9.8149945607e-20 -3.7118290190e-03
 
Elt 1
 -3.7372100292e-03 -1.5696043316e-16 5.2258544714e-17 
 -1.5696043316e-16 1.2426843512e-02 6.0888927435e-17 
 5.2475385148e-17 6.0888927435e-17 -3.7372100292e-03
 
Elt 2
 -3.7372100292e-03 -1.3932252294e-16 1.5482407023e-16 
 -1.3932252294e-16 1.2426843512e-02 8.1942998547e-17 
 1.5439038936e-16 8.1942998547e-17 -3.7372100292e-03
 
Elt 1
 -3.7630365385e-03 5.6802065843e-17 1.4549993155e-16 
 5.6802065843e-17 1.2534026355e-02 3.3278085726e-17 
